# number of size bins = 715
# 0:size [cm], masses (1:Al2O3, 2:Fe, 3:Fe3O4, 4:MgSiO3, 5:Mg2SiO4, 6:AC, 7:SiO2) [g]
1.000000e-08	2.413892e-59	4.979047e-59	3.225036e-59	2.004224e-59	2.092460e-59	3.314070e+04	1.670187e-59
3.000000e-08	6.517509e-58	1.344343e-57	8.707597e-58	1.565976e+27	1.799674e+26	8.781368e+04	1.905282e+26
5.000000e-08	3.017365e-57	6.223809e-57	4.031295e-57	1.363366e+29	5.327909e+27	2.104145e-14	9.775397e+27
7.000000e-08	8.279651e-57	1.707813e-56	1.273997e+27	9.476517e+29	2.026692e+12	6.137798e-41	6.557065e+28
9.000000e-08	1.759728e-56	3.629725e-56	1.395414e+29	3.104579e+30	1.044233e-01	1.010810e-56	2.533618e+29
1.100000e-07	3.212891e-56	6.627111e-56	1.170005e+30	6.688629e+30	4.903194e-19	1.845525e-56	6.274133e+29
1.300000e-07	5.303322e-56	1.093897e-55	4.040615e+30	1.171200e+31	2.495857e-39	2.719772e-02	1.287009e+30
1.500000e-07	8.146887e-56	1.680428e-55	1.008388e+31	1.650525e+31	7.062053e-56	1.096405e+07	2.205029e+30
1.700000e-07	1.185945e-55	2.446206e-55	2.013263e+31	2.196496e+31	1.028026e-55	3.267559e+11	3.506764e+30
1.900000e-07	1.655689e-55	3.415128e-55	3.536558e+31	2.516345e+31	4.126452e+30	2.662872e+14	4.986444e+30
2.100000e-07	2.235506e-55	4.611095e-55	4.868148e+31	2.736154e+31	5.440144e+30	3.951020e+16	6.743272e+30
2.300000e-07	2.936983e-55	6.058006e-55	6.861626e+31	2.936334e+31	4.086874e+30	1.536816e+18	8.562544e+30
2.500000e-07	3.771707e-55	7.779761e-55	8.029895e+31	1.577330e+31	3.090318e+30	3.040973e+19	1.026470e+31
2.700000e-07	4.751264e-55	9.800258e-55	9.232355e+31	1.720153e+31	2.166053e+30	3.887149e+20	1.306809e+31
2.900000e-07	5.887242e-55	1.214340e-54	9.854312e+31	1.456517e+31	6.813287e+29	2.793617e+21	1.439884e+31
3.100000e-07	7.191227e-55	1.483308e-54	1.069589e+32	1.221418e+31	5.029317e+29	1.762896e+22	1.552379e+31
3.300000e-07	8.674805e-55	1.789320e-54	1.023908e+32	9.976460e+30	2.749741e+29	8.025511e+22	1.778875e+31
3.500000e-07	8.192667e+29	2.134766e-54	1.045499e+32	5.257842e+30	9.266989e+28	3.055025e+23	1.865190e+31
3.700000e-07	2.652245e+28	2.522037e-54	9.926931e+31	4.472839e+30	4.375926e+28	1.005697e+24	2.083065e+31
3.900000e-07	8.021731e+23	2.953521e-54	9.150056e+31	3.143808e+30	1.500476e+28	2.962608e+24	2.110385e+31
4.100000e-07	1.615544e+17	3.431609e-54	9.161072e+31	1.790731e+30	5.201228e+27	7.309225e+24	2.239398e+31
4.300000e-07	2.101325e+07	3.958691e-54	8.112240e+31	1.201510e+30	1.224429e+27	1.732704e+25	2.194334e+31
4.500000e-07	1.034767e-07	4.537156e-54	3.853985e+31	7.187748e+29	3.131694e+26	3.933205e+25	2.073089e+31
4.700000e-07	1.150124e-24	5.169396e-54	3.600851e+31	3.512370e+29	7.072653e+25	8.007242e+25	1.169815e+31
4.900000e-07	2.839920e-54	5.857799e-54	2.775670e+31	2.048549e+29	8.887906e+24	1.597992e+26	1.239894e+31
5.100000e-07	3.202052e-54	6.604755e-54	2.350558e+31	9.710419e+28	1.226721e+24	2.802215e+26	1.154956e+31
5.300000e-07	3.593731e-54	7.412656e-54	1.835911e+31	4.958666e+28	1.293323e+23	5.252240e+26	1.062984e+31
5.500000e-07	4.016113e-54	8.283889e-54	1.397374e+31	1.958173e+28	1.181506e+22	8.314229e+26	9.970119e+30
5.700000e-07	4.470360e-54	9.220846e-54	1.185719e+31	8.196878e+27	5.938846e+20	1.358304e+27	9.183856e+30
5.900000e-07	4.957628e-54	1.022592e-53	7.144622e+30	3.382970e+27	2.732257e+19	2.333777e+27	8.475508e+30
6.100000e-07	5.479077e-54	1.130149e-53	4.936528e+30	1.056358e+27	6.473212e+17	3.376777e+27	7.777680e+30
6.300000e-07	6.035865e-54	1.244996e-53	3.474708e+30	3.346742e+26	1.227826e+16	4.794139e+27	7.058047e+30
6.500000e-07	6.629152e-54	1.367371e-53	2.396968e+30	9.828218e+25	1.177912e+14	7.542308e+27	6.505940e+30
6.700000e-07	7.260095e-54	1.497513e-53	1.631816e+30	2.497462e+25	5.177638e+11	1.054080e+28	5.903763e+30
6.900000e-07	7.929854e-54	1.635662e-53	1.157969e+30	5.398972e+24	1.252474e+09	1.451656e+28	5.355688e+30
7.100000e-07	8.639586e-54	1.782056e-53	5.114287e+29	1.025009e+24	1.180353e+06	2.079469e+28	3.528205e+30
7.300000e-07	9.390452e-54	1.936934e-53	4.009002e+29	1.811888e+23	4.679897e+02	2.661873e+28	3.078106e+30
7.500000e-07	1.018361e-53	2.100535e-53	2.435955e+29	2.316866e+22	9.576506e-02	3.512466e+28	2.456152e+30
7.700000e-07	1.102022e-53	2.273099e-53	1.455619e+29	3.062251e+21	2.351897e-06	4.961726e+28	2.108531e+30
7.900000e-07	1.190143e-53	2.454864e-53	6.819416e+28	2.779716e+20	1.527699e-11	6.093989e+28	1.750128e+30
8.100000e-07	1.282841e-53	2.646070e-53	4.383956e+28	2.130473e+19	2.703668e-17	7.674538e+28	1.493288e+30
8.300000e-07	1.380232e-53	2.846954e-53	2.367879e+28	1.200567e+18	7.761491e-24	9.568068e+28	1.283597e+30
8.500000e-07	1.482432e-53	3.057757e-53	1.065575e+28	5.337342e+16	4.402190e-32	1.181499e+29	1.014868e+30
8.700000e-07	1.589555e-53	3.278717e-53	5.997347e+27	1.832356e+15	1.162592e-40	1.445706e+29	9.250957e+29
8.900000e-07	1.701719e-53	3.510074e-53	2.818814e+27	3.696067e+13	1.475120e-53	1.753686e+29	6.169033e+29
9.100000e-07	1.819039e-53	3.752065e-53	1.158691e+27	5.987174e+11	1.576817e-53	2.109714e+29	4.724119e+29
9.300000e-07	1.941631e-53	4.004931e-53	5.585005e+26	5.687071e+09	1.683085e-53	2.668871e+29	3.720408e+29
9.500000e-07	2.069611e-53	4.268910e-53	2.322701e+26	3.282681e+07	1.794023e-53	3.118966e+29	3.105905e+29
9.700000e-07	2.203094e-53	4.544242e-53	9.668398e+25	1.046786e+05	1.909732e-53	3.642660e+29	2.411256e+29
9.900000e-07	2.342197e-53	4.831164e-53	3.444899e+25	1.677737e+02	2.030312e-53	4.226715e+29	1.966690e+29
1.010000e-06	2.487036e-53	5.129917e-53	1.316724e+25	1.484069e-01	2.155864e-53	4.873988e+29	1.607200e+29
1.030000e-06	2.637725e-53	5.440739e-53	4.076005e+24	4.026379e-05	2.286488e-53	5.586973e+29	1.305299e+29
1.050000e-06	2.794382e-53	5.763869e-53	1.437471e+24	6.689550e-09	2.422284e-53	6.367767e+29	8.248008e+28
1.070000e-06	2.957122e-53	6.099547e-53	3.721697e+23	2.341225e-13	2.563354e-53	7.218017e+29	7.443012e+28
1.090000e-06	3.126061e-53	6.448010e-53	1.114036e+23	2.699133e-18	2.709797e-53	8.138896e+29	5.673627e+28
1.110000e-06	3.301314e-53	6.809499e-53	3.097329e+22	9.497933e-24	2.861713e-53	9.131063e+29	4.643399e+28
1.130000e-06	3.482998e-53	7.184252e-53	7.029424e+21	8.010860e-30	3.019205e-53	1.019465e+30	3.619258e+28
1.150000e-06	3.671229e-53	7.572508e-53	1.570002e+21	1.820825e-36	3.182370e-53	1.132926e+30	2.781740e+28
1.170000e-06	3.866121e-53	7.974506e-53	3.072485e+20	3.209991e-53	3.351311e-53	1.253394e+30	2.213395e+28
1.190000e-06	4.067792e-53	8.390486e-53	5.780022e+19	3.377436e-53	3.526128e-53	1.380719e+30	1.291757e+28
1.210000e-06	4.276358e-53	8.820685e-53	9.066284e+18	3.550605e-53	3.706921e-53	1.514700e+30	1.015839e+28
1.230000e-06	4.491933e-53	9.265344e-53	1.318200e+18	3.729594e-53	3.893790e-53	1.655081e+30	7.196071e+27
1.250000e-06	4.714634e-53	9.724701e-53	1.678693e+17	3.914500e-53	4.086836e-53	1.801560e+30	4.946040e+27
1.270000e-06	4.944576e-53	1.019900e-52	2.098440e+16	4.105418e-53	4.286160e-53	1.953789e+30	3.451589e+27
1.290000e-06	5.181876e-53	1.068847e-52	1.789779e+15	4.302445e-53	4.491861e-53	2.111376e+30	1.864805e+27
1.310000e-06	5.426650e-53	1.119335e-52	1.428277e+14	4.505678e-53	4.704041e-53	2.273889e+30	1.369004e+27
1.330000e-06	5.679012e-53	1.171389e-52	1.136234e+13	4.715211e-53	4.922799e-53	2.440866e+30	8.955769e+26
1.350000e-06	5.939080e-53	1.225032e-52	6.375545e+11	4.931142e-53	5.148237e-53	2.611811e+30	5.713131e+26
1.370000e-06	6.206969e-53	1.280289e-52	3.204528e+10	5.153567e-53	5.380454e-53	2.786205e+30	2.992394e+26
1.390000e-06	6.482795e-53	1.337182e-52	1.007913e+09	5.382582e-53	5.619551e-53	2.963508e+30	2.070354e+26
1.410000e-06	6.766674e-53	1.395737e-52	3.643609e+07	5.618283e-53	5.865628e-53	3.301527e+30	1.289791e+26
1.430000e-06	7.058721e-53	1.455976e-52	7.696671e+05	5.860766e-53	6.118787e-53	3.326740e+30	6.826629e+25
1.450000e-06	7.359053e-53	1.517925e-52	1.346292e+04	6.110127e-53	6.379127e-53	3.509171e+30	4.117484e+25
1.470000e-06	7.667785e-53	1.581606e-52	1.854607e+02	6.366463e-53	6.646748e-53	3.692227e+30	2.396558e+25
1.490000e-06	7.985033e-53	1.647043e-52	1.618706e+00	6.629871e-53	6.921752e-53	3.875341e+30	1.243681e+25
1.510000e-06	8.310913e-53	1.714261e-52	1.222823e-02	6.900445e-53	7.204238e-53	4.057952e+30	7.234119e+24
1.530000e-06	8.645541e-53	1.783284e-52	4.968409e-05	7.178282e-53	7.494307e-53	4.239514e+30	3.922762e+24
1.550000e-06	8.989033e-53	1.854135e-52	1.495563e-07	7.463479e-53	7.792060e-53	4.419493e+30	1.821409e+24
1.570000e-06	9.341505e-53	1.926838e-52	2.664889e-10	7.756132e-53	8.097597e-53	4.597375e+30	1.016748e+24
1.590000e-06	9.703072e-53	2.001417e-52	2.399510e-13	8.056337e-53	8.411018e-53	4.772665e+30	4.775413e+23
1.610000e-06	1.007385e-52	2.077896e-52	1.722042e-16	8.364190e-53	8.732424e-53	4.944893e+30	2.561970e+23
1.630000e-06	1.045396e-52	2.156299e-52	6.393563e-20	8.679787e-53	9.061916e-53	5.113615e+30	1.124088e+23
1.650000e-06	1.084351e-52	2.236650e-52	1.050992e-23	9.003224e-53	9.399593e-53	5.278414e+30	5.387337e+22
1.670000e-06	1.124261e-52	2.318973e-52	6.664906e-28	9.334599e-53	9.745556e-53	5.438900e+30	2.345810e+22
1.690000e-06	1.165140e-52	2.403291e-52	2.645865e-32	9.674006e-53	1.009991e-52	5.594717e+30	1.060417e+22
1.710000e-06	1.206997e-52	2.489629e-52	3.321110e-37	1.002154e-52	1.046274e-52	5.745533e+30	4.428064e+21
1.730000e-06	1.249845e-52	2.578010e-52	1.533238e-42	1.037730e-52	1.083417e-52	5.891054e+30	1.876224e+21
1.750000e-06	1.293695e-52	2.668458e-52	1.728418e-52	1.074139e-52	1.121428e-52	6.031013e+30	7.071663e+20
1.770000e-06	1.338560e-52	2.760998e-52	1.788358e-52	1.111389e-52	1.160318e-52	6.165173e+30	2.761114e+20
1.790000e-06	1.384449e-52	2.855652e-52	1.849667e-52	1.149490e-52	1.200097e-52	6.293334e+30	1.095131e+20
1.810000e-06	1.431376e-52	2.952446e-52	1.912363e-52	1.188453e-52	1.240775e-52	6.415318e+30	3.659738e+19
1.830000e-06	1.479351e-52	3.051402e-52	1.976459e-52	1.228286e-52	1.282362e-52	6.530982e+30	1.294306e+19
1.850000e-06	1.528386e-52	3.152546e-52	2.041972e-52	1.268999e-52	1.324867e-52	6.640209e+30	4.311486e+18
1.870000e-06	1.578493e-52	3.255900e-52	2.108916e-52	1.310603e-52	1.368302e-52	6.742911e+30	1.467550e+18
1.890000e-06	1.629684e-52	3.361488e-52	2.177308e-52	1.353105e-52	1.412676e-52	6.839025e+30	4.174061e+17
1.910000e-06	1.681969e-52	3.469336e-52	2.247163e-52	1.396517e-52	1.457999e-52	6.928514e+30	1.205627e+17
1.930000e-06	1.735361e-52	3.579465e-52	2.318497e-52	1.440848e-52	1.504282e-52	7.011362e+30	3.382048e+16
1.950000e-06	1.789871e-52	3.691901e-52	2.391324e-52	1.486107e-52	1.551533e-52	7.087582e+30	9.403368e+15
1.970000e-06	1.845511e-52	3.806667e-52	2.465660e-52	1.532304e-52	1.599764e-52	7.157200e+30	2.310164e+15
1.990000e-06	1.902292e-52	3.923787e-52	2.541521e-52	1.579449e-52	1.648984e-52	7.220268e+30	5.637862e+14
2.010000e-06	1.960226e-52	4.043285e-52	2.618923e-52	1.627550e-52	1.699203e-52	7.276851e+30	1.273919e+14
2.030000e-06	2.019324e-52	4.165185e-52	2.697880e-52	1.676619e-52	1.750432e-52	7.327032e+30	3.006482e+13
2.050000e-06	2.079598e-52	4.289511e-52	2.778409e-52	1.726664e-52	1.802681e-52	7.370913e+30	6.317980e+12
2.070000e-06	2.141060e-52	4.416287e-52	2.860524e-52	1.777695e-52	1.855958e-52	7.408603e+30	1.249108e+12
2.090000e-06	2.203722e-52	4.545536e-52	2.944241e-52	1.829722e-52	1.910276e-52	7.440228e+30	2.316121e+11
2.110000e-06	2.267594e-52	4.677282e-52	3.029576e-52	1.882754e-52	1.965643e-52	7.465924e+30	4.435916e+10
2.130000e-06	2.332688e-52	4.811550e-52	3.116545e-52	1.936801e-52	2.022069e-52	7.485836e+30	8.002590e+09
2.150000e-06	2.399017e-52	4.948364e-52	3.205162e-52	1.991873e-52	2.079565e-52	7.500118e+30	1.358949e+09
2.170000e-06	2.466591e-52	5.087746e-52	3.295443e-52	2.047979e-52	2.138141e-52	7.508931e+30	2.473520e+08
2.190000e-06	2.535422e-52	5.229721e-52	3.387403e-52	2.105128e-52	2.197807e-52	7.512440e+30	4.401360e+07
2.210000e-06	2.605522e-52	5.374314e-52	3.481059e-52	2.163331e-52	2.258572e-52	7.510821e+30	6.575331e+06
2.230000e-06	2.676902e-52	5.521547e-52	3.576425e-52	2.222598e-52	2.320448e-52	7.504250e+30	1.206891e+06
2.250000e-06	2.749574e-52	5.671446e-52	3.673517e-52	2.282936e-52	2.383443e-52	7.492902e+30	2.236740e+05
2.270000e-06	2.823550e-52	5.824032e-52	3.772351e-52	2.344357e-52	2.447568e-52	7.476962e+30	4.181523e+04
2.290000e-06	2.898841e-52	5.979332e-52	3.872942e-52	2.406870e-52	2.512833e-52	7.456612e+30	8.216170e+03
2.310000e-06	2.975458e-52	6.137368e-52	3.975305e-52	2.470485e-52	2.579248e-52	7.432036e+30	1.722209e+03
2.330000e-06	3.053414e-52	6.298164e-52	4.079456e-52	2.535210e-52	2.646823e-52	7.403419e+30	4.030563e+02
2.350000e-06	3.132719e-52	6.461745e-52	4.185411e-52	2.601057e-52	2.715569e-52	7.370940e+30	9.559236e+01
2.370000e-06	3.213386e-52	6.628134e-52	4.293185e-52	2.668034e-52	2.785494e-52	7.334786e+30	2.296494e+01
2.390000e-06	3.295426e-52	6.797354e-52	4.402793e-52	2.736150e-52	2.856610e-52	7.295131e+30	6.054478e+00
2.410000e-06	3.378851e-52	6.969431e-52	4.514251e-52	2.805417e-52	2.928926e-52	7.252157e+30	1.643578e+00
2.430000e-06	3.463672e-52	7.144388e-52	4.627574e-52	2.875842e-52	3.002452e-52	6.598684e+30	3.932765e-01
2.450000e-06	3.549900e-52	7.322249e-52	4.742778e-52	2.947437e-52	3.077198e-52	6.836746e+30	9.382432e-02
2.470000e-06	3.637548e-52	7.503037e-52	4.859878e-52	3.020210e-52	3.153175e-52	6.768231e+30	2.090240e-02
2.490000e-06	3.726627e-52	7.686777e-52	4.978891e-52	3.094171e-52	3.230392e-52	6.697415e+30	4.377614e-03
2.510000e-06	3.817149e-52	7.873492e-52	5.099830e-52	3.169330e-52	3.308860e-52	6.624486e+30	8.066989e-04
2.530000e-06	3.909124e-52	8.063206e-52	5.222712e-52	3.245696e-52	3.388588e-52	6.549615e+30	1.374413e-04
2.550000e-06	4.002565e-52	8.255944e-52	5.347553e-52	3.323279e-52	3.469587e-52	6.790625e+30	1.865577e-05
2.570000e-06	4.097484e-52	8.451729e-52	5.474367e-52	3.402089e-52	3.551866e-52	6.383324e+30	2.636680e-06
2.590000e-06	4.193892e-52	8.650586e-52	5.603170e-52	3.482134e-52	3.635436e-52	6.303714e+30	2.586031e-07
2.610000e-06	4.291799e-52	8.852537e-52	5.733979e-52	3.563426e-52	3.720307e-52	6.222817e+30	2.639016e-08
2.630000e-06	4.391219e-52	9.057607e-52	5.866807e-52	3.645973e-52	3.806488e-52	6.140779e+30	1.944853e-09
2.650000e-06	4.492163e-52	9.265820e-52	6.001671e-52	3.729786e-52	3.893990e-52	6.057740e+30	1.501144e-10
2.670000e-06	4.594642e-52	9.477199e-52	6.138586e-52	3.814873e-52	3.982823e-52	5.973832e+30	8.452836e-12
2.690000e-06	4.698668e-52	9.691769e-52	6.277567e-52	3.901244e-52	4.072997e-52	5.889185e+30	4.607847e-13
2.710000e-06	4.804252e-52	9.909554e-52	6.418631e-52	3.988909e-52	4.164521e-52	5.803921e+30	2.160841e-14
2.730000e-06	4.911406e-52	1.013058e-51	6.561792e-52	4.077878e-52	4.257407e-52	5.718154e+30	8.115185e-16
2.750000e-06	5.020142e-52	1.035486e-51	6.707067e-52	4.168159e-52	4.351663e-52	5.631998e+30	2.612692e-17
2.770000e-06	5.130471e-52	1.058243e-51	6.854470e-52	4.259764e-52	4.447301e-52	5.545556e+30	7.126658e-19
2.790000e-06	5.242404e-52	1.081331e-51	7.004016e-52	4.352701e-52	4.544330e-52	5.458927e+30	1.845483e-20
2.810000e-06	5.355954e-52	1.104753e-51	7.155723e-52	4.446980e-52	4.642759e-52	5.372208e+30	3.424895e-22
2.830000e-06	5.471132e-52	1.128510e-51	7.309604e-52	4.542611e-52	4.742600e-52	5.285488e+30	5.587149e-24
2.850000e-06	5.587950e-52	1.152606e-51	7.465676e-52	4.639603e-52	4.843862e-52	5.198849e+30	8.287176e-26
2.870000e-06	5.706418e-52	1.177042e-51	7.623953e-52	4.737966e-52	4.946556e-52	5.112372e+30	1.001456e-27
2.890000e-06	5.826549e-52	1.201821e-51	7.784452e-52	4.837709e-52	5.050690e-52	5.026133e+30	8.456956e-30
2.910000e-06	5.948355e-52	1.226945e-51	7.947188e-52	4.938843e-52	5.156276e-52	4.940200e+30	6.189563e-32
2.930000e-06	6.071846e-52	1.252417e-51	8.112177e-52	5.041376e-52	5.263324e-52	4.854641e+30	4.124941e-34
2.950000e-06	6.197035e-52	1.278240e-51	8.279433e-52	5.145319e-52	5.371842e-52	4.769519e+30	1.846509e-36
2.970000e-06	6.323933e-52	1.304414e-51	8.448972e-52	5.250681e-52	5.481843e-52	4.325296e+30	6.951443e-39
2.990000e-06	6.452551e-52	1.330944e-51	8.620811e-52	5.357471e-52	5.593334e-52	4.415233e+30	2.391297e-41
3.010000e-06	6.582902e-52	1.357831e-51	8.794963e-52	5.465699e-52	5.706328e-52	4.321781e+30	4.554749e-52
3.030000e-06	6.714996e-52	1.385078e-51	8.971446e-52	5.575376e-52	5.820832e-52	4.229457e+30	4.646146e-52
3.050000e-06	6.848846e-52	1.412686e-51	9.150273e-52	5.686509e-52	5.936859e-52	4.138294e+30	4.738758e-52
3.070000e-06	6.984463e-52	1.440659e-51	9.331462e-52	5.799110e-52	6.054417e-52	4.048324e+30	4.832592e-52
3.090000e-06	7.121858e-52	1.469000e-51	9.515026e-52	5.913188e-52	6.173517e-52	3.959578e+30	4.927657e-52
3.110000e-06	7.261044e-52	1.497709e-51	9.700982e-52	6.028752e-52	6.294169e-52	3.872078e+30	5.023960e-52
3.130000e-06	7.402031e-52	1.526790e-51	9.889346e-52	6.145812e-52	6.416382e-52	3.785846e+30	5.121510e-52
3.150000e-06	7.544832e-52	1.556245e-51	1.008013e-51	6.264377e-52	6.540167e-52	3.700900e+30	5.220314e-52
3.170000e-06	7.689457e-52	1.586076e-51	1.027336e-51	6.384458e-52	6.665535e-52	3.617258e+30	5.320382e-52
3.190000e-06	7.835919e-52	1.616286e-51	1.046903e-51	6.506063e-52	6.792494e-52	3.534931e+30	5.421720e-52
3.210000e-06	7.984229e-52	1.646878e-51	1.066718e-51	6.629203e-52	6.921055e-52	3.453930e+30	5.524336e-52
3.230000e-06	8.134399e-52	1.677853e-51	1.086781e-51	6.753887e-52	7.051228e-52	3.374263e+30	5.628239e-52
3.250000e-06	8.286440e-52	1.709213e-51	1.107094e-51	6.880125e-52	7.183024e-52	3.295938e+30	5.733437e-52
3.270000e-06	8.440364e-52	1.740963e-51	1.127659e-51	7.007926e-52	7.316451e-52	3.218957e+30	5.839938e-52
3.290000e-06	8.596182e-52	1.773103e-51	1.148477e-51	7.137300e-52	7.451521e-52	3.143322e+30	5.947750e-52
3.310000e-06	8.753906e-52	1.805636e-51	1.169549e-51	7.268256e-52	7.588242e-52	3.069035e+30	6.056880e-52
3.330000e-06	8.913548e-52	1.838565e-51	1.190878e-51	7.400805e-52	7.726626e-52	2.996093e+30	6.167337e-52
3.350000e-06	9.075119e-52	1.871891e-51	1.212464e-51	7.534955e-52	7.866683e-52	2.924494e+30	6.279129e-52
3.370000e-06	9.238631e-52	1.905618e-51	1.234310e-51	7.670717e-52	8.008421e-52	2.854233e+30	6.392264e-52
3.390000e-06	9.404095e-52	1.939748e-51	1.256417e-51	7.808100e-52	8.151852e-52	2.785305e+30	6.506750e-52
3.410000e-06	9.571523e-52	1.974283e-51	1.278785e-51	7.947113e-52	8.296986e-52	2.717701e+30	6.622594e-52
3.430000e-06	9.740926e-52	2.009225e-51	1.301418e-51	8.087767e-52	8.443832e-52	2.493473e+30	6.739805e-52
3.450000e-06	9.912317e-52	2.044577e-51	1.324317e-51	8.230070e-52	8.592400e-52	2.494372e+30	6.858392e-52
3.470000e-06	1.008571e-51	2.080342e-51	1.347482e-51	8.374033e-52	8.742701e-52	2.425319e+30	6.978361e-52
3.490000e-06	1.026111e-51	2.116521e-51	1.370916e-51	8.519665e-52	8.894745e-52	2.357907e+30	7.099721e-52
3.510000e-06	1.043853e-51	2.153117e-51	1.394620e-51	8.666976e-52	9.048541e-52	2.292109e+30	7.222480e-52
3.530000e-06	1.061798e-51	2.190132e-51	1.418596e-51	8.815975e-52	9.204100e-52	2.227902e+30	7.346646e-52
3.550000e-06	1.079948e-51	2.227570e-51	1.442845e-51	8.966672e-52	9.361432e-52	2.165259e+30	7.472227e-52
3.570000e-06	1.098304e-51	2.265431e-51	1.467368e-51	9.119077e-52	9.520546e-52	2.104156e+30	7.599231e-52
3.590000e-06	1.116866e-51	2.303719e-51	1.492169e-51	9.273199e-52	9.681453e-52	2.044564e+30	7.727666e-52
3.610000e-06	1.135637e-51	2.342436e-51	1.517247e-51	9.429048e-52	9.844163e-52	1.986459e+30	7.857540e-52
3.630000e-06	1.154617e-51	2.381585e-51	1.542604e-51	9.586633e-52	1.000869e-51	1.929813e+30	7.988861e-52
3.650000e-06	1.173806e-51	2.421167e-51	1.568242e-51	9.745965e-52	1.017503e-51	1.874599e+30	8.121637e-52
3.670000e-06	1.193208e-51	2.461186e-51	1.594163e-51	9.907052e-52	1.034321e-51	1.820791e+30	8.255877e-52
3.690000e-06	1.212822e-51	2.501643e-51	1.620368e-51	1.006990e-51	1.051323e-51	1.768361e+30	8.391587e-52
3.710000e-06	1.232650e-51	2.542541e-51	1.646858e-51	1.023453e-51	1.068511e-51	1.717284e+30	8.528776e-52
3.730000e-06	1.252692e-51	2.583882e-51	1.673636e-51	1.040094e-51	1.085885e-51	1.667530e+30	8.667453e-52
3.750000e-06	1.272951e-51	2.625669e-51	1.700702e-51	1.056915e-51	1.103446e-51	1.619076e+30	8.807625e-52
3.770000e-06	1.293427e-51	2.667904e-51	1.728059e-51	1.073916e-51	1.121195e-51	1.571892e+30	8.949300e-52
3.790000e-06	1.314122e-51	2.710590e-51	1.755708e-51	1.091098e-51	1.139134e-51	1.525954e+30	9.092486e-52
3.810000e-06	1.335036e-51	2.753729e-51	1.783649e-51	1.108463e-51	1.157263e-51	1.481233e+30	9.237191e-52
3.830000e-06	1.356170e-51	2.797322e-51	1.811886e-51	1.126011e-51	1.175584e-51	1.437705e+30	9.383424e-52
3.850000e-06	1.377527e-51	2.841374e-51	1.840419e-51	1.143743e-51	1.194096e-51	1.384176e+30	9.531191e-52
3.870000e-06	1.399107e-51	2.885886e-51	1.869250e-51	1.161660e-51	1.212803e-51	1.307457e+30	9.680502e-52
3.890000e-06	1.420910e-51	2.930860e-51	1.898381e-51	1.179764e-51	1.231703e-51	1.264734e+30	9.831365e-52
3.910000e-06	1.442940e-51	2.976299e-51	1.927813e-51	1.198054e-51	1.250799e-51	1.223314e+30	9.983786e-52
3.930000e-06	1.465195e-51	3.022205e-51	1.957547e-51	1.216533e-51	1.270091e-51	1.183162e+30	1.013778e-51
3.950000e-06	1.487679e-51	3.068580e-51	1.987586e-51	1.235201e-51	1.289581e-51	1.144243e+30	1.029334e-51
3.970000e-06	1.510391e-51	3.115428e-51	2.017930e-51	1.254058e-51	1.309269e-51	1.106523e+30	1.045049e-51
3.990000e-06	1.533333e-51	3.162750e-51	2.048581e-51	1.273107e-51	1.329156e-51	1.069970e+30	1.060923e-51
4.010000e-06	1.556507e-51	3.210549e-51	2.079542e-51	1.292348e-51	1.349243e-51	1.034552e+30	1.076956e-51
4.030000e-06	1.579913e-51	3.258827e-51	2.110813e-51	1.311781e-51	1.369533e-51	1.000237e+30	1.093151e-51
4.050000e-06	1.603552e-51	3.307587e-51	2.142395e-51	1.331408e-51	1.390024e-51	9.669940e+29	1.109507e-51
4.070000e-06	1.627426e-51	3.356831e-51	2.174292e-51	1.351231e-51	1.410719e-51	9.347931e+29	1.126026e-51
4.090000e-06	1.651535e-51	3.406561e-51	2.206503e-51	1.371249e-51	1.431618e-51	9.036050e+29	1.142707e-51
4.110000e-06	1.675882e-51	3.456780e-51	2.239030e-51	1.391463e-51	1.452723e-51	8.734003e+29	1.159553e-51
4.130000e-06	1.700466e-51	3.507489e-51	2.271876e-51	1.411875e-51	1.474034e-51	8.441514e+29	1.176563e-51
4.150000e-06	1.725290e-51	3.558693e-51	2.305042e-51	1.432486e-51	1.495552e-51	8.158306e+29	1.193739e-51
4.170000e-06	1.750355e-51	3.610392e-51	2.338529e-51	1.453297e-51	1.517279e-51	7.884108e+29	1.211081e-51
4.190000e-06	1.775661e-51	3.662590e-51	2.372338e-51	1.474308e-51	1.539215e-51	7.618659e+29	1.228590e-51
4.210000e-06	1.801209e-51	3.715288e-51	2.406472e-51	1.495521e-51	1.561362e-51	7.361704e+29	1.246268e-51
4.230000e-06	1.827002e-51	3.768490e-51	2.440932e-51	1.516936e-51	1.583720e-51	7.112992e+29	1.264114e-51
4.250000e-06	1.853040e-51	3.822196e-51	2.475719e-51	1.538555e-51	1.606290e-51	6.355933e+29	1.282129e-51
4.270000e-06	1.879323e-51	3.876411e-51	2.510835e-51	1.560378e-51	1.629074e-51	6.430686e+29	1.300315e-51
4.290000e-06	1.905855e-51	3.931136e-51	2.546282e-51	1.582407e-51	1.652072e-51	6.192796e+29	1.318672e-51
4.310000e-06	1.932634e-51	3.986374e-51	2.582060e-51	1.604642e-51	1.675286e-51	5.963375e+29	1.337201e-51
4.330000e-06	1.959664e-51	4.042127e-51	2.618172e-51	1.627084e-51	1.698716e-51	5.742137e+29	1.355903e-51
4.350000e-06	1.986944e-51	4.098397e-51	2.654620e-51	1.649734e-51	1.722364e-51	5.528810e+29	1.374779e-51
4.370000e-06	2.014477e-51	4.155187e-51	2.691404e-51	1.672594e-51	1.746230e-51	5.323123e+29	1.393828e-51
4.390000e-06	2.042262e-51	4.212499e-51	2.728526e-51	1.695664e-51	1.770316e-51	5.124819e+29	1.413053e-51
4.410000e-06	2.070302e-51	4.270335e-51	2.765988e-51	1.718945e-51	1.794622e-51	4.933647e+29	1.432454e-51
4.430000e-06	2.098597e-51	4.328699e-51	2.803792e-51	1.742438e-51	1.819149e-51	4.749363e+29	1.452032e-51
4.450000e-06	2.127149e-51	4.387592e-51	2.841938e-51	1.766145e-51	1.843899e-51	4.571732e+29	1.471787e-51
4.470000e-06	2.155959e-51	4.447017e-51	2.880429e-51	1.790065e-51	1.868873e-51	4.400525e+29	1.491721e-51
4.490000e-06	2.185028e-51	4.506976e-51	2.919265e-51	1.814200e-51	1.894071e-51	4.235521e+29	1.511834e-51
4.510000e-06	2.214356e-51	4.567471e-51	2.958450e-51	1.838552e-51	1.919494e-51	4.076507e+29	1.532127e-51
4.530000e-06	2.243947e-51	4.628506e-51	2.997983e-51	1.863120e-51	1.945144e-51	3.923275e+29	1.552600e-51
4.550000e-06	2.273799e-51	4.690082e-51	3.037867e-51	1.887906e-51	1.971022e-51	3.775623e+29	1.573255e-51
4.570000e-06	2.303915e-51	4.752201e-51	3.078103e-51	1.912911e-51	1.997128e-51	3.633360e+29	1.594093e-51
4.590000e-06	2.334296e-51	4.814867e-51	3.118693e-51	1.938136e-51	2.023463e-51	3.496295e+29	1.615114e-51
4.610000e-06	2.364943e-51	4.878081e-51	3.159638e-51	1.963582e-51	2.050029e-51	3.271914e+29	1.636318e-51
4.630000e-06	2.395857e-51	4.941846e-51	3.200940e-51	1.989249e-51	2.076826e-51	3.133781e+29	1.657708e-51
4.650000e-06	2.427039e-51	5.006164e-51	3.242600e-51	2.015139e-51	2.103856e-51	3.005690e+29	1.679283e-51
4.670000e-06	2.458491e-51	5.071038e-51	3.284620e-51	2.041253e-51	2.131120e-51	2.882709e+29	1.701044e-51
4.690000e-06	2.490213e-51	5.136470e-51	3.327002e-51	2.067592e-51	2.158618e-51	2.764643e+29	1.722993e-51
4.710000e-06	2.522206e-51	5.202462e-51	3.369747e-51	2.094156e-51	2.186351e-51	2.651301e+29	1.745130e-51
4.730000e-06	2.554473e-51	5.269017e-51	3.412856e-51	2.120946e-51	2.214321e-51	2.542500e+29	1.767455e-51
4.750000e-06	2.587014e-51	5.336138e-51	3.456331e-51	2.147964e-51	2.242529e-51	2.438064e+29	1.789970e-51
4.770000e-06	2.619830e-51	5.403826e-51	3.500174e-51	2.175211e-51	2.270975e-51	2.337823e+29	1.812676e-51
4.790000e-06	2.652922e-51	5.472084e-51	3.544387e-51	2.202687e-51	2.299661e-51	2.241614e+29	1.835572e-51
4.810000e-06	2.686291e-51	5.540914e-51	3.588970e-51	2.230393e-51	2.328587e-51	2.149279e+29	1.858661e-51
4.830000e-06	2.719940e-51	5.610320e-51	3.633925e-51	2.258331e-51	2.357755e-51	2.060667e+29	1.881943e-51
4.850000e-06	2.753868e-51	5.680302e-51	3.679254e-51	2.286501e-51	2.387165e-51	1.975632e+29	1.905418e-51
4.870000e-06	2.788077e-51	5.750864e-51	3.724958e-51	2.314905e-51	2.416819e-51	1.894034e+29	1.929087e-51
4.890000e-06	2.822568e-51	5.822008e-51	3.771040e-51	2.343542e-51	2.446717e-51	1.815738e+29	1.952952e-51
4.910000e-06	2.857343e-51	5.893736e-51	3.817500e-51	2.372415e-51	2.476861e-51	1.740613e+29	1.977013e-51
4.930000e-06	2.892402e-51	5.966051e-51	3.864340e-51	2.401524e-51	2.507252e-51	1.574490e+29	2.001270e-51
4.950000e-06	2.927747e-51	6.038955e-51	3.911561e-51	2.430871e-51	2.537890e-51	1.559025e+29	2.025726e-51
4.970000e-06	2.963378e-51	6.112451e-51	3.959166e-51	2.460455e-51	2.568777e-51	1.489677e+29	2.050379e-51
4.990000e-06	2.999297e-51	6.186540e-51	4.007155e-51	2.490278e-51	2.599913e-51	1.423365e+29	2.075232e-51
5.010000e-06	3.035506e-51	6.261226e-51	4.055531e-51	2.520342e-51	2.631300e-51	1.359958e+29	2.100285e-51
5.030000e-06	3.072005e-51	6.336511e-51	4.104294e-51	2.550646e-51	2.662939e-51	1.299331e+29	2.125538e-51
5.050000e-06	3.108795e-51	6.412396e-51	4.153447e-51	2.581192e-51	2.694830e-51	1.241365e+29	2.150994e-51
5.070000e-06	3.145877e-51	6.488885e-51	4.202991e-51	2.611982e-51	2.726975e-51	1.185946e+29	2.176651e-51
5.090000e-06	3.183254e-51	6.565980e-51	4.252927e-51	2.643015e-51	2.759374e-51	1.132964e+29	2.202512e-51
5.110000e-06	3.220925e-51	6.643683e-51	4.303257e-51	2.674293e-51	2.792029e-51	1.082313e+29	2.228577e-51
5.130000e-06	3.258892e-51	6.721997e-51	4.353982e-51	2.705816e-51	2.824940e-51	1.033894e+29	2.254847e-51
5.150000e-06	3.297157e-51	6.800924e-51	4.405105e-51	2.737587e-51	2.858110e-51	9.876100e+28	2.281323e-51
5.170000e-06	3.335720e-51	6.880466e-51	4.456626e-51	2.769605e-51	2.891538e-51	9.433684e+28	2.308004e-51
5.190000e-06	3.374582e-51	6.960626e-51	4.508547e-51	2.801872e-51	2.925225e-51	9.010807e+28	2.334893e-51
5.210000e-06	3.413745e-51	7.041406e-51	4.560870e-51	2.834389e-51	2.959173e-51	8.606623e+28	2.361991e-51
5.230000e-06	3.453210e-51	7.122809e-51	4.613596e-51	2.867156e-51	2.993383e-51	8.220321e+28	2.389297e-51
5.250000e-06	3.492978e-51	7.204836e-51	4.666728e-51	2.900175e-51	3.027855e-51	7.333200e+28	2.416812e-51
5.270000e-06	3.533050e-51	7.287492e-51	4.720265e-51	2.933446e-51	3.062591e-51	7.313269e+28	2.444538e-51
5.290000e-06	3.573427e-51	7.370776e-51	4.774210e-51	2.966971e-51	3.097592e-51	6.962575e+28	2.472476e-51
5.310000e-06	3.614111e-51	7.454693e-51	4.828565e-51	3.000750e-51	3.132858e-51	6.628514e+28	2.500625e-51
5.330000e-06	3.655102e-51	7.539245e-51	4.883331e-51	3.034785e-51	3.168391e-51	6.310305e+28	2.528987e-51
5.350000e-06	3.696402e-51	7.624433e-51	4.938509e-51	3.069076e-51	3.204192e-51	6.007206e+28	2.557563e-51
5.370000e-06	3.738013e-51	7.710261e-51	4.994102e-51	3.103624e-51	3.240262e-51	5.718511e+28	2.586353e-51
5.390000e-06	3.779934e-51	7.796730e-51	5.050110e-51	3.138431e-51	3.276601e-51	5.443545e+28	2.615359e-51
5.410000e-06	3.822167e-51	7.883844e-51	5.106535e-51	3.173497e-51	3.313210e-51	5.181662e+28	2.644581e-51
5.430000e-06	3.864714e-51	7.971604e-51	5.163379e-51	3.208823e-51	3.350092e-51	4.932249e+28	2.674019e-51
5.450000e-06	3.907576e-51	8.060013e-51	5.220644e-51	3.244410e-51	3.387246e-51	4.694720e+28	2.703675e-51
5.470000e-06	3.950753e-51	8.149073e-51	5.278330e-51	3.280260e-51	3.424674e-51	4.468516e+28	2.733550e-51
5.490000e-06	3.994247e-51	8.238787e-51	5.336439e-51	3.316372e-51	3.462376e-51	4.253102e+28	2.763644e-51
5.510000e-06	4.038059e-51	8.329156e-51	5.394974e-51	3.352749e-51	3.500354e-51	4.047972e+28	2.793958e-51
5.530000e-06	4.082191e-51	8.420185e-51	5.453935e-51	3.389391e-51	3.538609e-51	3.835733e+28	2.824492e-51
5.550000e-06	4.126643e-51	8.511874e-51	5.513324e-51	3.426298e-51	3.577142e-51	3.577561e+28	2.855249e-51
5.570000e-06	4.171416e-51	8.604226e-51	5.573142e-51	3.463473e-51	3.615953e-51	3.394152e+28	2.886228e-51
5.590000e-06	4.216512e-51	8.697244e-51	5.633392e-51	3.500916e-51	3.655044e-51	3.220071e+28	2.917430e-51
5.610000e-06	4.261932e-51	8.790930e-51	5.694074e-51	3.538627e-51	3.694416e-51	3.054848e+28	2.948856e-51
5.630000e-06	4.307677e-51	8.885286e-51	5.755191e-51	3.576609e-51	3.734069e-51	2.898039e+28	2.980507e-51
5.650000e-06	4.353748e-51	8.980315e-51	5.816743e-51	3.614861e-51	3.774006e-51	2.749216e+28	3.012384e-51
5.670000e-06	4.400146e-51	9.076019e-51	5.878733e-51	3.653385e-51	3.814226e-51	2.607979e+28	3.044487e-51
5.690000e-06	4.446873e-51	9.172401e-51	5.941161e-51	3.692182e-51	3.854730e-51	2.473944e+28	3.076818e-51
5.710000e-06	4.493929e-51	9.269462e-51	6.004030e-51	3.731252e-51	3.895521e-51	2.346747e+28	3.109377e-51
5.730000e-06	4.541316e-51	9.367206e-51	6.067341e-51	3.770597e-51	3.936598e-51	2.226043e+28	3.142164e-51
5.750000e-06	4.589036e-51	9.465635e-51	6.131095e-51	3.810218e-51	3.977963e-51	2.111503e+28	3.175181e-51
5.770000e-06	4.637088e-51	9.564751e-51	6.195295e-51	3.850115e-51	4.019617e-51	2.002814e+28	3.208429e-51
5.790000e-06	4.685475e-51	9.664556e-51	6.259941e-51	3.890290e-51	4.061560e-51	1.899681e+28	3.241908e-51
5.810000e-06	4.734197e-51	9.765053e-51	6.325035e-51	3.930743e-51	4.103795e-51	1.697140e+28	3.275619e-51
5.830000e-06	4.783255e-51	9.866245e-51	6.390579e-51	3.971476e-51	4.146321e-51	1.673573e+28	3.309563e-51
5.850000e-06	4.832652e-51	9.968133e-51	6.456574e-51	4.012489e-51	4.189139e-51	1.582363e+28	3.343741e-51
5.870000e-06	4.882387e-51	1.007072e-50	6.523022e-51	4.053783e-51	4.232252e-51	1.496095e+28	3.378153e-51
5.890000e-06	4.932462e-51	1.017401e-50	6.589924e-51	4.095360e-51	4.275659e-51	1.414504e+28	3.412800e-51
5.910000e-06	4.982879e-51	1.027800e-50	6.657282e-51	4.137221e-51	4.319362e-51	1.337338e+28	3.447684e-51
5.930000e-06	5.033638e-51	1.038270e-50	6.725098e-51	4.179365e-51	4.363362e-51	1.264359e+28	3.482804e-51
5.950000e-06	5.084741e-51	1.048811e-50	6.793373e-51	4.221795e-51	4.407660e-51	1.195342e+28	3.518163e-51
5.970000e-06	5.136188e-51	1.059423e-50	6.862108e-51	4.264511e-51	4.452257e-51	1.130072e+28	3.553759e-51
5.990000e-06	5.187981e-51	1.070106e-50	6.931305e-51	4.307514e-51	4.497153e-51	1.068347e+28	3.589595e-51
6.010000e-06	5.240121e-51	1.080860e-50	7.000966e-51	4.350805e-51	4.542350e-51	1.009976e+28	3.625671e-51
6.030000e-06	5.292609e-51	1.091687e-50	7.071092e-51	4.394386e-51	4.587849e-51	9.547783e+27	3.661988e-51
6.050000e-06	5.345447e-51	1.102586e-50	7.141685e-51	4.438256e-51	4.633651e-51	9.025821e+27	3.698547e-51
6.070000e-06	5.398635e-51	1.113557e-50	7.212746e-51	4.482418e-51	4.679757e-51	8.428527e+27	3.735348e-51
6.090000e-06	5.452175e-51	1.124600e-50	7.284276e-51	4.526871e-51	4.726167e-51	7.880398e+27	3.772393e-51
6.110000e-06	5.506067e-51	1.135716e-50	7.356279e-51	4.571617e-51	4.772884e-51	7.426112e+27	3.809681e-51
6.130000e-06	5.560314e-51	1.146906e-50	7.428754e-51	4.616658e-51	4.819907e-51	6.997909e+27	3.847215e-51
6.150000e-06	5.614916e-51	1.158168e-50	7.501703e-51	4.661993e-51	4.867238e-51	6.594299e+27	3.884994e-51
6.170000e-06	5.669874e-51	1.169504e-50	7.575129e-51	4.707624e-51	4.914878e-51	6.213875e+27	3.923020e-51
6.190000e-06	5.725189e-51	1.180914e-50	7.649032e-51	4.753551e-51	4.962827e-51	5.855312e+27	3.961293e-51
6.210000e-06	5.780863e-51	1.192397e-50	7.723414e-51	4.799777e-51	5.011088e-51	5.517361e+27	3.999814e-51
6.230000e-06	5.836897e-51	1.203955e-50	7.798277e-51	4.846301e-51	5.059660e-51	5.198842e+27	4.038584e-51
6.250000e-06	5.893292e-51	1.215588e-50	7.873623e-51	4.893125e-51	5.108545e-51	4.898642e+27	4.077604e-51
6.270000e-06	5.950049e-51	1.227295e-50	7.949452e-51	4.940249e-51	5.157745e-51	4.615714e+27	4.116874e-51
6.290000e-06	6.007169e-51	1.239077e-50	8.025766e-51	4.987675e-51	5.207259e-51	4.349067e+27	4.156396e-51
6.310000e-06	6.064653e-51	1.250934e-50	8.102567e-51	5.035404e-51	5.257088e-51	3.868787e+27	4.196170e-51
6.330000e-06	6.122503e-51	1.262866e-50	8.179856e-51	5.083436e-51	5.307235e-51	3.792161e+27	4.236197e-51
6.350000e-06	6.180720e-51	1.274874e-50	8.257636e-51	5.131773e-51	5.357700e-51	3.561882e+27	4.276477e-51
6.370000e-06	6.239305e-51	1.286958e-50	8.335907e-51	5.180415e-51	5.408483e-51	3.345547e+27	4.317012e-51
6.390000e-06	6.298258e-51	1.299119e-50	8.414671e-51	5.229363e-51	5.459587e-51	3.142314e+27	4.357803e-51
6.410000e-06	6.357582e-51	1.311355e-50	8.493929e-51	5.278619e-51	5.511011e-51	2.951391e+27	4.398849e-51
6.430000e-06	6.417277e-51	1.323668e-50	8.573684e-51	5.328183e-51	5.562757e-51	2.772038e+27	4.440153e-51
6.450000e-06	6.477345e-51	1.336058e-50	8.653936e-51	5.378057e-51	5.614827e-51	2.603553e+27	4.481714e-51
6.470000e-06	6.537787e-51	1.348525e-50	8.734688e-51	5.428241e-51	5.667220e-51	2.445281e+27	4.523534e-51
6.490000e-06	6.598603e-51	1.361070e-50	8.815940e-51	5.478736e-51	5.719938e-51	2.296606e+27	4.565613e-51
6.510000e-06	6.659795e-51	1.373691e-50	8.897695e-51	5.529543e-51	5.772982e-51	2.156947e+27	4.607952e-51
6.530000e-06	6.721364e-51	1.386391e-50	8.979953e-51	5.580663e-51	5.826352e-51	2.025759e+27	4.650552e-51
6.550000e-06	6.783312e-51	1.399169e-50	9.062717e-51	5.632097e-51	5.880051e-51	1.872210e+27	4.693414e-51
6.570000e-06	6.845639e-51	1.412025e-50	9.145988e-51	5.683847e-51	5.934079e-51	1.748092e+27	4.736539e-51
6.590000e-06	6.908347e-51	1.424959e-50	9.229768e-51	5.735912e-51	5.988437e-51	1.636647e+27	4.779927e-51
6.610000e-06	6.971437e-51	1.437973e-50	9.314058e-51	5.788295e-51	6.043125e-51	1.532292e+27	4.823579e-51
6.630000e-06	7.034909e-51	1.451065e-50	9.398859e-51	5.840995e-51	6.098146e-51	1.434578e+27	4.867496e-51
6.650000e-06	7.098766e-51	1.464236e-50	9.484173e-51	5.894014e-51	6.153499e-51	1.343084e+27	4.911679e-51
6.670000e-06	7.163007e-51	1.477487e-50	9.570002e-51	5.947353e-51	6.209187e-51	1.257413e+27	4.956128e-51
6.690000e-06	7.227636e-51	1.490818e-50	9.656348e-51	6.001013e-51	6.265209e-51	1.177197e+27	5.000845e-51
6.710000e-06	7.292651e-51	1.504228e-50	9.743211e-51	6.054995e-51	6.321567e-51	1.102089e+27	5.045829e-51
6.730000e-06	7.358056e-51	1.517719e-50	9.830593e-51	6.109300e-51	6.378263e-51	1.031765e+27	5.091083e-51
6.750000e-06	7.423851e-51	1.531290e-50	9.918497e-51	6.163928e-51	6.435296e-51	9.659199e+26	5.136607e-51
6.770000e-06	7.490036e-51	1.544942e-50	1.000692e-50	6.218881e-51	6.492668e-51	8.460644e+26	5.182401e-51
6.790000e-06	7.556614e-51	1.558675e-50	1.009587e-50	6.274160e-51	6.550381e-51	8.320527e+26	5.228466e-51
6.810000e-06	7.623585e-51	1.572489e-50	1.018535e-50	6.329765e-51	6.608434e-51	7.765310e+26	5.274804e-51
6.830000e-06	7.690950e-51	1.586384e-50	1.027535e-50	6.385698e-51	6.666829e-51	7.247094e+26	5.321415e-51
6.850000e-06	7.758712e-51	1.600361e-50	1.036588e-50	6.441959e-51	6.725567e-51	6.763415e+26	5.368299e-51
6.870000e-06	7.826870e-51	1.614420e-50	1.045694e-50	6.498550e-51	6.784650e-51	6.311975e+26	5.415458e-51
6.890000e-06	7.895426e-51	1.628560e-50	1.054854e-50	6.555471e-51	6.844077e-51	5.890630e+26	5.462893e-51
6.910000e-06	7.964381e-51	1.642784e-50	1.064066e-50	6.612724e-51	6.903850e-51	5.497377e+26	5.510603e-51
6.930000e-06	8.033737e-51	1.657089e-50	1.073332e-50	6.670309e-51	6.963970e-51	5.130345e+26	5.558591e-51
6.950000e-06	8.103494e-51	1.671478e-50	1.082652e-50	6.728227e-51	7.024439e-51	4.787789e+26	5.606856e-51
6.970000e-06	8.173654e-51	1.685949e-50	1.092026e-50	6.786480e-51	7.085256e-51	4.431932e+26	5.655400e-51
6.990000e-06	8.244217e-51	1.700504e-50	1.101453e-50	6.845068e-51	7.146423e-51	4.091477e+26	5.704223e-51
7.010000e-06	8.315186e-51	1.715143e-50	1.110935e-50	6.903992e-51	7.207942e-51	3.806463e+26	5.753327e-51
7.030000e-06	8.386560e-51	1.729865e-50	1.120471e-50	6.963254e-51	7.269812e-51	3.541287e+26	5.802711e-51
7.050000e-06	8.458342e-51	1.744671e-50	1.130061e-50	7.022853e-51	7.332036e-51	3.294569e+26	5.852378e-51
7.070000e-06	8.530532e-51	1.759562e-50	1.139706e-50	7.082792e-51	7.394613e-51	3.065026e+26	5.902327e-51
7.090000e-06	8.603132e-51	1.774536e-50	1.149405e-50	7.143071e-51	7.457546e-51	2.851463e+26	5.952559e-51
7.110000e-06	8.676143e-51	1.789596e-50	1.159160e-50	7.203691e-51	7.520834e-51	2.652771e+26	6.003075e-51
7.130000e-06	8.749566e-51	1.804741e-50	1.168969e-50	7.264652e-51	7.584480e-51	2.467913e+26	6.053877e-51
7.150000e-06	8.823401e-51	1.819970e-50	1.178834e-50	7.325957e-51	7.648484e-51	2.295927e+26	6.104964e-51
7.170000e-06	8.897651e-51	1.835286e-50	1.188754e-50	7.387606e-51	7.712846e-51	2.014864e+26	6.156338e-51
7.190000e-06	8.972316e-51	1.850687e-50	1.198730e-50	7.449599e-51	7.777569e-51	1.958901e+26	6.207999e-51
7.210000e-06	9.047398e-51	1.866173e-50	1.208761e-50	7.511939e-51	7.842653e-51	1.816763e+26	6.259949e-51
7.230000e-06	9.122897e-51	1.881746e-50	1.218848e-50	7.574625e-51	7.908099e-51	1.684935e+26	6.312188e-51
7.250000e-06	9.198816e-51	1.897406e-50	1.228991e-50	7.637659e-51	7.973908e-51	1.562668e+26	6.364716e-51
7.270000e-06	9.275154e-51	1.913152e-50	1.239190e-50	7.701042e-51	8.040081e-51	1.449270e+26	6.417535e-51
7.290000e-06	9.351914e-51	1.928985e-50	1.249445e-50	7.764774e-51	8.106620e-51	1.344097e+26	6.470645e-51
7.310000e-06	9.429095e-51	1.944905e-50	1.259757e-50	7.828857e-51	8.173524e-51	1.246554e+26	6.524048e-51
7.330000e-06	9.506701e-51	1.960912e-50	1.270125e-50	7.893292e-51	8.240795e-51	1.156088e+26	6.577743e-51
7.350000e-06	9.584731e-51	1.977007e-50	1.280550e-50	7.958079e-51	8.308435e-51	1.070696e+26	6.631733e-51
7.370000e-06	9.663187e-51	1.993190e-50	1.291032e-50	8.023220e-51	8.376444e-51	9.783951e+25	6.686017e-51
7.390000e-06	9.742069e-51	2.009461e-50	1.301571e-50	8.088715e-51	8.444822e-51	9.045990e+25	6.740596e-51
7.410000e-06	9.821380e-51	2.025820e-50	1.312167e-50	8.154566e-51	8.513572e-51	8.363682e+25	6.795472e-51
7.430000e-06	9.901120e-51	2.042268e-50	1.322821e-50	8.220774e-51	8.582694e-51	7.732833e+25	6.850645e-51
7.450000e-06	9.981291e-51	2.058804e-50	1.333532e-50	8.287338e-51	8.652190e-51	7.149562e+25	6.906115e-51
7.470000e-06	1.006189e-50	2.075430e-50	1.344300e-50	8.354261e-51	8.722059e-51	6.610281e+25	6.961884e-51
7.490000e-06	1.014293e-50	2.092144e-50	1.355127e-50	8.421544e-51	8.792303e-51	6.111673e+25	7.017953e-51
7.510000e-06	1.022440e-50	2.108949e-50	1.366011e-50	8.489186e-51	8.862924e-51	5.650675e+25	7.074322e-51
7.530000e-06	1.030630e-50	2.125843e-50	1.376954e-50	8.557190e-51	8.933922e-51	5.221002e+25	7.130992e-51
7.550000e-06	1.038864e-50	2.142827e-50	1.387955e-50	8.625556e-51	9.005297e-51	4.756408e+25	7.187963e-51
7.570000e-06	1.047142e-50	2.159901e-50	1.399014e-50	8.694285e-51	9.077053e-51	4.384153e+25	7.245238e-51
7.590000e-06	1.055464e-50	2.177066e-50	1.410132e-50	8.763379e-51	9.149188e-51	4.041036e+25	7.302815e-51
7.610000e-06	1.063829e-50	2.194321e-50	1.421309e-50	8.832837e-51	9.221704e-51	3.724774e+25	7.360697e-51
7.630000e-06	1.072239e-50	2.211667e-50	1.432545e-50	8.902661e-51	9.294603e-51	3.433268e+25	7.418885e-51
7.650000e-06	1.080693e-50	2.229105e-50	1.443839e-50	8.972853e-51	9.367884e-51	3.164579e+25	7.477377e-51
7.670000e-06	1.089191e-50	2.246634e-50	1.455193e-50	9.043412e-51	9.441550e-51	2.916921e+25	7.536177e-51
7.690000e-06	1.097734e-50	2.264254e-50	1.466606e-50	9.114341e-51	9.515601e-51	2.688648e+25	7.595284e-51
7.710000e-06	1.106321e-50	2.281967e-50	1.478079e-50	9.185639e-51	9.590038e-51	2.348005e+25	7.654699e-51
7.730000e-06	1.114953e-50	2.299772e-50	1.489612e-50	9.257308e-51	9.664863e-51	2.258678e+25	7.714424e-51
7.750000e-06	1.123629e-50	2.317669e-50	1.501204e-50	9.329349e-51	9.740075e-51	2.075553e+25	7.774458e-51
7.770000e-06	1.132351e-50	2.335658e-50	1.512856e-50	9.401763e-51	9.815677e-51	1.907280e+25	7.834803e-51
7.790000e-06	1.141117e-50	2.353741e-50	1.524568e-50	9.474551e-51	9.891669e-51	1.752653e+25	7.895459e-51
7.810000e-06	1.149929e-50	2.371916e-50	1.536341e-50	9.547713e-51	9.968052e-51	1.610566e+25	7.956427e-51
7.830000e-06	1.158786e-50	2.390185e-50	1.548174e-50	9.621251e-51	1.004483e-50	1.480003e+25	8.017709e-51
7.850000e-06	1.167688e-50	2.408547e-50	1.560068e-50	9.695165e-51	1.012200e-50	1.360027e+25	8.079304e-51
7.870000e-06	1.176636e-50	2.427004e-50	1.572022e-50	9.769457e-51	1.019956e-50	1.249026e+25	8.141214e-51
7.890000e-06	1.185629e-50	2.445554e-50	1.584038e-50	9.844128e-51	1.027752e-50	1.132181e+25	8.203440e-51
7.910000e-06	1.194668e-50	2.464198e-50	1.596114e-50	9.919178e-51	1.035587e-50	1.037230e+25	8.265982e-51
7.930000e-06	1.203753e-50	2.482937e-50	1.608252e-50	9.994609e-51	1.043462e-50	9.502464e+24	8.328841e-51
7.950000e-06	1.212884e-50	2.501771e-50	1.620451e-50	1.007042e-50	1.051377e-50	8.705605e+24	8.392018e-51
7.970000e-06	1.222061e-50	2.520700e-50	1.632712e-50	1.014662e-50	1.059332e-50	7.975603e+24	8.455513e-51
7.990000e-06	1.231284e-50	2.539724e-50	1.645034e-50	1.022319e-50	1.067327e-50	7.306844e+24	8.519328e-51
8.010000e-06	1.240553e-50	2.558844e-50	1.657418e-50	1.030016e-50	1.075362e-50	6.694190e+24	8.583463e-51
8.030000e-06	1.249869e-50	2.578059e-50	1.669864e-50	1.037750e-50	1.083437e-50	5.836371e+24	8.647919e-51
8.050000e-06	1.259231e-50	2.597370e-50	1.682373e-50	1.045524e-50	1.091553e-50	5.568476e+24	8.712698e-51
8.070000e-06	1.268640e-50	2.616778e-50	1.694943e-50	1.053336e-50	1.099709e-50	5.086065e+24	8.777798e-51
8.090000e-06	1.278096e-50	2.636281e-50	1.707576e-50	1.061187e-50	1.107906e-50	4.645472e+24	8.843223e-51
8.110000e-06	1.287598e-50	2.655882e-50	1.720272e-50	1.069077e-50	1.116143e-50	4.243069e+24	8.908971e-51
8.130000e-06	1.297148e-50	2.675579e-50	1.733030e-50	1.077005e-50	1.124421e-50	3.875544e+24	8.975045e-51
8.150000e-06	1.306745e-50	2.695374e-50	1.745852e-50	1.084973e-50	1.132739e-50	3.539872e+24	9.041445e-51
8.170000e-06	1.316388e-50	2.715266e-50	1.758736e-50	1.092981e-50	1.141099e-50	3.233293e+24	9.108171e-51
8.190000e-06	1.326080e-50	2.735256e-50	1.771684e-50	1.101027e-50	1.149500e-50	2.939368e+24	9.175225e-51
8.210000e-06	1.335818e-50	2.755343e-50	1.784695e-50	1.109113e-50	1.157942e-50	2.659172e+24	9.242607e-51
8.230000e-06	1.345604e-50	2.775529e-50	1.797770e-50	1.117238e-50	1.166425e-50	2.421505e+24	9.310318e-51
8.250000e-06	1.355438e-50	2.795813e-50	1.810908e-50	1.125403e-50	1.174949e-50	2.205095e+24	9.378359e-51
8.270000e-06	1.365320e-50	2.816195e-50	1.824110e-50	1.133608e-50	1.183515e-50	2.008039e+24	9.446731e-51
8.290000e-06	1.375249e-50	2.836676e-50	1.837376e-50	1.141852e-50	1.192122e-50	1.828604e+24	9.515434e-51
8.310000e-06	1.385227e-50	2.857257e-50	1.850707e-50	1.150136e-50	1.200771e-50	1.665216e+24	9.584469e-51
8.330000e-06	1.395253e-50	2.877937e-50	1.864101e-50	1.158461e-50	1.209462e-50	1.444190e+24	9.653838e-51
8.350000e-06	1.405327e-50	2.898716e-50	1.877561e-50	1.166825e-50	1.218195e-50	1.370532e+24	9.723540e-51
8.370000e-06	1.415449e-50	2.919595e-50	1.891084e-50	1.175229e-50	1.226969e-50	1.244297e+24	9.793578e-51
8.390000e-06	1.425620e-50	2.940574e-50	1.904673e-50	1.183674e-50	1.235785e-50	1.129698e+24	9.863950e-51
8.410000e-06	1.435839e-50	2.961653e-50	1.918327e-50	1.192159e-50	1.244644e-50	1.025662e+24	9.934659e-51
8.430000e-06	1.446108e-50	2.982833e-50	1.932045e-50	1.200685e-50	1.253545e-50	9.752872e+23	1.000571e-50
8.450000e-06	1.456425e-50	3.004114e-50	1.945829e-50	1.209251e-50	1.262488e-50	8.410978e+23	1.007709e-50
8.470000e-06	1.466791e-50	3.025495e-50	1.959678e-50	1.217858e-50	1.271474e-50	7.636589e+23	1.014881e-50
8.490000e-06	1.477206e-50	3.046978e-50	1.973593e-50	1.226505e-50	1.280502e-50	6.528761e+23	1.022087e-50
8.510000e-06	1.487670e-50	3.068562e-50	1.987574e-50	1.235193e-50	1.289573e-50	6.233982e+23	1.029328e-50
8.530000e-06	1.498183e-50	3.090248e-50	2.001620e-50	1.243923e-50	1.298686e-50	5.642950e+23	1.036602e-50
8.550000e-06	1.508746e-50	3.112036e-50	2.015732e-50	1.252693e-50	1.307843e-50	5.107998e+23	1.043911e-50
8.570000e-06	1.519359e-50	3.133926e-50	2.029911e-50	1.261504e-50	1.317042e-50	4.623803e+23	1.051254e-50
8.590000e-06	1.530021e-50	3.155918e-50	2.044156e-50	1.270357e-50	1.326285e-50	4.185545e+23	1.058631e-50
8.610000e-06	1.540733e-50	3.178013e-50	2.058467e-50	1.279251e-50	1.335570e-50	3.786990e+23	1.066042e-50
8.630000e-06	1.551495e-50	3.200211e-50	2.072845e-50	1.288186e-50	1.344899e-50	3.388815e+23	1.073488e-50
8.650000e-06	1.562306e-50	3.222512e-50	2.087290e-50	1.297163e-50	1.354271e-50	3.058380e+23	1.080969e-50
8.670000e-06	1.573168e-50	3.244916e-50	2.101802e-50	1.306182e-50	1.363686e-50	2.760193e+23	1.088485e-50
8.690000e-06	1.584080e-50	3.267424e-50	2.116381e-50	1.315242e-50	1.373145e-50	2.491105e+23	1.096035e-50
8.710000e-06	1.595043e-50	3.290036e-50	2.131027e-50	1.324344e-50	1.382648e-50	2.248274e+23	1.103620e-50
8.730000e-06	1.606056e-50	3.312752e-50	2.145741e-50	1.333488e-50	1.392195e-50	2.029135e+23	1.111240e-50
8.750000e-06	1.617119e-50	3.335572e-50	2.160522e-50	1.342673e-50	1.401785e-50	1.736962e+23	1.118895e-50
8.770000e-06	1.628233e-50	3.358497e-50	2.175371e-50	1.351901e-50	1.411419e-50	1.640963e+23	1.126585e-50
8.790000e-06	1.639398e-50	3.381527e-50	2.190288e-50	1.361172e-50	1.421097e-50	1.476569e+23	1.134310e-50
8.810000e-06	1.650614e-50	3.404662e-50	2.205273e-50	1.370484e-50	1.430820e-50	1.328660e+23	1.142070e-50
8.830000e-06	1.661881e-50	3.427901e-50	2.220326e-50	1.379839e-50	1.440586e-50	1.195581e+23	1.149866e-50
8.850000e-06	1.673199e-50	3.451247e-50	2.235447e-50	1.389236e-50	1.450397e-50	1.075844e+23	1.157697e-50
8.870000e-06	1.684569e-50	3.474698e-50	2.250637e-50	1.398676e-50	1.460253e-50	9.676684e+22	1.165563e-50
8.890000e-06	1.695990e-50	3.498255e-50	2.265895e-50	1.408158e-50	1.470153e-50	8.614438e+22	1.173465e-50
8.910000e-06	1.707462e-50	3.521919e-50	2.281223e-50	1.417684e-50	1.480097e-50	7.728477e+22	1.181403e-50
8.930000e-06	1.718986e-50	3.545689e-50	2.296619e-50	1.427252e-50	1.490087e-50	6.933718e+22	1.189377e-50
8.950000e-06	1.730561e-50	3.569565e-50	2.312084e-50	1.436863e-50	1.500121e-50	6.220768e+22	1.197386e-50
8.970000e-06	1.742189e-50	3.593549e-50	2.327619e-50	1.446517e-50	1.510200e-50	5.581197e+22	1.205431e-50
8.990000e-06	1.753868e-50	3.617640e-50	2.343223e-50	1.456214e-50	1.520324e-50	5.007445e+22	1.213512e-50
9.010000e-06	1.765600e-50	3.641838e-50	2.358897e-50	1.465955e-50	1.530494e-50	4.452666e+22	1.221629e-50
9.030000e-06	1.777384e-50	3.666144e-50	2.374640e-50	1.475739e-50	1.540708e-50	3.977172e+22	1.229782e-50
9.050000e-06	1.789220e-50	3.690557e-50	2.390453e-50	1.485566e-50	1.550968e-50	3.557648e+22	1.237972e-50
9.070000e-06	1.801108e-50	3.715079e-50	2.406337e-50	1.495437e-50	1.561274e-50	3.182420e+22	1.246197e-50
9.090000e-06	1.813049e-50	3.739709e-50	2.422290e-50	1.505351e-50	1.571625e-50	2.846807e+22	1.254460e-50
9.110000e-06	1.825043e-50	3.764448e-50	2.438314e-50	1.515310e-50	1.582021e-50	2.546622e+22	1.262758e-50
9.130000e-06	1.837089e-50	3.789296e-50	2.454409e-50	1.525312e-50	1.592464e-50	2.150734e+22	1.271093e-50
9.150000e-06	1.849188e-50	3.814253e-50	2.470574e-50	1.535358e-50	1.602952e-50	2.023376e+22	1.279465e-50
9.170000e-06	1.861341e-50	3.839319e-50	2.486810e-50	1.545447e-50	1.613486e-50	1.804616e+22	1.287873e-50
9.190000e-06	1.873546e-50	3.864495e-50	2.503117e-50	1.555582e-50	1.624066e-50	1.609532e+22	1.296318e-50
9.210000e-06	1.885805e-50	3.889781e-50	2.519495e-50	1.565760e-50	1.634693e-50	1.435558e+22	1.304800e-50
9.230000e-06	1.898117e-50	3.915176e-50	2.535944e-50	1.575982e-50	1.645365e-50	1.279346e+22	1.313319e-50
9.250000e-06	1.910483e-50	3.940682e-50	2.552465e-50	1.586249e-50	1.656084e-50	1.130192e+22	1.321874e-50
9.270000e-06	1.922902e-50	3.966299e-50	2.569057e-50	1.596561e-50	1.666850e-50	1.005027e+22	1.330467e-50
9.290000e-06	1.935375e-50	3.992026e-50	2.585721e-50	1.606917e-50	1.677662e-50	8.937386e+21	1.339097e-50
9.310000e-06	1.947901e-50	4.017864e-50	2.602457e-50	1.617318e-50	1.688520e-50	7.947857e+21	1.347765e-50
9.330000e-06	1.960482e-50	4.043814e-50	2.619265e-50	1.627763e-50	1.699426e-50	7.067996e+21	1.356469e-50
9.350000e-06	1.973117e-50	4.069875e-50	2.636145e-50	1.638253e-50	1.710378e-50	6.257992e+21	1.365211e-50
9.370000e-06	1.985805e-50	4.096048e-50	2.653098e-50	1.648789e-50	1.721377e-50	5.526805e+21	1.373991e-50
9.390000e-06	1.998548e-50	4.122332e-50	2.670123e-50	1.659369e-50	1.732423e-50	4.900359e+21	1.382808e-50
9.410000e-06	2.011346e-50	4.148729e-50	2.687221e-50	1.669995e-50	1.743517e-50	4.344990e+21	1.391662e-50
9.430000e-06	2.024198e-50	4.175239e-50	2.704392e-50	1.680666e-50	1.754657e-50	3.852627e+21	1.400555e-50
9.450000e-06	2.037105e-50	4.201861e-50	2.721636e-50	1.691382e-50	1.765845e-50	3.255384e+21	1.409485e-50
9.470000e-06	2.050066e-50	4.228596e-50	2.738952e-50	1.702144e-50	1.777081e-50	3.019079e+21	1.418453e-50
9.490000e-06	2.063082e-50	4.255444e-50	2.756342e-50	1.712951e-50	1.788364e-50	2.669019e+21	1.427459e-50
9.510000e-06	2.076153e-50	4.282405e-50	2.773806e-50	1.723804e-50	1.799694e-50	2.359589e+21	1.436503e-50
9.530000e-06	2.089280e-50	4.309480e-50	2.791343e-50	1.734702e-50	1.811073e-50	2.086070e+21	1.445585e-50
9.550000e-06	2.102461e-50	4.336670e-50	2.808954e-50	1.745647e-50	1.822499e-50	1.844290e+21	1.454706e-50
9.570000e-06	2.115698e-50	4.363973e-50	2.826639e-50	1.756637e-50	1.833973e-50	1.619822e+21	1.463864e-50
9.590000e-06	2.128990e-50	4.391390e-50	2.844398e-50	1.767674e-50	1.845496e-50	1.425007e+21	1.473061e-50
9.610000e-06	2.142338e-50	4.418922e-50	2.862231e-50	1.778756e-50	1.857066e-50	1.256115e+21	1.482297e-50
9.630000e-06	2.155742e-50	4.446569e-50	2.880139e-50	1.789885e-50	1.868685e-50	1.107261e+21	1.491571e-50
9.650000e-06	2.169201e-50	4.474331e-50	2.898121e-50	1.801060e-50	1.880352e-50	9.760650e+20	1.500883e-50
9.670000e-06	2.182716e-50	4.502209e-50	2.916178e-50	1.812282e-50	1.892068e-50	8.561253e+20	1.510235e-50
9.690000e-06	2.196288e-50	4.530202e-50	2.934309e-50	1.823550e-50	1.903832e-50	7.502148e+20	1.519625e-50
9.710000e-06	2.209915e-50	4.558311e-50	2.952516e-50	1.834864e-50	1.915644e-50	6.593695e+20	1.529054e-50
9.730000e-06	2.223599e-50	4.586535e-50	2.970798e-50	1.846226e-50	1.927506e-50	5.795363e+20	1.538521e-50
9.750000e-06	2.237339e-50	4.614876e-50	2.989155e-50	1.857634e-50	1.939416e-50	5.093788e+20	1.548028e-50
9.770000e-06	2.251135e-50	4.643334e-50	3.007587e-50	1.869089e-50	1.951376e-50	4.245701e+20	1.557574e-50
9.790000e-06	2.264988e-50	4.671908e-50	3.026095e-50	1.880591e-50	1.963384e-50	3.919932e+20	1.567159e-50
9.810000e-06	2.278898e-50	4.700599e-50	3.044679e-50	1.892140e-50	1.975442e-50	3.435223e+20	1.576783e-50
9.830000e-06	2.292865e-50	4.729408e-50	3.063339e-50	1.903736e-50	1.987549e-50	3.010510e+20	1.586447e-50
9.850000e-06	2.306888e-50	4.758334e-50	3.082075e-50	1.915380e-50	1.999705e-50	2.638361e+20	1.596150e-50
9.870000e-06	2.320969e-50	4.787378e-50	3.100887e-50	1.927071e-50	2.011911e-50	2.298115e+20	1.605892e-50
9.890000e-06	2.335107e-50	4.816539e-50	3.119776e-50	1.938809e-50	2.024166e-50	2.004427e+20	1.615675e-50
9.910000e-06	2.349302e-50	4.845819e-50	3.138741e-50	1.950595e-50	2.036471e-50	1.751473e+20	1.625496e-50
9.930000e-06	2.363555e-50	4.875217e-50	3.157783e-50	1.962429e-50	2.048825e-50	1.530474e+20	1.635358e-50
9.950000e-06	2.377865e-50	4.904734e-50	3.176902e-50	1.974311e-50	2.061230e-50	1.336948e+20	1.645259e-50
9.970000e-06	2.392232e-50	4.934370e-50	3.196097e-50	1.986240e-50	2.073685e-50	1.158657e+20	1.655200e-50
9.990000e-06	2.406658e-50	4.964125e-50	3.215370e-50	1.998217e-50	2.086189e-50	1.009482e+20	1.665181e-50
1.001000e-05	2.421141e-50	4.993999e-50	3.234721e-50	2.010243e-50	2.098744e-50	8.795318e+19	1.675202e-50
1.003000e-05	2.435683e-50	5.023993e-50	3.254148e-50	2.022316e-50	2.111349e-50	7.663275e+19	1.685263e-50
1.005000e-05	2.450282e-50	5.054107e-50	3.273654e-50	2.034438e-50	2.124004e-50	6.346412e+19	1.695365e-50
1.007000e-05	2.464940e-50	5.084341e-50	3.293237e-50	2.046608e-50	2.136710e-50	5.804326e+19	1.705507e-50
1.009000e-05	2.479656e-50	5.114695e-50	3.312898e-50	2.058826e-50	2.149467e-50	5.042398e+19	1.715689e-50
1.011000e-05	2.494430e-50	5.145169e-50	3.332637e-50	2.071094e-50	2.162274e-50	4.380588e+19	1.725911e-50
1.013000e-05	2.509263e-50	5.175765e-50	3.352454e-50	2.083409e-50	2.175132e-50	3.805729e+19	1.736174e-50
1.015000e-05	2.524155e-50	5.206482e-50	3.372350e-50	2.095774e-50	2.188040e-50	3.281386e+19	1.746478e-50
1.017000e-05	2.539106e-50	5.237320e-50	3.392325e-50	2.108187e-50	2.201000e-50	2.841350e+19	1.756822e-50
1.019000e-05	2.554115e-50	5.268279e-50	3.412378e-50	2.120649e-50	2.214011e-50	2.461250e+19	1.767208e-50
1.021000e-05	2.569184e-50	5.299360e-50	3.432510e-50	2.133160e-50	2.227073e-50	2.132048e+19	1.777633e-50
1.023000e-05	2.584311e-50	5.330563e-50	3.452721e-50	2.145720e-50	2.240186e-50	1.839069e+19	1.788100e-50
1.025000e-05	2.599498e-50	5.361889e-50	3.473011e-50	2.158330e-50	2.253351e-50	1.584504e+19	1.798608e-50
1.027000e-05	2.614744e-50	5.393337e-50	3.493380e-50	2.170989e-50	2.266567e-50	1.368555e+19	1.809157e-50
1.029000e-05	2.630050e-50	5.424908e-50	3.513829e-50	2.183697e-50	2.279835e-50	1.182066e+19	1.819747e-50
1.031000e-05	2.645416e-50	5.456601e-50	3.534358e-50	2.196455e-50	2.293154e-50	9.716062e+18	1.830379e-50
1.033000e-05	2.660841e-50	5.488418e-50	3.554966e-50	2.209262e-50	2.306525e-50	8.810037e+18	1.841052e-50
1.035000e-05	2.676326e-50	5.520358e-50	3.575655e-50	2.222119e-50	2.319948e-50	7.587274e+18	1.851766e-50
1.037000e-05	2.691871e-50	5.552422e-50	3.596423e-50	2.235026e-50	2.333423e-50	6.534389e+18	1.862521e-50
1.039000e-05	2.707476e-50	5.584610e-50	3.617272e-50	2.247982e-50	2.346950e-50	5.622725e+18	1.873319e-50
1.041000e-05	2.723141e-50	5.616922e-50	3.638201e-50	2.260989e-50	2.360529e-50	4.808039e+18	1.884157e-50
1.043000e-05	2.738866e-50	5.649359e-50	3.659211e-50	2.274046e-50	2.374161e-50	4.128747e+18	1.895038e-50
1.045000e-05	2.754652e-50	5.681920e-50	3.680302e-50	2.287152e-50	2.387845e-50	3.545523e+18	1.905960e-50
1.047000e-05	2.770499e-50	5.714606e-50	3.701473e-50	2.300310e-50	2.401581e-50	3.043015e+18	1.916925e-50
1.049000e-05	2.786406e-50	5.747417e-50	3.722725e-50	2.313517e-50	2.415370e-50	2.594475e+18	1.927931e-50
1.051000e-05	2.802374e-50	5.780353e-50	3.744059e-50	2.326775e-50	2.429212e-50	2.221491e+18	1.938979e-50
1.053000e-05	2.818402e-50	5.813415e-50	3.765474e-50	2.340084e-50	2.443106e-50	1.902179e+18	1.950070e-50
1.055000e-05	2.834492e-50	5.846603e-50	3.786970e-50	2.353443e-50	2.457053e-50	1.552517e+18	1.961202e-50
1.057000e-05	2.850643e-50	5.879917e-50	3.808549e-50	2.366853e-50	2.471054e-50	1.395278e+18	1.972377e-50
1.059000e-05	2.866855e-50	5.913357e-50	3.830209e-50	2.380313e-50	2.485107e-50	1.191248e+18	1.983594e-50
1.061000e-05	2.883129e-50	5.946924e-50	3.851950e-50	2.393825e-50	2.499214e-50	1.017081e+18	1.994854e-50
1.063000e-05	2.899464e-50	5.980617e-50	3.873774e-50	2.407388e-50	2.513373e-50	8.671549e+17	2.006156e-50
1.065000e-05	2.915860e-50	6.014438e-50	3.895681e-50	2.421002e-50	2.527587e-50	7.355947e+17	2.017501e-50
1.067000e-05	2.932319e-50	6.048386e-50	3.917670e-50	2.434667e-50	2.541853e-50	6.262229e+17	2.028889e-50
1.069000e-05	2.948839e-50	6.082461e-50	3.939741e-50	2.448383e-50	2.556173e-50	5.331285e+17	2.040319e-50
1.071000e-05	2.965421e-50	6.116664e-50	3.961895e-50	2.462151e-50	2.570547e-50	4.525165e+17	2.051792e-50
1.073000e-05	2.982065e-50	6.150995e-50	3.984132e-50	2.475970e-50	2.584975e-50	3.831512e+17	2.063308e-50
1.075000e-05	2.998771e-50	6.185454e-50	4.006452e-50	2.489841e-50	2.599457e-50	3.252460e+17	2.074868e-50
1.077000e-05	3.015539e-50	6.220042e-50	4.028855e-50	2.503764e-50	2.613992e-50	2.761002e+17	2.086470e-50
1.079000e-05	3.032370e-50	6.254759e-50	4.051342e-50	2.517738e-50	2.628582e-50	2.331611e+17	2.098115e-50
1.081000e-05	3.049264e-50	6.289604e-50	4.073912e-50	2.531765e-50	2.643226e-50	1.971302e+17	2.109804e-50
1.083000e-05	3.066220e-50	6.324578e-50	4.096566e-50	2.545843e-50	2.657924e-50	1.668587e+17	2.121536e-50
1.085000e-05	3.083238e-50	6.359682e-50	4.119303e-50	2.559973e-50	2.672677e-50	1.346297e+17	2.133311e-50
1.087000e-05	3.100320e-50	6.394916e-50	4.142125e-50	2.574156e-50	2.687484e-50	1.197169e+17	2.145130e-50
1.089000e-05	3.117465e-50	6.430280e-50	4.165030e-50	2.588391e-50	2.702345e-50	1.010398e+17	2.156993e-50
1.091000e-05	3.134672e-50	6.465773e-50	4.188020e-50	2.602678e-50	2.717262e-50	8.527917e+16	2.168899e-50
1.093000e-05	3.151943e-50	6.501397e-50	4.211095e-50	2.617018e-50	2.732233e-50	7.170126e+16	2.180848e-50
1.095000e-05	3.169277e-50	6.537152e-50	4.234254e-50	2.631410e-50	2.747259e-50	6.023591e+16	2.192842e-50
1.097000e-05	3.186675e-50	6.573037e-50	4.257498e-50	2.645856e-50	2.762340e-50	5.069328e+16	2.204880e-50
1.099000e-05	3.204136e-50	6.609054e-50	4.280826e-50	2.660353e-50	2.777476e-50	4.262113e+16	2.216961e-50
1.101000e-05	3.221661e-50	6.645202e-50	4.304240e-50	2.674904e-50	2.792667e-50	3.565193e+16	2.229087e-50
1.103000e-05	3.239250e-50	6.681481e-50	4.327739e-50	2.689508e-50	2.807914e-50	2.991741e+16	2.241256e-50
1.105000e-05	3.256902e-50	6.717893e-50	4.351324e-50	2.704164e-50	2.823216e-50	2.510609e+16	2.253470e-50
1.107000e-05	3.274619e-50	6.754436e-50	4.374993e-50	2.718874e-50	2.838573e-50	2.096663e+16	2.265728e-50
1.109000e-05	3.292400e-50	6.791111e-50	4.398749e-50	2.733637e-50	2.853986e-50	1.752557e+16	2.278031e-50
1.111000e-05	3.310245e-50	6.827920e-50	4.422590e-50	2.748454e-50	2.869455e-50	1.466477e+16	2.290378e-50
1.113000e-05	3.328154e-50	6.864860e-50	4.446518e-50	2.763324e-50	2.884979e-50	1.168028e+16	2.302770e-50
1.115000e-05	3.346128e-50	6.901934e-50	4.470531e-50	2.778247e-50	2.900560e-50	1.028388e+16	2.315206e-50
1.117000e-05	3.364166e-50	6.939141e-50	4.494631e-50	2.793224e-50	2.916196e-50	8.580421e+15	2.327687e-50
1.119000e-05	3.382269e-50	6.976482e-50	4.518817e-50	2.808255e-50	2.931889e-50	7.152539e+15	2.340212e-50
1.121000e-05	3.400437e-50	7.013956e-50	4.543090e-50	2.823339e-50	2.947637e-50	5.932766e+15	2.352783e-50
1.123000e-05	3.418670e-50	7.051565e-50	4.567450e-50	2.838478e-50	2.963442e-50	4.935823e+15	2.365398e-50
1.125000e-05	3.436968e-50	7.089307e-50	4.591897e-50	2.853670e-50	2.979304e-50	4.105659e+15	2.378059e-50
1.127000e-05	3.455331e-50	7.127184e-50	4.616430e-50	2.868917e-50	2.995222e-50	3.395307e+15	2.390764e-50
1.129000e-05	3.473759e-50	7.165195e-50	4.641051e-50	2.884218e-50	3.011196e-50	2.816657e+15	2.403515e-50
1.131000e-05	3.492253e-50	7.203342e-50	4.665760e-50	2.899573e-50	3.027227e-50	2.336708e+15	2.416311e-50
1.133000e-05	3.510812e-50	7.241624e-50	4.690555e-50	2.914983e-50	3.043315e-50	1.840055e+15	2.429152e-50
1.135000e-05	3.529437e-50	7.280041e-50	4.715439e-50	2.930447e-50	3.059460e-50	1.609859e+15	2.442039e-50
1.137000e-05	3.548128e-50	7.318593e-50	4.740410e-50	2.945965e-50	3.075662e-50	1.331717e+15	2.454971e-50
1.139000e-05	3.566885e-50	7.357282e-50	4.765470e-50	2.961539e-50	3.091921e-50	1.096421e+15	2.467949e-50
1.141000e-05	3.585707e-50	7.396106e-50	4.790617e-50	2.977167e-50	3.108237e-50	9.037325e+14	2.480972e-50
1.143000e-05	3.604596e-50	7.435067e-50	4.815853e-50	2.992850e-50	3.124611e-50	7.454527e+14	2.494042e-50
1.145000e-05	3.623551e-50	7.474165e-50	4.841177e-50	3.008588e-50	3.141041e-50	6.120212e+14	2.507157e-50
1.147000e-05	3.642572e-50	7.513399e-50	4.866590e-50	3.024381e-50	3.157530e-50	5.030261e+14	2.520317e-50
1.149000e-05	3.661660e-50	7.552771e-50	4.892092e-50	3.040229e-50	3.174076e-50	4.137408e+14	2.533524e-50
1.151000e-05	3.680814e-50	7.592279e-50	4.917683e-50	3.056133e-50	3.190679e-50	3.386030e+14	2.546777e-50
1.153000e-05	3.700035e-50	7.631926e-50	4.943363e-50	3.072092e-50	3.207341e-50	2.775685e+14	2.560076e-50
1.155000e-05	3.719323e-50	7.671710e-50	4.969132e-50	3.088106e-50	3.224060e-50	2.173335e+14	2.573422e-50
1.157000e-05	3.738677e-50	7.711632e-50	4.994990e-50	3.104176e-50	3.240838e-50	1.875652e+14	2.586813e-50
1.159000e-05	3.758099e-50	7.751692e-50	5.020938e-50	3.120301e-50	3.257673e-50	1.533883e+14	2.600251e-50
1.161000e-05	3.777588e-50	7.791891e-50	5.046976e-50	3.136483e-50	3.274567e-50	1.253682e+14	2.613736e-50
1.163000e-05	3.797144e-50	7.832229e-50	5.073103e-50	3.152720e-50	3.291519e-50	1.019744e+14	2.627267e-50
1.165000e-05	3.816767e-50	7.872705e-50	5.099321e-50	3.169013e-50	3.308529e-50	8.315590e+13	2.640844e-50
1.167000e-05	3.836458e-50	7.913321e-50	5.125628e-50	3.185362e-50	3.325598e-50	6.770943e+13	2.654468e-50
1.169000e-05	3.856217e-50	7.954076e-50	5.152026e-50	3.201767e-50	3.342726e-50	5.493690e+13	2.668140e-50
1.171000e-05	3.876043e-50	7.994971e-50	5.178515e-50	3.218229e-50	3.359912e-50	4.467142e+13	2.681857e-50
1.173000e-05	3.895937e-50	8.036006e-50	5.205094e-50	3.234747e-50	3.377157e-50	3.621321e+13	2.695622e-50
1.175000e-05	3.915899e-50	8.077181e-50	5.231764e-50	3.251321e-50	3.394461e-50	2.932319e+13	2.709434e-50
1.177000e-05	3.935929e-50	8.118496e-50	5.258525e-50	3.267952e-50	3.411824e-50	2.377619e+13	2.723293e-50
1.179000e-05	3.956028e-50	8.159953e-50	5.285377e-50	3.284639e-50	3.429246e-50	1.831883e+13	2.737199e-50
1.181000e-05	3.976194e-50	8.201549e-50	5.312320e-50	3.301383e-50	3.446727e-50	1.567475e+13	2.751153e-50
1.183000e-05	3.996429e-50	8.243288e-50	5.339355e-50	3.318184e-50	3.464268e-50	1.265851e+13	2.765153e-50
1.185000e-05	4.016733e-50	8.285167e-50	5.366481e-50	3.335042e-50	3.481868e-50	1.018449e+13	2.779202e-50
1.187000e-05	4.037105e-50	8.327188e-50	5.393699e-50	3.351957e-50	3.499527e-50	8.210807e+12	2.793297e-50
1.189000e-05	4.057546e-50	8.369351e-50	5.421009e-50	3.368929e-50	3.517246e-50	6.598370e+12	2.807441e-50
1.191000e-05	4.078056e-50	8.411656e-50	5.448411e-50	3.385958e-50	3.535025e-50	5.298602e+12	2.821631e-50
1.193000e-05	4.098635e-50	8.454103e-50	5.475905e-50	3.403044e-50	3.552864e-50	4.257384e+12	2.835870e-50
1.195000e-05	4.119283e-50	8.496693e-50	5.503491e-50	3.420188e-50	3.570762e-50	3.405399e+12	2.850157e-50
1.197000e-05	4.140000e-50	8.539426e-50	5.531170e-50	3.437389e-50	3.588721e-50	2.729837e+12	2.864491e-50
1.199000e-05	4.160787e-50	8.582301e-50	5.558941e-50	3.454648e-50	3.606739e-50	2.084550e+12	2.878873e-50
1.201000e-05	4.181643e-50	8.625320e-50	5.586806e-50	3.471964e-50	3.624818e-50	1.762161e+12	2.893304e-50
1.203000e-05	4.202568e-50	8.668483e-50	5.614763e-50	3.489339e-50	3.642957e-50	1.407864e+12	2.907782e-50
1.205000e-05	4.223564e-50	8.711789e-50	5.642813e-50	3.506771e-50	3.661157e-50	1.119877e+12	2.922309e-50
1.207000e-05	4.244629e-50	8.755239e-50	5.670957e-50	3.524261e-50	3.679417e-50	8.926163e+11	2.936884e-50
1.209000e-05	4.265764e-50	8.798834e-50	5.699194e-50	3.541809e-50	3.697738e-50	7.092832e+11	2.951508e-50
1.211000e-05	4.286969e-50	8.842573e-50	5.727525e-50	3.559415e-50	3.716119e-50	5.631445e+11	2.966179e-50
1.213000e-05	4.308244e-50	8.886456e-50	5.755949e-50	3.577080e-50	3.734561e-50	4.470226e+11	2.980900e-50
1.215000e-05	4.329590e-50	8.930485e-50	5.784467e-50	3.594803e-50	3.753065e-50	3.536728e+11	2.995669e-50
1.217000e-05	4.351006e-50	8.974659e-50	5.813080e-50	3.612584e-50	3.771629e-50	2.803034e+11	3.010487e-50
1.219000e-05	4.372492e-50	9.018978e-50	5.841786e-50	3.630424e-50	3.790254e-50	2.210866e+11	3.025353e-50
1.221000e-05	4.394049e-50	9.063443e-50	5.870587e-50	3.648323e-50	3.808941e-50	1.747216e+11	3.040269e-50
1.223000e-05	4.415677e-50	9.108054e-50	5.899482e-50	3.666280e-50	3.827688e-50	1.315676e+11	3.055233e-50
1.225000e-05	4.437375e-50	9.152811e-50	5.928472e-50	3.684296e-50	3.846498e-50	1.097179e+11	3.070247e-50
1.227000e-05	4.459145e-50	9.197714e-50	5.957557e-50	3.702371e-50	3.865368e-50	8.635591e+10	3.085309e-50
1.229000e-05	4.480986e-50	9.242764e-50	5.986737e-50	3.720505e-50	3.884301e-50	6.774545e+10	3.100421e-50
1.231000e-05	4.502897e-50	9.287961e-50	6.016012e-50	3.738698e-50	3.903295e-50	5.321083e+10	3.115582e-50
1.233000e-05	4.524881e-50	9.333305e-50	6.045382e-50	3.756951e-50	3.922351e-50	4.162248e+10	3.130792e-50
1.235000e-05	4.546935e-50	9.378796e-50	6.074848e-50	3.775262e-50	3.941469e-50	3.261456e+10	3.146052e-50
1.237000e-05	4.569061e-50	9.424435e-50	6.104409e-50	3.793633e-50	3.960649e-50	2.544806e+10	3.161361e-50
1.239000e-05	4.591259e-50	9.470221e-50	6.134066e-50	3.812064e-50	3.979891e-50	1.988034e+10	3.176720e-50
1.241000e-05	4.613529e-50	9.516156e-50	6.163819e-50	3.830554e-50	3.999195e-50	1.480200e+10	3.192128e-50
1.243000e-05	4.635870e-50	9.562239e-50	6.193668e-50	3.849104e-50	4.018561e-50	1.221020e+10	3.207587e-50
1.245000e-05	4.658284e-50	9.608471e-50	6.223613e-50	3.867714e-50	4.037990e-50	9.492420e+09	3.223095e-50
1.247000e-05	4.680770e-50	9.654851e-50	6.253655e-50	3.886383e-50	4.057482e-50	7.366854e+09	3.238653e-50
1.249000e-05	4.703327e-50	9.701380e-50	6.283793e-50	3.905113e-50	4.077036e-50	5.713668e+09	3.254260e-50
1.251000e-05	4.725958e-50	9.748059e-50	6.314028e-50	3.923902e-50	4.096653e-50	4.421046e+09	3.269918e-50
1.253000e-05	4.748660e-50	9.794887e-50	6.344359e-50	3.942752e-50	4.116332e-50	3.420596e+09	3.285627e-50
1.255000e-05	4.771436e-50	9.841865e-50	6.374788e-50	3.961662e-50	4.136075e-50	2.638847e+09	3.301385e-50
1.257000e-05	4.794284e-50	9.888993e-50	6.405313e-50	3.980632e-50	4.155880e-50	2.036327e+09	3.317194e-50
1.259000e-05	4.817205e-50	9.936271e-50	6.435936e-50	3.999663e-50	4.175749e-50	1.566436e+09	3.333053e-50
1.261000e-05	4.840198e-50	9.983699e-50	6.466657e-50	4.018755e-50	4.195681e-50	1.152564e+09	3.348962e-50
1.263000e-05	4.863265e-50	1.003128e-49	6.497475e-50	4.037907e-50	4.215676e-50	9.371645e+08	3.364922e-50
1.265000e-05	4.886405e-50	1.007901e-49	6.528390e-50	4.057120e-50	4.235735e-50	7.192447e+08	3.380933e-50
1.267000e-05	4.909618e-50	1.012689e-49	6.559404e-50	4.076393e-50	4.255857e-50	5.501593e+08	3.396995e-50
1.269000e-05	4.932905e-50	1.017492e-49	6.590516e-50	4.095728e-50	4.276043e-50	4.209679e+08	3.413107e-50
1.271000e-05	4.956265e-50	1.022311e-49	6.621726e-50	4.115124e-50	4.296293e-50	3.211192e+08	3.429270e-50
1.273000e-05	4.979699e-50	1.027144e-49	6.653034e-50	4.134581e-50	4.316606e-50	2.449705e+08	3.445484e-50
1.275000e-05	5.003207e-50	1.031993e-49	6.684441e-50	4.154099e-50	4.336983e-50	1.863444e+08	3.461749e-50
1.277000e-05	5.026788e-50	1.036857e-49	6.715947e-50	4.173678e-50	4.357425e-50	1.417004e+08	3.478065e-50
1.279000e-05	5.050444e-50	1.041736e-49	6.747551e-50	4.193319e-50	4.377930e-50	1.074996e+08	3.494432e-50
1.281000e-05	5.074173e-50	1.046631e-49	6.779254e-50	4.213021e-50	4.398500e-50	7.791949e+07	3.510851e-50
1.283000e-05	5.097977e-50	1.051541e-49	6.811057e-50	4.232785e-50	4.419134e-50	6.252348e+07	3.527321e-50
1.285000e-05	5.121855e-50	1.056466e-49	6.842959e-50	4.252611e-50	4.439833e-50	4.723424e+07	3.543842e-50
1.287000e-05	5.145808e-50	1.061407e-49	6.874960e-50	4.272498e-50	4.460596e-50	3.564371e+07	3.560415e-50
1.289000e-05	5.169835e-50	1.066363e-49	6.907061e-50	4.292448e-50	4.481423e-50	2.682617e+07	3.577040e-50
1.291000e-05	5.193936e-50	1.071334e-49	6.939262e-50	4.312459e-50	4.502316e-50	2.019145e+07	3.593716e-50
1.293000e-05	5.218113e-50	1.076321e-49	6.971562e-50	4.332532e-50	4.523273e-50	1.514496e+07	3.610444e-50
1.295000e-05	5.242364e-50	1.081323e-49	7.003963e-50	4.352668e-50	4.544295e-50	1.136380e+07	3.627223e-50
1.297000e-05	5.266691e-50	1.086341e-49	7.036464e-50	4.372866e-50	4.565382e-50	8.499499e+06	3.644055e-50
1.299000e-05	5.291092e-50	1.091374e-49	7.069065e-50	4.393126e-50	4.586534e-50	6.079210e+06	3.660939e-50
1.301000e-05	5.315569e-50	1.096423e-49	7.101767e-50	4.413449e-50	4.607752e-50	4.810885e+06	3.677874e-50
1.303000e-05	5.340122e-50	1.101487e-49	7.134570e-50	4.433835e-50	4.629035e-50	3.583098e+06	3.694862e-50
1.305000e-05	5.364749e-50	1.106567e-49	7.167473e-50	4.454283e-50	4.650383e-50	2.666029e+06	3.711902e-50
1.307000e-05	5.389453e-50	1.111663e-49	7.200478e-50	4.474794e-50	4.671797e-50	1.977486e+06	3.728995e-50
1.309000e-05	5.414232e-50	1.116774e-49	7.233583e-50	4.495367e-50	4.693277e-50	1.466915e+06	3.746139e-50
1.311000e-05	5.439087e-50	1.121900e-49	7.266790e-50	4.516004e-50	4.714822e-50	1.084970e+06	3.763337e-50
1.313000e-05	5.464017e-50	1.127043e-49	7.300099e-50	4.536704e-50	4.736433e-50	8.016453e+05	3.780586e-50
1.315000e-05	5.489024e-50	1.132201e-49	7.333509e-50	4.557467e-50	4.758110e-50	5.914021e+05	3.797889e-50
1.317000e-05	5.514107e-50	1.137375e-49	7.367020e-50	4.578293e-50	4.779853e-50	4.162906e+05	3.815244e-50
1.319000e-05	5.539267e-50	1.142564e-49	7.400634e-50	4.599182e-50	4.801662e-50	3.249697e+05	3.832652e-50
1.321000e-05	5.564503e-50	1.147769e-49	7.434350e-50	4.620135e-50	4.823538e-50	2.383466e+05	3.850113e-50
1.323000e-05	5.589815e-50	1.152991e-49	7.468168e-50	4.641152e-50	4.845479e-50	1.745910e+05	3.867627e-50
1.325000e-05	5.615204e-50	1.158227e-49	7.502088e-50	4.662232e-50	4.867487e-50	1.277008e+05	3.885193e-50
1.327000e-05	5.640670e-50	1.163480e-49	7.536111e-50	4.683376e-50	4.889562e-50	9.313173e+04	3.902813e-50
1.329000e-05	5.666212e-50	1.168749e-49	7.570237e-50	4.704584e-50	4.911704e-50	6.788181e+04	3.920486e-50
1.331000e-05	5.691832e-50	1.174033e-49	7.604466e-50	4.725855e-50	4.933912e-50	4.937449e+04	3.938213e-50
1.333000e-05	5.717529e-50	1.179334e-49	7.638797e-50	4.747191e-50	4.956187e-50	3.581360e+04	3.955992e-50
1.335000e-05	5.743303e-50	1.184650e-49	7.673232e-50	4.768591e-50	4.978529e-50	2.486125e+04	3.973826e-50
1.337000e-05	5.769154e-50	1.189982e-49	7.707770e-50	4.790055e-50	5.000938e-50	1.908989e+04	3.991712e-50
1.339000e-05	5.795083e-50	1.195330e-49	7.742412e-50	4.811583e-50	5.023414e-50	1.377713e+04	4.009652e-50
1.341000e-05	5.821089e-50	1.200695e-49	7.777157e-50	4.833176e-50	5.045957e-50	9.932572e+03	4.027646e-50
1.343000e-05	5.847173e-50	1.206075e-49	7.812006e-50	4.854833e-50	5.068568e-50	7.143467e+03	4.045694e-50
1.345000e-05	5.873335e-50	1.211471e-49	7.846959e-50	4.876555e-50	5.091246e-50	5.126534e+03	4.063796e-50
1.347000e-05	5.899574e-50	1.216884e-49	7.882016e-50	4.898341e-50	5.113991e-50	3.675081e+03	4.081951e-50
1.349000e-05	5.925892e-50	1.222312e-49	7.917178e-50	4.920192e-50	5.136805e-50	2.628114e+03	4.100160e-50
1.351000e-05	5.952288e-50	1.227757e-49	7.952443e-50	4.942109e-50	5.159686e-50	1.795645e+03	4.118424e-50
1.353000e-05	5.978762e-50	1.233217e-49	7.987814e-50	4.964090e-50	5.182635e-50	1.359382e+03	4.136742e-50
1.355000e-05	6.005315e-50	1.238694e-49	8.023289e-50	4.986136e-50	5.205652e-50	9.666959e+02	4.155113e-50
1.357000e-05	6.031946e-50	1.244187e-49	8.058869e-50	5.008248e-50	5.228736e-50	6.856185e+02	4.173540e-50
1.359000e-05	6.058656e-50	1.249697e-49	8.094554e-50	5.030424e-50	5.251889e-50	4.857166e+02	4.192020e-50
1.361000e-05	6.085444e-50	1.255222e-49	8.130344e-50	5.052666e-50	5.275111e-50	3.433551e+02	4.210555e-50
1.363000e-05	6.112311e-50	1.260764e-49	8.166239e-50	5.074974e-50	5.298400e-50	2.421291e+02	4.229145e-50
1.365000e-05	6.139258e-50	1.266322e-49	8.202240e-50	5.097347e-50	5.321759e-50	1.703986e+02	4.247789e-50
1.367000e-05	6.166283e-50	1.271896e-49	8.238347e-50	5.119786e-50	5.345185e-50	1.147211e+02	4.266488e-50
1.369000e-05	6.193387e-50	1.277487e-49	8.274560e-50	5.142290e-50	5.368680e-50	8.546991e+01	4.285242e-50
1.371000e-05	6.220571e-50	1.283094e-49	8.310878e-50	5.164861e-50	5.392244e-50	5.977179e+01	4.304051e-50
1.373000e-05	6.247834e-50	1.288718e-49	8.347303e-50	5.187497e-50	5.415877e-50	4.173094e+01	4.322914e-50
1.375000e-05	6.275177e-50	1.294358e-49	8.383833e-50	5.210199e-50	5.439579e-50	2.907861e+01	4.341833e-50
1.377000e-05	6.302600e-50	1.300014e-49	8.420471e-50	5.232968e-50	5.463350e-50	2.021444e+01	4.360807e-50
1.379000e-05	6.330102e-50	1.305687e-49	8.457214e-50	5.255803e-50	5.487190e-50	1.401824e+01	4.379835e-50
1.381000e-05	6.357684e-50	1.311376e-49	8.494065e-50	5.278704e-50	5.511099e-50	9.702511e+00	4.398920e-50
1.383000e-05	6.385346e-50	1.317082e-49	8.531022e-50	5.301671e-50	5.535078e-50	6.423105e+00	4.418059e-50
1.385000e-05	6.413088e-50	1.322804e-49	8.568087e-50	5.324705e-50	5.559126e-50	4.706779e+00	4.437254e-50
1.387000e-05	6.440911e-50	1.328543e-49	8.605259e-50	5.347806e-50	5.583244e-50	3.236476e+00	4.456505e-50
1.389000e-05	6.468814e-50	1.334298e-49	8.642538e-50	5.370973e-50	5.607431e-50	2.219784e+00	4.475811e-50
1.391000e-05	6.496797e-50	1.340070e-49	8.679924e-50	5.394207e-50	5.631688e-50	1.519914e+00	4.495173e-50
1.393000e-05	6.524861e-50	1.345859e-49	8.717418e-50	5.417508e-50	5.656015e-50	1.038146e+00	4.514590e-50
1.395000e-05	6.553005e-50	1.351664e-49	8.755020e-50	5.440876e-50	5.680412e-50	7.074828e-01	4.534064e-50
1.397000e-05	6.581231e-50	1.357486e-49	8.792730e-50	5.464312e-50	5.704879e-50	4.611446e-01	4.553593e-50
1.399000e-05	6.609537e-50	1.363325e-49	8.830549e-50	5.487814e-50	5.729416e-50	3.326316e-01	4.573178e-50
1.401000e-05	6.637924e-50	1.369180e-49	8.868475e-50	5.511384e-50	5.754023e-50	2.251273e-01	4.592820e-50
1.403000e-05	6.666393e-50	1.375052e-49	8.906510e-50	5.535021e-50	5.778701e-50	1.520013e-01	4.612517e-50
1.405000e-05	6.694943e-50	1.380941e-49	8.944653e-50	5.558725e-50	5.803449e-50	1.023891e-01	4.632271e-50
1.407000e-05	6.723574e-50	1.386847e-49	8.982906e-50	5.582498e-50	5.828268e-50	6.879681e-02	4.652081e-50
1.409000e-05	6.752287e-50	1.392769e-49	9.021267e-50	5.606337e-50	5.853157e-50	4.611331e-02	4.671948e-50
1.411000e-05	6.781081e-50	1.398709e-49	9.059737e-50	5.630245e-50	5.878117e-50	2.957311e-02	4.691871e-50
1.413000e-05	6.809957e-50	1.404665e-49	9.098316e-50	5.654220e-50	5.903148e-50	2.098836e-02	4.711850e-50
1.415000e-05	6.838915e-50	1.410638e-49	9.137005e-50	5.678264e-50	5.928250e-50	1.396827e-02	4.731886e-50
1.417000e-05	6.867955e-50	1.416628e-49	9.175803e-50	5.702375e-50	5.953423e-50	9.271904e-03	4.751979e-50
1.419000e-05	6.897077e-50	1.422635e-49	9.214711e-50	5.726555e-50	5.978667e-50	6.138988e-03	4.772129e-50
1.421000e-05	6.926281e-50	1.428659e-49	9.253729e-50	5.750803e-50	6.003983e-50	4.054324e-03	4.792336e-50
1.423000e-05	6.955568e-50	1.434699e-49	9.292857e-50	5.775119e-50	6.029370e-50	2.670709e-03	4.812599e-50
1.425000e-05	6.984937e-50	1.440757e-49	9.332095e-50	5.799504e-50	6.054828e-50	1.683517e-03	4.832920e-50
1.427000e-05	7.014389e-50	1.446832e-49	9.371443e-50	5.823957e-50	6.080358e-50	1.174714e-03	4.853298e-50
1.429000e-05	7.043923e-50	1.452924e-49	9.410902e-50	5.848479e-50	6.105959e-50	7.678519e-04	4.873732e-50
