# number of size bins = 238
# 0:size [cm], masses (1:Al2O3, 2:Fe, 3:Fe3O4, 4:MgSiO3, 5:Mg2SiO4, 6:AC, 7:SiO2) [g]
1.000000e-07	2.413892e-56	3.012876e-07	3.285080e+28	2.149760e+14	6.723704e+21	6.859036e+21	4.352476e+27
3.000000e-07	5.574526e+30	1.344343e-54	4.979174e+31	2.378693e+24	2.316835e+28	4.367667e-24	2.018549e+30
5.000000e-07	2.000155e+30	6.223809e-54	2.862096e+32	2.686809e+27	3.079448e+30	2.836787e+04	2.002992e+31
7.000000e-07	6.984403e+03	1.707813e-53	2.677819e+32	9.857025e+28	2.692550e+31	2.534403e+13	3.953402e+31
9.000000e-07	1.759728e-53	3.629725e-53	8.737580e+31	7.164825e+29	7.745560e+31	1.181620e+18	5.213260e+31
1.100000e-06	3.212891e-53	6.627111e-53	1.931189e+31	2.167119e+30	1.209921e+32	1.068403e+21	5.601963e+31
1.300000e-06	5.303322e-53	1.093897e-52	2.264846e+30	3.886081e+30	1.342568e+32	1.226649e+23	5.125252e+31
1.500000e-06	8.146887e-53	1.680428e-52	1.408700e+29	4.881364e+30	1.226512e+32	4.044734e+24	3.230129e+31
1.700000e-06	1.185945e-52	2.446206e-52	4.057296e+27	4.895874e+30	8.485022e+31	5.836940e+25	2.091960e+31
1.900000e-06	1.655689e-52	3.415128e-52	4.546626e+25	3.940806e+30	5.136321e+31	4.906525e+26	1.286675e+31
2.100000e-06	2.235506e-52	4.611095e-52	1.305056e+23	2.824297e+30	3.282484e+31	2.710654e+27	6.410251e+30
2.300000e-06	2.936983e-52	6.058006e-52	6.348547e+19	1.834914e+30	1.666037e+31	1.113657e+28	3.583909e+30
2.500000e-06	3.771707e-52	7.779761e-52	2.395120e+15	1.092816e+30	8.306229e+30	3.605910e+28	1.615348e+30
2.700000e-06	4.751264e-52	9.800258e-52	2.088885e+09	5.986046e+29	3.852138e+30	9.634402e+28	7.095336e+29
2.900000e-06	5.887242e-52	1.214340e-51	6.852206e+00	3.126737e+29	1.567587e+30	2.279777e+29	2.463497e+29
3.100000e-06	7.191227e-52	1.483308e-51	2.612704e-12	1.497018e+29	5.985348e+29	4.525357e+29	7.843102e+28
3.300000e-06	8.674805e-52	1.789320e-51	4.374550e-31	6.702629e+28	2.057430e+29	8.597259e+29	2.195990e+28
3.500000e-06	1.034956e-51	2.134766e-51	1.382734e-51	2.859487e+28	6.243274e+28	1.436189e+30	5.318379e+27
3.700000e-06	1.222709e-51	2.522037e-51	1.633577e-51	1.125378e+28	1.740052e+28	2.255323e+30	1.111829e+27
3.900000e-06	1.431897e-51	2.953521e-51	1.913059e-51	4.098166e+27	4.231367e+27	3.399851e+30	1.980305e+26
4.100000e-06	1.663679e-51	3.431609e-51	2.222727e-51	1.388417e+27	9.044204e+26	4.746729e+30	2.949113e+25
4.300000e-06	1.919213e-51	3.958691e-51	2.564129e-51	4.296679e+26	1.655441e+26	6.297829e+30	3.587548e+24
4.500000e-06	2.199659e-51	4.537156e-51	2.938814e-51	1.215475e+26	2.569292e+25	8.021348e+30	3.507194e+23
4.700000e-06	2.506175e-51	5.169396e-51	3.348329e-51	3.182454e+25	3.259198e+24	9.832138e+30	2.659416e+22
4.900000e-06	2.839920e-51	5.857799e-51	3.794222e-51	7.429101e+24	3.471436e+23	1.203526e+31	1.519002e+21
5.100000e-06	3.202052e-51	6.604755e-51	4.278042e-51	1.565239e+24	2.880192e+22	1.377391e+31	6.215546e+19
5.300000e-06	3.593731e-51	7.412656e-51	4.801337e-51	2.892927e+23	1.910266e+21	1.544154e+31	1.781020e+18
5.500000e-06	4.016113e-51	8.283889e-51	5.365653e-51	4.828423e+22	9.267446e+19	1.736242e+31	3.307083e+16
5.700000e-06	4.470360e-51	9.220846e-51	5.972541e-51	6.823382e+21	3.252628e+18	1.910536e+31	3.783527e+14
5.900000e-06	4.957628e-51	1.022592e-50	6.623546e-51	8.463653e+20	8.011219e+16	2.028022e+31	2.446135e+12
6.100000e-06	5.479077e-51	1.130149e-50	7.320219e-51	8.780571e+19	1.249293e+15	2.137747e+31	8.108962e+09
6.300000e-06	6.035865e-51	1.244996e-50	8.064105e-51	7.682267e+18	1.236827e+13	2.209759e+31	1.248554e+07
6.500000e-06	6.629152e-51	1.367371e-50	8.856755e-51	5.428553e+17	6.930825e+10	2.273565e+31	7.410745e+03
6.700000e-06	7.260095e-51	1.497513e-50	9.699714e-51	3.089603e+16	2.056612e+08	2.310389e+31	1.473627e+00
6.900000e-06	7.929854e-51	1.635662e-50	1.059453e-50	1.387757e+15	2.810027e+05	2.293861e+31	7.776817e-05
7.100000e-06	8.639586e-51	1.782056e-50	1.154276e-50	4.696223e+13	1.546134e+02	2.249523e+31	8.141129e-10
7.300000e-06	9.390452e-51	1.936934e-50	1.254594e-50	1.189333e+12	3.007914e-02	2.194513e+31	1.180203e-15
7.500000e-06	1.018361e-50	2.100535e-50	1.360562e-50	2.144958e+10	1.681950e-06	2.148870e+31	1.466914e-22
7.700000e-06	1.102022e-50	2.273099e-50	1.472335e-50	2.676131e+08	2.000720e-11	2.127921e+31	8.629278e-31
7.900000e-06	1.190143e-50	2.454864e-50	1.590068e-50	2.266445e+06	3.842957e-17	2.035309e+31	1.008142e-40
8.100000e-06	1.282841e-50	2.646070e-50	1.713916e-50	1.115736e+04	7.941922e-24	1.913919e+31	8.876056e-51
8.300000e-06	1.380232e-50	2.846954e-50	1.844034e-50	3.333617e+01	1.045377e-31	1.898003e+31	9.549910e-51
8.500000e-06	1.482432e-50	3.057757e-50	1.980575e-50	5.485376e-02	3.933048e-41	1.755888e+31	1.025703e-50
8.700000e-06	1.589555e-50	3.278717e-50	2.123696e-50	4.470515e-05	1.377891e-50	1.632695e+31	1.099823e-50
8.900000e-06	1.701719e-50	3.510074e-50	2.273550e-50	1.643952e-08	1.475120e-50	1.542873e+31	1.177430e-50
9.100000e-06	1.819039e-50	3.752065e-50	2.430293e-50	2.459523e-12	1.576817e-50	1.436368e+31	1.258604e-50
9.300000e-06	1.941631e-50	4.004931e-50	2.594080e-50	1.369585e-16	1.683085e-50	1.354061e+31	1.343426e-50
9.500000e-06	2.069611e-50	4.268910e-50	2.765065e-50	1.940660e-21	1.794023e-50	1.253553e+31	1.431976e-50
9.700000e-06	2.203094e-50	4.544242e-50	2.943403e-50	7.857314e-27	1.909732e-50	1.172795e+31	1.524334e-50
9.900000e-06	2.342197e-50	4.831164e-50	3.129249e-50	4.848806e-33	2.030312e-50	1.050359e+31	1.620580e-50
1.010000e-05	2.487036e-50	5.129917e-50	3.322758e-50	4.424093e-40	2.155864e-50	9.854770e+30	1.720795e-50
1.030000e-05	2.637725e-50	5.440739e-50	3.524084e-50	2.190070e-50	2.286488e-50	8.990397e+30	1.825058e-50
1.050000e-05	2.794382e-50	5.763869e-50	3.733382e-50	2.320140e-50	2.422284e-50	8.139145e+30	1.933450e-50
1.070000e-05	2.957122e-50	6.099547e-50	3.950808e-50	2.455261e-50	2.563354e-50	7.541436e+30	2.046050e-50
1.090000e-05	3.126061e-50	6.448010e-50	4.176515e-50	2.595528e-50	2.709797e-50	6.919506e+30	2.162940e-50
1.110000e-05	3.301314e-50	6.809499e-50	4.410659e-50	2.741039e-50	2.861713e-50	6.151139e+30	2.284199e-50
1.130000e-05	3.482998e-50	7.184252e-50	4.653395e-50	2.891889e-50	3.019205e-50	5.510203e+30	2.409907e-50
1.150000e-05	3.671229e-50	7.572508e-50	4.904876e-50	3.048174e-50	3.182370e-50	5.050614e+30	2.540145e-50
1.170000e-05	3.866121e-50	7.974506e-50	5.165259e-50	3.209991e-50	3.351311e-50	4.540125e+30	2.674993e-50
1.190000e-05	4.067792e-50	8.390486e-50	5.434698e-50	3.377436e-50	3.526128e-50	4.076210e+30	2.814530e-50
1.210000e-05	4.276358e-50	8.820685e-50	5.713348e-50	3.550605e-50	3.706921e-50	3.636139e+30	2.958837e-50
1.230000e-05	4.491933e-50	9.265344e-50	6.001363e-50	3.729594e-50	3.893790e-50	3.275704e+30	3.107995e-50
1.250000e-05	4.714634e-50	9.724701e-50	6.298898e-50	3.914500e-50	4.086836e-50	2.853922e+30	3.262083e-50
1.270000e-05	4.944576e-50	1.019900e-49	6.606109e-50	4.105418e-50	4.286160e-50	2.630081e+30	3.421182e-50
1.290000e-05	5.181876e-50	1.068847e-49	6.923149e-50	4.302445e-50	4.491861e-50	2.300471e+30	3.585371e-50
1.310000e-05	5.426650e-50	1.119335e-49	7.250174e-50	4.505678e-50	4.704041e-50	2.041933e+30	3.754732e-50
1.330000e-05	5.679012e-50	1.171389e-49	7.587339e-50	4.715211e-50	4.922799e-50	1.801173e+30	3.929343e-50
1.350000e-05	5.939080e-50	1.225032e-49	7.934797e-50	4.931142e-50	5.148237e-50	1.578527e+30	4.109285e-50
1.370000e-05	6.206969e-50	1.280289e-49	8.292706e-50	5.153567e-50	5.380454e-50	1.403902e+30	4.294639e-50
1.390000e-05	6.482795e-50	1.337182e-49	8.661217e-50	5.382582e-50	5.619551e-50	1.236573e+30	4.485485e-50
1.410000e-05	6.766674e-50	1.395737e-49	9.040488e-50	5.618283e-50	5.865628e-50	1.066221e+30	4.681902e-50
1.430000e-05	7.058721e-50	1.455976e-49	9.430672e-50	5.860766e-50	6.118787e-50	9.448849e+29	4.883971e-50
1.450000e-05	7.359053e-50	1.517925e-49	9.831925e-50	6.110127e-50	6.379127e-50	8.239385e+29	5.091773e-50
1.470000e-05	7.667785e-50	1.581606e-49	1.024440e-49	6.366463e-50	6.646748e-50	7.155848e+29	5.305386e-50
1.490000e-05	7.985033e-50	1.647043e-49	1.066825e-49	6.629871e-50	6.921752e-50	6.272041e+29	5.524892e-50
1.510000e-05	8.310913e-50	1.714261e-49	1.110364e-49	6.900445e-50	7.204238e-50	5.441093e+29	5.750371e-50
1.530000e-05	8.645541e-50	1.783284e-49	1.155071e-49	7.178282e-50	7.494307e-50	4.671071e+29	5.981902e-50
1.550000e-05	8.989033e-50	1.854135e-49	1.200963e-49	7.463479e-50	7.792060e-50	4.023920e+29	6.219566e-50
1.570000e-05	9.341505e-50	1.926838e-49	1.248054e-49	7.756132e-50	8.097597e-50	3.526981e+29	6.463443e-50
1.590000e-05	9.703072e-50	2.001417e-49	1.296361e-49	8.056337e-50	8.411018e-50	2.976951e+29	6.713614e-50
1.610000e-05	1.007385e-49	2.077896e-49	1.345898e-49	8.364190e-50	8.732424e-50	2.563631e+29	6.970158e-50
1.630000e-05	1.045396e-49	2.156299e-49	1.396681e-49	8.679787e-50	9.061916e-50	2.225110e+29	7.233156e-50
1.650000e-05	1.084351e-49	2.236650e-49	1.448726e-49	9.003224e-50	9.399593e-50	1.890185e+29	7.502687e-50
1.670000e-05	1.124261e-49	2.318973e-49	1.502048e-49	9.334599e-50	9.745556e-50	1.604838e+29	7.778832e-50
1.690000e-05	1.165140e-49	2.403291e-49	1.556663e-49	9.674006e-50	1.009991e-49	1.368259e+29	8.061672e-50
1.710000e-05	1.206997e-49	2.489629e-49	1.612586e-49	1.002154e-49	1.046274e-49	1.163994e+29	8.351285e-50
1.730000e-05	1.249845e-49	2.578010e-49	1.669832e-49	1.037730e-49	1.083417e-49	9.978740e+28	8.647754e-50
1.750000e-05	1.293695e-49	2.668458e-49	1.728418e-49	1.074139e-49	1.121428e-49	8.386674e+28	8.951156e-50
1.770000e-05	1.338560e-49	2.760998e-49	1.788358e-49	1.111389e-49	1.160318e-49	6.965673e+28	9.261574e-50
1.790000e-05	1.384449e-49	2.855652e-49	1.849667e-49	1.149490e-49	1.200097e-49	5.871631e+28	9.579086e-50
1.810000e-05	1.431376e-49	2.952446e-49	1.912363e-49	1.188453e-49	1.240775e-49	5.059934e+28	9.903774e-50
1.830000e-05	1.479351e-49	3.051402e-49	1.976459e-49	1.228286e-49	1.282362e-49	4.147748e+28	1.023572e-49
1.850000e-05	1.528386e-49	3.152546e-49	2.041972e-49	1.268999e-49	1.324867e-49	3.532427e+28	1.057500e-49
1.870000e-05	1.578493e-49	3.255900e-49	2.108916e-49	1.310603e-49	1.368302e-49	2.906782e+28	1.092169e-49
1.890000e-05	1.629684e-49	3.361488e-49	2.177308e-49	1.353105e-49	1.412676e-49	2.422604e+28	1.127588e-49
1.910000e-05	1.681969e-49	3.469336e-49	2.247163e-49	1.396517e-49	1.457999e-49	2.021016e+28	1.163764e-49
1.930000e-05	1.735361e-49	3.579465e-49	2.318497e-49	1.440848e-49	1.504282e-49	1.658806e+28	1.200707e-49
1.950000e-05	1.789871e-49	3.691901e-49	2.391324e-49	1.486107e-49	1.551533e-49	1.377604e+28	1.238422e-49
1.970000e-05	1.845511e-49	3.806667e-49	2.465660e-49	1.532304e-49	1.599764e-49	1.140117e+28	1.276920e-49
1.990000e-05	1.902292e-49	3.923787e-49	2.541521e-49	1.579449e-49	1.648984e-49	9.423714e+27	1.316207e-49
2.010000e-05	1.960226e-49	4.043285e-49	2.618923e-49	1.627550e-49	1.699203e-49	7.682919e+27	1.356292e-49
2.030000e-05	2.019324e-49	4.165185e-49	2.697880e-49	1.676619e-49	1.750432e-49	6.290780e+27	1.397182e-49
2.050000e-05	2.079598e-49	4.289511e-49	2.778409e-49	1.726664e-49	1.802681e-49	5.136518e+27	1.438887e-49
2.070000e-05	2.141060e-49	4.416287e-49	2.860524e-49	1.777695e-49	1.855958e-49	4.143643e+27	1.481413e-49
2.090000e-05	2.203722e-49	4.545536e-49	2.944241e-49	1.829722e-49	1.910276e-49	3.449436e+27	1.524768e-49
2.110000e-05	2.267594e-49	4.677282e-49	3.029576e-49	1.882754e-49	1.965643e-49	2.755869e+27	1.568962e-49
2.130000e-05	2.332688e-49	4.811550e-49	3.116545e-49	1.936801e-49	2.022069e-49	2.262705e+27	1.614001e-49
2.150000e-05	2.399017e-49	4.948364e-49	3.205162e-49	1.991873e-49	2.079565e-49	1.810372e+27	1.659894e-49
2.170000e-05	2.466591e-49	5.087746e-49	3.295443e-49	2.047979e-49	2.138141e-49	1.438856e+27	1.706649e-49
2.190000e-05	2.535422e-49	5.229721e-49	3.387403e-49	2.105128e-49	2.197807e-49	1.174105e+27	1.754274e-49
2.210000e-05	2.605522e-49	5.374314e-49	3.481059e-49	2.163331e-49	2.258572e-49	9.303242e+26	1.802776e-49
2.230000e-05	2.676902e-49	5.521547e-49	3.576425e-49	2.222598e-49	2.320448e-49	7.385809e+26	1.852165e-49
2.250000e-05	2.749574e-49	5.671446e-49	3.673517e-49	2.282936e-49	2.383443e-49	6.012852e+26	1.902447e-49
2.270000e-05	2.823550e-49	5.824032e-49	3.772351e-49	2.344357e-49	2.447568e-49	4.742390e+26	1.953631e-49
2.290000e-05	2.898841e-49	5.979332e-49	3.872942e-49	2.406870e-49	2.512833e-49	3.723236e+26	2.005725e-49
2.310000e-05	2.975458e-49	6.137368e-49	3.975305e-49	2.470485e-49	2.579248e-49	2.939184e+26	2.058737e-49
2.330000e-05	3.053414e-49	6.298164e-49	4.079456e-49	2.535210e-49	2.646823e-49	2.329055e+26	2.112675e-49
2.350000e-05	3.132719e-49	6.461745e-49	4.185411e-49	2.601057e-49	2.715569e-49	1.800786e+26	2.167547e-49
2.370000e-05	3.213386e-49	6.628134e-49	4.293185e-49	2.668034e-49	2.785494e-49	1.445325e+26	2.223361e-49
2.390000e-05	3.295426e-49	6.797354e-49	4.402793e-49	2.736150e-49	2.856610e-49	1.104408e+26	2.280125e-49
2.410000e-05	3.378851e-49	6.969431e-49	4.514251e-49	2.805417e-49	2.928926e-49	8.808767e+25	2.337847e-49
2.430000e-05	3.463672e-49	7.144388e-49	4.627574e-49	2.875842e-49	3.002452e-49	6.814419e+25	2.396535e-49
2.450000e-05	3.549900e-49	7.322249e-49	4.742778e-49	2.947437e-49	3.077198e-49	5.171085e+25	2.456197e-49
2.470000e-05	3.637548e-49	7.503037e-49	4.859878e-49	3.020210e-49	3.153175e-49	4.081036e+25	2.516841e-49
2.490000e-05	3.726627e-49	7.686777e-49	4.978891e-49	3.094171e-49	3.230392e-49	3.122349e+25	2.578476e-49
2.510000e-05	3.817149e-49	7.873492e-49	5.099830e-49	3.169330e-49	3.308860e-49	2.369875e+25	2.641108e-49
2.530000e-05	3.909124e-49	8.063206e-49	5.222712e-49	3.245696e-49	3.388588e-49	1.811425e+25	2.704746e-49
2.550000e-05	4.002565e-49	8.255944e-49	5.347553e-49	3.323279e-49	3.469587e-49	1.404403e+25	2.769399e-49
2.570000e-05	4.097484e-49	8.451729e-49	5.474367e-49	3.402089e-49	3.551866e-49	1.059874e+25	2.835074e-49
2.590000e-05	4.193892e-49	8.650586e-49	5.603170e-49	3.482134e-49	3.635436e-49	8.085161e+24	2.901779e-49
2.610000e-05	4.291799e-49	8.852537e-49	5.733979e-49	3.563426e-49	3.720307e-49	6.018898e+24	2.969522e-49
2.630000e-05	4.391219e-49	9.057607e-49	5.866807e-49	3.645973e-49	3.806488e-49	4.579703e+24	3.038311e-49
2.650000e-05	4.492163e-49	9.265820e-49	6.001671e-49	3.729786e-49	3.893990e-49	3.418263e+24	3.108155e-49
2.670000e-05	4.594642e-49	9.477199e-49	6.138586e-49	3.814873e-49	3.982823e-49	2.550325e+24	3.179060e-49
2.690000e-05	4.698668e-49	9.691769e-49	6.277567e-49	3.901244e-49	4.072997e-49	1.901742e+24	3.251036e-49
2.710000e-05	4.804252e-49	9.909554e-49	6.418631e-49	3.988909e-49	4.164521e-49	1.411945e+24	3.324091e-49
2.730000e-05	4.911406e-49	1.013058e-48	6.561792e-49	4.077878e-49	4.257407e-49	1.042042e+24	3.398231e-49
2.750000e-05	5.020142e-49	1.035486e-48	6.707067e-49	4.168159e-49	4.351663e-49	7.826219e+23	3.473466e-49
2.770000e-05	5.130471e-49	1.058243e-48	6.854470e-49	4.259764e-49	4.447301e-49	5.651851e+23	3.549803e-49
2.790000e-05	5.242404e-49	1.081331e-48	7.004016e-49	4.352701e-49	4.544330e-49	4.117775e+23	3.627251e-49
2.810000e-05	5.355954e-49	1.104753e-48	7.155723e-49	4.446980e-49	4.642759e-49	3.041474e+23	3.705817e-49
2.830000e-05	5.471132e-49	1.128510e-48	7.309604e-49	4.542611e-49	4.742600e-49	2.231624e+23	3.785509e-49
2.850000e-05	5.587950e-49	1.152606e-48	7.465676e-49	4.639603e-49	4.843862e-49	1.597333e+23	3.866336e-49
2.870000e-05	5.706418e-49	1.177042e-48	7.623953e-49	4.737966e-49	4.946556e-49	1.139492e+23	3.948305e-49
2.890000e-05	5.826549e-49	1.201821e-48	7.784452e-49	4.837709e-49	5.050690e-49	8.311460e+22	4.031424e-49
2.910000e-05	5.948355e-49	1.226945e-48	7.947188e-49	4.938843e-49	5.156276e-49	5.939271e+22	4.115702e-49
2.930000e-05	6.071846e-49	1.252417e-48	8.112177e-49	5.041376e-49	5.263324e-49	4.201581e+22	4.201147e-49
2.950000e-05	6.197035e-49	1.278240e-48	8.279433e-49	5.145319e-49	5.371842e-49	2.994198e+22	4.287766e-49
2.970000e-05	6.323933e-49	1.304414e-48	8.448972e-49	5.250681e-49	5.481843e-49	2.124483e+22	4.375567e-49
2.990000e-05	6.452551e-49	1.330944e-48	8.620811e-49	5.357471e-49	5.593334e-49	1.493101e+22	4.464559e-49
3.010000e-05	6.582902e-49	1.357831e-48	8.794963e-49	5.465699e-49	5.706328e-49	1.049103e+22	4.554749e-49
3.030000e-05	6.714996e-49	1.385078e-48	8.971446e-49	5.575376e-49	5.820832e-49	7.333709e+21	4.646146e-49
3.050000e-05	6.848846e-49	1.412686e-48	9.150273e-49	5.686509e-49	5.936859e-49	5.040406e+21	4.738758e-49
3.070000e-05	6.984463e-49	1.440659e-48	9.331462e-49	5.799110e-49	6.054417e-49	3.537965e+21	4.832592e-49
3.090000e-05	7.121858e-49	1.469000e-48	9.515026e-49	5.913188e-49	6.173517e-49	2.402504e+21	4.927657e-49
3.110000e-05	7.261044e-49	1.497709e-48	9.700982e-49	6.028752e-49	6.294169e-49	1.693560e+21	5.023960e-49
3.130000e-05	7.402031e-49	1.526790e-48	9.889346e-49	6.145812e-49	6.416382e-49	1.131130e+21	5.121510e-49
3.150000e-05	7.544832e-49	1.556245e-48	1.008013e-48	6.264377e-49	6.540167e-49	7.725800e+20	5.220314e-49
3.170000e-05	7.689457e-49	1.586076e-48	1.027336e-48	6.384458e-49	6.665535e-49	5.238249e+20	5.320382e-49
3.190000e-05	7.835919e-49	1.616286e-48	1.046903e-48	6.506063e-49	6.792494e-49	3.512797e+20	5.421720e-49
3.210000e-05	7.984229e-49	1.646878e-48	1.066718e-48	6.629203e-49	6.921055e-49	2.400101e+20	5.524336e-49
3.230000e-05	8.134399e-49	1.677853e-48	1.086781e-48	6.753887e-49	7.051228e-49	1.561294e+20	5.628239e-49
3.250000e-05	8.286440e-49	1.709213e-48	1.107094e-48	6.880125e-49	7.183024e-49	1.038856e+20	5.733437e-49
3.270000e-05	8.440364e-49	1.740963e-48	1.127659e-48	7.007926e-49	7.316451e-49	7.053388e+19	5.839938e-49
3.290000e-05	8.596182e-49	1.773103e-48	1.148477e-48	7.137300e-49	7.451521e-49	4.552329e+19	5.947750e-49
3.310000e-05	8.753906e-49	1.805636e-48	1.169549e-48	7.268256e-49	7.588242e-49	2.967703e+19	6.056880e-49
3.330000e-05	8.913548e-49	1.838565e-48	1.190878e-48	7.400805e-49	7.726626e-49	1.927468e+19	6.167337e-49
3.350000e-05	9.075119e-49	1.871891e-48	1.212464e-48	7.534955e-49	7.866683e-49	1.229339e+19	6.279129e-49
3.370000e-05	9.238631e-49	1.905618e-48	1.234310e-48	7.670717e-49	8.008421e-49	8.236005e+18	6.392264e-49
3.390000e-05	9.404095e-49	1.939748e-48	1.256417e-48	7.808100e-49	8.151852e-49	5.126895e+18	6.506750e-49
3.410000e-05	9.571523e-49	1.974283e-48	1.278785e-48	7.947113e-49	8.296986e-49	3.264770e+18	6.622594e-49
3.430000e-05	9.740926e-49	2.009225e-48	1.301418e-48	8.087767e-49	8.443832e-49	2.054127e+18	6.739805e-49
3.450000e-05	9.912317e-49	2.044577e-48	1.324317e-48	8.230070e-49	8.592400e-49	1.321908e+18	6.858392e-49
3.470000e-05	1.008571e-48	2.080342e-48	1.347482e-48	8.374033e-49	8.742701e-49	8.158060e+17	6.978361e-49
3.490000e-05	1.026111e-48	2.116521e-48	1.370916e-48	8.519665e-49	8.894745e-49	5.021544e+17	7.099721e-49
3.510000e-05	1.043853e-48	2.153117e-48	1.394620e-48	8.666976e-49	9.048541e-49	3.185388e+17	7.222480e-49
3.530000e-05	1.061798e-48	2.190132e-48	1.418596e-48	8.815975e-49	9.204100e-49	1.894469e+17	7.346646e-49
3.550000e-05	1.079948e-48	2.227570e-48	1.442845e-48	8.966672e-49	9.361432e-49	1.186446e+17	7.472227e-49
3.570000e-05	1.098304e-48	2.265431e-48	1.467368e-48	9.119077e-49	9.520546e-49	7.281614e+16	7.599231e-49
3.590000e-05	1.116866e-48	2.303719e-48	1.492169e-48	9.273199e-49	9.681453e-49	4.303666e+16	7.727666e-49
3.610000e-05	1.135637e-48	2.342436e-48	1.517247e-48	9.429048e-49	9.844163e-49	2.573729e+16	7.857540e-49
3.630000e-05	1.154617e-48	2.381585e-48	1.542604e-48	9.586633e-49	1.000869e-48	1.533546e+16	7.988861e-49
3.650000e-05	1.173806e-48	2.421167e-48	1.568242e-48	9.745965e-49	1.017503e-48	8.938816e+15	8.121637e-49
3.670000e-05	1.193208e-48	2.461186e-48	1.594163e-48	9.907052e-49	1.034321e-48	5.448552e+15	8.255877e-49
3.690000e-05	1.212822e-48	2.501643e-48	1.620368e-48	1.006990e-48	1.051323e-48	3.103319e+15	8.391587e-49
3.710000e-05	1.232650e-48	2.542541e-48	1.646858e-48	1.023453e-48	1.068511e-48	1.791508e+15	8.528776e-49
3.730000e-05	1.252692e-48	2.583882e-48	1.673636e-48	1.040094e-48	1.085885e-48	1.034637e+15	8.667453e-49
3.750000e-05	1.272951e-48	2.625669e-48	1.700702e-48	1.056915e-48	1.103446e-48	5.851961e+14	8.807625e-49
3.770000e-05	1.293427e-48	2.667904e-48	1.728059e-48	1.073916e-48	1.121195e-48	3.379551e+14	8.949300e-49
3.790000e-05	1.314122e-48	2.710590e-48	1.755708e-48	1.091098e-48	1.139134e-48	1.877261e+14	9.092486e-49
3.810000e-05	1.335036e-48	2.753729e-48	1.783649e-48	1.108463e-48	1.157263e-48	1.041971e+14	9.237191e-49
3.830000e-05	1.356170e-48	2.797322e-48	1.811886e-48	1.126011e-48	1.175584e-48	5.788137e+13	9.383424e-49
3.850000e-05	1.377527e-48	2.841374e-48	1.840419e-48	1.143743e-48	1.194096e-48	3.206784e+13	9.531191e-49
3.870000e-05	1.399107e-48	2.885886e-48	1.869250e-48	1.161660e-48	1.212803e-48	1.732298e+13	9.680502e-49
3.890000e-05	1.420910e-48	2.930860e-48	1.898381e-48	1.179764e-48	1.231703e-48	9.364474e+12	9.831365e-49
3.910000e-05	1.442940e-48	2.976299e-48	1.927813e-48	1.198054e-48	1.250799e-48	5.024576e+12	9.983786e-49
3.930000e-05	1.465195e-48	3.022205e-48	1.957547e-48	1.216533e-48	1.270091e-48	2.687269e+12	1.013778e-48
3.950000e-05	1.487679e-48	3.068580e-48	1.987586e-48	1.235201e-48	1.289581e-48	1.391067e+12	1.029334e-48
3.970000e-05	1.510391e-48	3.115428e-48	2.017930e-48	1.254058e-48	1.309269e-48	7.485124e+11	1.045049e-48
3.990000e-05	1.533333e-48	3.162750e-48	2.048581e-48	1.273107e-48	1.329156e-48	3.845736e+11	1.060923e-48
4.010000e-05	1.556507e-48	3.210549e-48	2.079542e-48	1.292348e-48	1.349243e-48	1.953423e+11	1.076956e-48
4.030000e-05	1.579913e-48	3.258827e-48	2.110813e-48	1.311781e-48	1.369533e-48	9.884908e+10	1.093151e-48
4.050000e-05	1.603552e-48	3.307587e-48	2.142395e-48	1.331408e-48	1.390024e-48	5.050796e+10	1.109507e-48
4.070000e-05	1.627426e-48	3.356831e-48	2.174292e-48	1.351231e-48	1.410719e-48	2.476108e+10	1.126026e-48
4.090000e-05	1.651535e-48	3.406561e-48	2.206503e-48	1.371249e-48	1.431618e-48	1.257738e+10	1.142707e-48
4.110000e-05	1.675882e-48	3.456780e-48	2.239030e-48	1.391463e-48	1.452723e-48	6.052591e+09	1.159553e-48
4.130000e-05	1.700466e-48	3.507489e-48	2.271876e-48	1.411875e-48	1.474034e-48	2.931532e+09	1.176563e-48
4.150000e-05	1.725290e-48	3.558693e-48	2.305042e-48	1.432486e-48	1.495552e-48	1.400764e+09	1.193739e-48
4.170000e-05	1.750355e-48	3.610392e-48	2.338529e-48	1.453297e-48	1.517279e-48	6.648933e+08	1.211081e-48
4.190000e-05	1.775661e-48	3.662590e-48	2.372338e-48	1.474308e-48	1.539215e-48	3.145043e+08	1.228590e-48
4.210000e-05	1.801209e-48	3.715288e-48	2.406472e-48	1.495521e-48	1.561362e-48	1.443679e+08	1.246268e-48
4.230000e-05	1.827002e-48	3.768490e-48	2.440932e-48	1.516936e-48	1.583720e-48	6.727210e+07	1.264114e-48
4.250000e-05	1.853040e-48	3.822196e-48	2.475719e-48	1.538555e-48	1.606290e-48	3.044465e+07	1.282129e-48
4.270000e-05	1.879323e-48	3.876411e-48	2.510835e-48	1.560378e-48	1.629074e-48	1.370093e+07	1.300315e-48
4.290000e-05	1.905855e-48	3.931136e-48	2.546282e-48	1.582407e-48	1.652072e-48	6.022694e+06	1.318672e-48
4.310000e-05	1.932634e-48	3.986374e-48	2.582060e-48	1.604642e-48	1.675286e-48	2.654618e+06	1.337201e-48
4.330000e-05	1.959664e-48	4.042127e-48	2.618172e-48	1.627084e-48	1.698716e-48	1.147016e+06	1.355903e-48
4.350000e-05	1.986944e-48	4.098397e-48	2.654620e-48	1.649734e-48	1.722364e-48	4.922091e+05	1.374779e-48
4.370000e-05	2.014477e-48	4.155187e-48	2.691404e-48	1.672594e-48	1.746230e-48	2.112494e+05	1.393828e-48
4.390000e-05	2.042262e-48	4.212499e-48	2.728526e-48	1.695664e-48	1.770316e-48	8.662430e+04	1.413053e-48
4.410000e-05	2.070302e-48	4.270335e-48	2.765988e-48	1.718945e-48	1.794622e-48	3.582082e+04	1.432454e-48
4.430000e-05	2.098597e-48	4.328699e-48	2.803792e-48	1.742438e-48	1.819149e-48	1.458075e+04	1.452032e-48
4.450000e-05	2.127149e-48	4.387592e-48	2.841938e-48	1.766145e-48	1.843899e-48	5.863135e+03	1.471787e-48
4.470000e-05	2.155959e-48	4.447017e-48	2.880429e-48	1.790065e-48	1.868873e-48	2.303015e+03	1.491721e-48
4.490000e-05	2.185028e-48	4.506976e-48	2.919265e-48	1.814200e-48	1.894071e-48	9.156443e+02	1.511834e-48
4.510000e-05	2.214356e-48	4.567471e-48	2.958450e-48	1.838552e-48	1.919494e-48	3.450400e+02	1.532127e-48
4.530000e-05	2.243947e-48	4.628506e-48	2.997983e-48	1.863120e-48	1.945144e-48	1.326781e+02	1.552600e-48
4.550000e-05	2.273799e-48	4.690082e-48	3.037867e-48	1.887906e-48	1.971022e-48	4.859137e+01	1.573255e-48
4.570000e-05	2.303915e-48	4.752201e-48	3.078103e-48	1.912911e-48	1.997128e-48	1.858219e+01	1.594093e-48
4.590000e-05	2.334296e-48	4.814867e-48	3.118693e-48	1.938136e-48	2.023463e-48	6.539346e+00	1.615114e-48
4.610000e-05	2.364943e-48	4.878081e-48	3.159638e-48	1.963582e-48	2.050029e-48	2.336355e+00	1.636318e-48
4.630000e-05	2.395857e-48	4.941846e-48	3.200940e-48	1.989249e-48	2.076826e-48	8.224155e-01	1.657708e-48
4.650000e-05	2.427039e-48	5.006164e-48	3.242600e-48	2.015139e-48	2.103856e-48	2.868213e-01	1.679283e-48
4.670000e-05	2.458491e-48	5.071038e-48	3.284620e-48	2.041253e-48	2.131120e-48	9.589519e-02	1.701044e-48
4.690000e-05	2.490213e-48	5.136470e-48	3.327002e-48	2.067592e-48	2.158618e-48	3.188053e-02	1.722993e-48
4.710000e-05	2.522206e-48	5.202462e-48	3.369747e-48	2.094156e-48	2.186351e-48	1.055521e-02	1.745130e-48
4.730000e-05	2.554473e-48	5.269017e-48	3.412856e-48	2.120946e-48	2.214321e-48	3.360669e-03	1.767455e-48
4.750000e-05	2.587014e-48	5.336138e-48	3.456331e-48	2.147964e-48	2.242529e-48	1.078176e-03	1.789970e-48
