# number of size bins = 102
# 0:size [cm], masses (1:Al2O3, 2:Fe, 3:Fe3O4, 4:MgSiO3, 5:Mg2SiO4, 6:AC, 7:SiO2) [g]
1.000000e-07	2.413892e-56	4.979047e-56	9.330941e+29	2.956831e+28	4.227000e+29	5.166006e+21	1.670187e-56
3.000000e-07	6.517509e-55	1.344343e-54	2.949463e+32	8.052603e+30	1.215083e+32	5.818717e+19	4.509504e-55
5.000000e-07	8.685631e+30	6.223809e-54	2.502876e+32	4.810963e+30	3.745986e+32	4.338207e+24	5.580410e+31
7.000000e-07	1.895783e+25	1.707813e-53	6.186049e+29	2.132267e+29	1.525677e+32	1.208643e+27	1.016190e+29
9.000000e-07	1.759728e-53	3.629725e-53	3.573588e+24	1.349372e+27	4.146331e+31	3.677400e+28	3.272662e+17
1.100000e-06	3.212891e-53	6.627111e-53	4.126112e+12	5.082382e+23	4.786278e+30	3.558316e+29	1.126748e-35
1.300000e-06	5.303322e-53	1.093897e-52	4.520159e-20	2.103211e+18	2.432739e+29	1.714046e+30	3.669400e-53
1.500000e-06	8.146887e-53	1.680428e-52	1.088450e-52	2.223323e+09	5.146174e+27	5.325923e+30	5.636880e-53
1.700000e-06	1.185945e-52	2.446206e-52	1.584460e-52	2.104999e-07	2.812797e+25	1.184122e+31	8.205627e-53
1.900000e-06	1.655689e-52	3.415128e-52	2.212052e-52	1.978201e-38	2.400949e+22	2.106680e+31	1.145581e-52
2.100000e-06	2.235506e-52	4.611095e-52	2.986706e-52	1.856112e-52	1.251177e+18	3.171175e+31	1.546760e-52
2.300000e-06	2.936983e-52	6.058006e-52	3.923901e-52	2.438539e-52	1.044339e+12	4.234707e+31	2.032116e-52
2.500000e-06	3.771707e-52	7.779761e-52	5.039118e-52	3.131600e-52	9.866021e+02	5.138920e+31	2.609667e-52
2.700000e-06	4.751264e-52	9.800258e-52	6.347838e-52	3.944914e-52	8.277885e-12	5.722552e+31	3.287428e-52
2.900000e-06	5.887242e-52	1.214340e-51	7.865540e-52	4.888102e-52	7.626284e-35	6.084517e+31	4.073418e-52
3.100000e-06	7.191227e-52	1.483308e-51	9.607704e-52	5.970784e-52	6.233648e-52	6.043000e+31	4.975653e-52
3.300000e-06	8.674805e-52	1.789320e-51	1.158981e-51	7.202580e-52	7.519674e-52	5.706359e+31	6.002150e-52
3.500000e-06	1.034956e-51	2.134766e-51	1.382734e-51	8.593110e-52	8.971423e-52	5.365530e+31	7.160925e-52
3.700000e-06	1.222709e-51	2.522037e-51	1.633577e-51	1.015200e-51	1.059894e-51	4.925065e+31	8.459996e-52
3.900000e-06	1.431897e-51	2.953521e-51	1.913059e-51	1.188886e-51	1.241226e-51	4.273117e+31	9.907380e-52
4.100000e-06	1.663679e-51	3.431609e-51	2.222727e-51	1.381331e-51	1.442145e-51	3.704114e+31	1.151109e-51
4.300000e-06	1.919213e-51	3.958691e-51	2.564129e-51	1.593498e-51	1.663652e-51	3.165540e+31	1.327915e-51
4.500000e-06	2.199659e-51	4.537156e-51	2.938814e-51	1.826349e-51	1.906754e-51	2.667300e+31	1.521958e-51
4.700000e-06	2.506175e-51	5.169396e-51	3.348329e-51	2.080845e-51	2.172455e-51	2.172049e+31	1.734038e-51
4.900000e-06	2.839920e-51	5.857799e-51	3.794222e-51	2.357949e-51	2.461759e-51	1.775012e+31	1.964958e-51
5.100000e-06	3.202052e-51	6.604755e-51	4.278042e-51	2.658623e-51	2.775669e-51	1.442373e+31	2.215519e-51
5.300000e-06	3.593731e-51	7.412656e-51	4.801337e-51	2.983828e-51	3.115192e-51	1.124849e+31	2.486524e-51
5.500000e-06	4.016113e-51	8.283889e-51	5.365653e-51	3.334528e-51	3.481331e-51	8.932507e+30	2.778773e-51
5.700000e-06	4.470360e-51	9.220846e-51	5.972541e-51	3.711682e-51	3.875090e-51	6.879663e+30	3.093069e-51
5.900000e-06	4.957628e-51	1.022592e-50	6.623546e-51	4.116255e-51	4.297474e-51	5.271938e+30	3.430213e-51
6.100000e-06	5.479077e-51	1.130149e-50	7.320219e-51	4.549208e-51	4.749487e-51	3.998752e+30	3.791006e-51
6.300000e-06	6.035865e-51	1.244996e-50	8.064105e-51	5.011502e-51	5.232134e-51	2.968378e+30	4.176252e-51
6.500000e-06	6.629152e-51	1.367371e-50	8.856755e-51	5.504100e-51	5.746419e-51	2.240695e+30	4.586750e-51
6.700000e-06	7.260095e-51	1.497513e-50	9.699714e-51	6.027964e-51	6.293346e-51	1.609254e+30	5.023303e-51
6.900000e-06	7.929854e-51	1.635662e-50	1.059453e-50	6.584056e-51	6.873920e-51	1.174934e+30	5.486713e-51
7.100000e-06	8.639586e-51	1.782056e-50	1.154276e-50	7.173338e-51	7.489145e-51	8.324475e+29	5.977782e-51
7.300000e-06	9.390452e-51	1.936934e-50	1.254594e-50	7.796772e-51	8.140026e-51	5.956599e+29	6.497310e-51
7.500000e-06	1.018361e-50	2.100535e-50	1.360562e-50	8.455320e-51	8.827567e-51	4.127682e+29	7.046100e-51
7.700000e-06	1.102022e-50	2.273099e-50	1.472335e-50	9.149944e-51	9.552771e-51	2.879916e+29	7.624953e-51
7.900000e-06	1.190143e-50	2.454864e-50	1.590068e-50	9.881606e-51	1.031664e-50	1.931941e+29	8.234671e-51
8.100000e-06	1.282841e-50	2.646070e-50	1.713916e-50	1.065127e-50	1.112019e-50	1.330227e+29	8.876056e-51
8.300000e-06	1.380232e-50	2.846954e-50	1.844034e-50	1.145989e-50	1.196442e-50	8.654972e+28	9.549910e-51
8.500000e-06	1.482432e-50	3.057757e-50	1.980575e-50	1.230844e-50	1.285032e-50	5.781280e+28	1.025703e-50
8.700000e-06	1.589555e-50	3.278717e-50	2.123696e-50	1.319787e-50	1.377891e-50	3.708594e+28	1.099823e-50
8.900000e-06	1.701719e-50	3.510074e-50	2.273550e-50	1.412916e-50	1.475120e-50	2.385452e+28	1.177430e-50
9.100000e-06	1.819039e-50	3.752065e-50	2.430293e-50	1.510325e-50	1.576817e-50	1.511190e+28	1.258604e-50
9.300000e-06	1.941631e-50	4.004931e-50	2.594080e-50	1.612112e-50	1.683085e-50	9.432865e+27	1.343426e-50
9.500000e-06	2.069611e-50	4.268910e-50	2.765065e-50	1.718372e-50	1.794023e-50	5.723380e+27	1.431976e-50
9.700000e-06	2.203094e-50	4.544242e-50	2.943403e-50	1.829201e-50	1.909732e-50	3.499501e+27	1.524334e-50
9.900000e-06	2.342197e-50	4.831164e-50	3.129249e-50	1.944696e-50	2.030312e-50	2.079159e+27	1.620580e-50
1.010000e-05	2.487036e-50	5.129917e-50	3.322758e-50	2.064954e-50	2.155864e-50	1.212001e+27	1.720795e-50
1.030000e-05	2.637725e-50	5.440739e-50	3.524084e-50	2.190070e-50	2.286488e-50	7.027816e+26	1.825058e-50
1.050000e-05	2.794382e-50	5.763869e-50	3.733382e-50	2.320140e-50	2.422284e-50	4.001668e+26	1.933450e-50
1.070000e-05	2.957122e-50	6.099547e-50	3.950808e-50	2.455261e-50	2.563354e-50	2.238050e+26	2.046050e-50
1.090000e-05	3.126061e-50	6.448010e-50	4.176515e-50	2.595528e-50	2.709797e-50	1.228929e+26	2.162940e-50
1.110000e-05	3.301314e-50	6.809499e-50	4.410659e-50	2.741039e-50	2.861713e-50	6.591534e+25	2.284199e-50
1.130000e-05	3.482998e-50	7.184252e-50	4.653395e-50	2.891889e-50	3.019205e-50	3.529370e+25	2.409907e-50
1.150000e-05	3.671229e-50	7.572508e-50	4.904876e-50	3.048174e-50	3.182370e-50	1.822585e+25	2.540145e-50
1.170000e-05	3.866121e-50	7.974506e-50	5.165259e-50	3.209991e-50	3.351311e-50	9.323461e+24	2.674993e-50
1.190000e-05	4.067792e-50	8.390486e-50	5.434698e-50	3.377436e-50	3.526128e-50	4.670367e+24	2.814530e-50
1.210000e-05	4.276358e-50	8.820685e-50	5.713348e-50	3.550605e-50	3.706921e-50	2.289770e+24	2.958837e-50
1.230000e-05	4.491933e-50	9.265344e-50	6.001363e-50	3.729594e-50	3.893790e-50	1.092239e+24	3.107995e-50
1.250000e-05	4.714634e-50	9.724701e-50	6.298898e-50	3.914500e-50	4.086836e-50	5.171877e+23	3.262083e-50
1.270000e-05	4.944576e-50	1.019900e-49	6.606109e-50	4.105418e-50	4.286160e-50	2.355729e+23	3.421182e-50
1.290000e-05	5.181876e-50	1.068847e-49	6.923149e-50	4.302445e-50	4.491861e-50	1.064421e+23	3.585371e-50
1.310000e-05	5.426650e-50	1.119335e-49	7.250174e-50	4.505678e-50	4.704041e-50	4.612511e+22	3.754732e-50
1.330000e-05	5.679012e-50	1.171389e-49	7.587339e-50	4.715211e-50	4.922799e-50	1.957917e+22	3.929343e-50
1.350000e-05	5.939080e-50	1.225032e-49	7.934797e-50	4.931142e-50	5.148237e-50	8.232147e+21	4.109285e-50
1.370000e-05	6.206969e-50	1.280289e-49	8.292706e-50	5.153567e-50	5.380454e-50	3.327224e+21	4.294639e-50
1.390000e-05	6.482795e-50	1.337182e-49	8.661217e-50	5.382582e-50	5.619551e-50	1.297813e+21	4.485485e-50
1.410000e-05	6.766674e-50	1.395737e-49	9.040488e-50	5.618283e-50	5.865628e-50	4.982083e+20	4.681902e-50
1.430000e-05	7.058721e-50	1.455976e-49	9.430672e-50	5.860766e-50	6.118787e-50	1.859222e+20	4.883971e-50
1.450000e-05	7.359053e-50	1.517925e-49	9.831925e-50	6.110127e-50	6.379127e-50	6.606586e+19	5.091773e-50
1.470000e-05	7.667785e-50	1.581606e-49	1.024440e-49	6.366463e-50	6.646748e-50	2.288987e+19	5.305386e-50
1.490000e-05	7.985033e-50	1.647043e-49	1.066825e-49	6.629871e-50	6.921752e-50	7.788941e+18	5.524892e-50
1.510000e-05	8.310913e-50	1.714261e-49	1.110364e-49	6.900445e-50	7.204238e-50	2.511751e+18	5.750371e-50
1.530000e-05	8.645541e-50	1.783284e-49	1.155071e-49	7.178282e-50	7.494307e-50	7.937349e+17	5.981902e-50
1.550000e-05	8.989033e-50	1.854135e-49	1.200963e-49	7.463479e-50	7.792060e-50	2.369285e+17	6.219566e-50
1.570000e-05	9.341505e-50	1.926838e-49	1.248054e-49	7.756132e-50	8.097597e-50	6.883193e+16	6.463443e-50
1.590000e-05	9.703072e-50	2.001417e-49	1.296361e-49	8.056337e-50	8.411018e-50	1.916401e+16	6.713614e-50
1.610000e-05	1.007385e-49	2.077896e-49	1.345898e-49	8.364190e-50	8.732424e-50	5.103793e+15	6.970158e-50
1.630000e-05	1.045396e-49	2.156299e-49	1.396681e-49	8.679787e-50	9.061916e-50	1.296850e+15	7.233156e-50
1.650000e-05	1.084351e-49	2.236650e-49	1.448726e-49	9.003224e-50	9.399593e-50	3.130140e+14	7.502687e-50
1.670000e-05	1.124261e-49	2.318973e-49	1.502048e-49	9.334599e-50	9.745556e-50	7.290047e+13	7.778832e-50
1.690000e-05	1.165140e-49	2.403291e-49	1.556663e-49	9.674006e-50	1.009991e-49	1.617680e+13	8.061672e-50
1.710000e-05	1.206997e-49	2.489629e-49	1.612586e-49	1.002154e-49	1.046274e-49	3.332131e+12	8.351285e-50
1.730000e-05	1.249845e-49	2.578010e-49	1.669832e-49	1.037730e-49	1.083417e-49	6.564487e+11	8.647754e-50
1.750000e-05	1.293695e-49	2.668458e-49	1.728418e-49	1.074139e-49	1.121428e-49	1.242686e+11	8.951156e-50
1.770000e-05	1.338560e-49	2.760998e-49	1.788358e-49	1.111389e-49	1.160318e-49	2.172613e+10	9.261574e-50
1.790000e-05	1.384449e-49	2.855652e-49	1.849667e-49	1.149490e-49	1.200097e-49	3.546628e+09	9.579086e-50
1.810000e-05	1.431376e-49	2.952446e-49	1.912363e-49	1.188453e-49	1.240775e-49	5.503223e+08	9.903774e-50
1.830000e-05	1.479351e-49	3.051402e-49	1.976459e-49	1.228286e-49	1.282362e-49	7.969645e+07	1.023572e-49
1.850000e-05	1.528386e-49	3.152546e-49	2.041972e-49	1.268999e-49	1.324867e-49	1.045141e+07	1.057500e-49
1.870000e-05	1.578493e-49	3.255900e-49	2.108916e-49	1.310603e-49	1.368302e-49	1.319295e+06	1.092169e-49
1.890000e-05	1.629684e-49	3.361488e-49	2.177308e-49	1.353105e-49	1.412676e-49	1.503399e+05	1.127588e-49
1.910000e-05	1.681969e-49	3.469336e-49	2.247163e-49	1.396517e-49	1.457999e-49	1.567171e+04	1.163764e-49
1.930000e-05	1.735361e-49	3.579465e-49	2.318497e-49	1.440848e-49	1.504282e-49	1.525301e+03	1.200707e-49
1.950000e-05	1.789871e-49	3.691901e-49	2.391324e-49	1.486107e-49	1.551533e-49	1.317437e+02	1.238422e-49
1.970000e-05	1.845511e-49	3.806667e-49	2.465660e-49	1.532304e-49	1.599764e-49	1.051316e+01	1.276920e-49
1.990000e-05	1.902292e-49	3.923787e-49	2.541521e-49	1.579449e-49	1.648984e-49	7.544736e-01	1.316207e-49
2.010000e-05	1.960226e-49	4.043285e-49	2.618923e-49	1.627550e-49	1.699203e-49	4.840417e-02	1.356292e-49
2.030000e-05	2.019324e-49	4.165185e-49	2.697880e-49	1.676619e-49	1.750432e-49	2.755306e-03	1.397182e-49
