# number of size bins = 100
# 0:size [cm], masses (1:Al2O3, 2:Fe, 3:Fe3O4, 4:MgSiO3, 5:Mg2SiO4, 6:AC, 7:SiO2) [g]
1.000000e-07	0.000000e+00	0.000000e+00	0.000000e+00	1.206891e+24	4.068100e+25	5.242045e+17	5.233323e+26
1.072267e-07	0.000000e+00	0.000000e+00	0.000000e+00	5.485820e+23	4.813292e+24	6.492794e+16	1.268850e+27
1.149757e-07	0.000000e+00	0.000000e+00	0.000000e+00	1.171477e+23	0.000000e+00	3.769164e+16	2.527005e+27
1.232847e-07	0.000000e+00	0.000000e+00	0.000000e+00	0.000000e+00	0.000000e+00	5.869129e+16	2.540469e+20
1.321941e-07	0.000000e+00	0.000000e+00	0.000000e+00	0.000000e+00	0.000000e+00	2.664987e+13	7.420789e-02
1.417474e-07	0.000000e+00	0.000000e+00	0.000000e+00	2.302936e+21	0.000000e+00	1.032856e+17	0.000000e+00
1.519911e-07	0.000000e+00	0.000000e+00	0.000000e+00	0.000000e+00	0.000000e+00	0.000000e+00	0.000000e+00
1.629751e-07	0.000000e+00	0.000000e+00	0.000000e+00	0.000000e+00	0.000000e+00	0.000000e+00	0.000000e+00
1.747528e-07	0.000000e+00	0.000000e+00	0.000000e+00	0.000000e+00	0.000000e+00	0.000000e+00	0.000000e+00
1.873817e-07	0.000000e+00	0.000000e+00	0.000000e+00	0.000000e+00	0.000000e+00	0.000000e+00	0.000000e+00
2.009233e-07	0.000000e+00	0.000000e+00	0.000000e+00	0.000000e+00	0.000000e+00	0.000000e+00	0.000000e+00
2.154435e-07	0.000000e+00	0.000000e+00	0.000000e+00	0.000000e+00	0.000000e+00	0.000000e+00	0.000000e+00
2.310130e-07	0.000000e+00	0.000000e+00	0.000000e+00	0.000000e+00	0.000000e+00	0.000000e+00	0.000000e+00
2.477076e-07	0.000000e+00	0.000000e+00	0.000000e+00	0.000000e+00	0.000000e+00	1.639435e+24	0.000000e+00
2.656088e-07	0.000000e+00	0.000000e+00	0.000000e+00	0.000000e+00	0.000000e+00	2.028081e+24	0.000000e+00
2.848036e-07	0.000000e+00	0.000000e+00	0.000000e+00	0.000000e+00	8.025487e+20	5.525841e+24	0.000000e+00
3.053856e-07	0.000000e+00	0.000000e+00	0.000000e+00	0.000000e+00	0.000000e+00	7.363540e+24	0.000000e+00
3.274549e-07	0.000000e+00	0.000000e+00	0.000000e+00	0.000000e+00	0.000000e+00	5.677333e+24	0.000000e+00
3.511192e-07	0.000000e+00	0.000000e+00	0.000000e+00	0.000000e+00	0.000000e+00	0.000000e+00	0.000000e+00
3.764936e-07	0.000000e+00	0.000000e+00	0.000000e+00	0.000000e+00	0.000000e+00	0.000000e+00	0.000000e+00
4.037017e-07	0.000000e+00	0.000000e+00	0.000000e+00	0.000000e+00	0.000000e+00	0.000000e+00	0.000000e+00
4.328761e-07	0.000000e+00	0.000000e+00	0.000000e+00	0.000000e+00	0.000000e+00	0.000000e+00	0.000000e+00
4.641589e-07	0.000000e+00	0.000000e+00	0.000000e+00	0.000000e+00	0.000000e+00	1.317464e+25	0.000000e+00
4.977024e-07	0.000000e+00	0.000000e+00	0.000000e+00	0.000000e+00	0.000000e+00	0.000000e+00	0.000000e+00
5.336699e-07	0.000000e+00	0.000000e+00	0.000000e+00	0.000000e+00	0.000000e+00	2.263089e+25	0.000000e+00
5.722368e-07	0.000000e+00	0.000000e+00	0.000000e+00	0.000000e+00	5.920912e+20	1.292712e+26	0.000000e+00
6.135907e-07	0.000000e+00	0.000000e+00	0.000000e+00	0.000000e+00	0.000000e+00	1.196397e+26	0.000000e+00
6.579332e-07	0.000000e+00	0.000000e+00	0.000000e+00	0.000000e+00	0.000000e+00	1.424470e+25	0.000000e+00
7.054802e-07	0.000000e+00	0.000000e+00	7.685239e-19	3.733608e-08	0.000000e+00	2.062749e+26	0.000000e+00
7.564633e-07	0.000000e+00	0.000000e+00	0.000000e+00	0.000000e+00	0.000000e+00	2.379188e+26	0.000000e+00
8.111308e-07	0.000000e+00	0.000000e+00	0.000000e+00	0.000000e+00	0.000000e+00	1.027383e+26	0.000000e+00
8.697490e-07	0.000000e+00	0.000000e+00	0.000000e+00	0.000000e+00	0.000000e+00	1.187312e+27	0.000000e+00
9.326033e-07	0.000000e+00	0.000000e+00	3.970298e-34	1.426668e-18	0.000000e+00	9.128184e+22	0.000000e+00
1.000000e-06	0.000000e+00	0.000000e+00	0.000000e+00	0.000000e+00	0.000000e+00	9.515955e+26	0.000000e+00
1.072267e-06	0.000000e+00	0.000000e+00	0.000000e+00	0.000000e+00	0.000000e+00	1.117151e+27	0.000000e+00
1.149757e-06	0.000000e+00	0.000000e+00	0.000000e+00	0.000000e+00	0.000000e+00	1.395586e+27	0.000000e+00
1.232847e-06	0.000000e+00	0.000000e+00	0.000000e+00	0.000000e+00	0.000000e+00	2.102795e+27	0.000000e+00
1.321941e-06	0.000000e+00	0.000000e+00	0.000000e+00	0.000000e+00	7.558186e+17	5.012977e+26	0.000000e+00
1.417474e-06	0.000000e+00	0.000000e+00	0.000000e+00	0.000000e+00	0.000000e+00	2.290295e+27	0.000000e+00
1.519911e-06	0.000000e+00	0.000000e+00	0.000000e+00	0.000000e+00	0.000000e+00	3.273048e+25	0.000000e+00
1.629751e-06	0.000000e+00	0.000000e+00	0.000000e+00	0.000000e+00	0.000000e+00	2.907311e+26	0.000000e+00
1.747528e-06	0.000000e+00	0.000000e+00	0.000000e+00	0.000000e+00	2.914742e+15	0.000000e+00	0.000000e+00
1.873817e-06	0.000000e+00	0.000000e+00	0.000000e+00	0.000000e+00	0.000000e+00	2.787262e+27	0.000000e+00
2.009233e-06	0.000000e+00	0.000000e+00	0.000000e+00	0.000000e+00	0.000000e+00	5.047404e+27	0.000000e+00
2.154435e-06	0.000000e+00	0.000000e+00	0.000000e+00	0.000000e+00	0.000000e+00	0.000000e+00	0.000000e+00
2.310130e-06	0.000000e+00	0.000000e+00	0.000000e+00	0.000000e+00	0.000000e+00	5.007955e+26	0.000000e+00
2.477076e-06	0.000000e+00	0.000000e+00	0.000000e+00	0.000000e+00	0.000000e+00	1.578474e+26	0.000000e+00
2.656088e-06	0.000000e+00	0.000000e+00	0.000000e+00	0.000000e+00	0.000000e+00	1.318477e+28	0.000000e+00
2.848036e-06	0.000000e+00	0.000000e+00	0.000000e+00	0.000000e+00	0.000000e+00	2.177827e+26	0.000000e+00
3.053856e-06	0.000000e+00	0.000000e+00	0.000000e+00	0.000000e+00	0.000000e+00	9.751908e+27	0.000000e+00
3.274549e-06	0.000000e+00	0.000000e+00	0.000000e+00	0.000000e+00	0.000000e+00	1.438317e+26	0.000000e+00
3.511192e-06	0.000000e+00	0.000000e+00	0.000000e+00	0.000000e+00	0.000000e+00	1.122572e+27	0.000000e+00
3.764936e-06	0.000000e+00	0.000000e+00	0.000000e+00	0.000000e+00	0.000000e+00	1.944566e+26	0.000000e+00
4.037017e-06	0.000000e+00	0.000000e+00	0.000000e+00	0.000000e+00	0.000000e+00	7.576509e+26	0.000000e+00
4.328761e-06	0.000000e+00	0.000000e+00	0.000000e+00	0.000000e+00	0.000000e+00	0.000000e+00	0.000000e+00
4.641589e-06	0.000000e+00	0.000000e+00	0.000000e+00	0.000000e+00	0.000000e+00	3.073456e+26	0.000000e+00
4.977024e-06	0.000000e+00	0.000000e+00	0.000000e+00	0.000000e+00	0.000000e+00	5.079062e+25	0.000000e+00
5.336699e-06	0.000000e+00	0.000000e+00	0.000000e+00	0.000000e+00	0.000000e+00	1.531809e+26	0.000000e+00
5.722368e-06	0.000000e+00	0.000000e+00	0.000000e+00	0.000000e+00	0.000000e+00	5.627605e+24	0.000000e+00
6.135907e-06	0.000000e+00	0.000000e+00	0.000000e+00	0.000000e+00	0.000000e+00	3.916628e+25	0.000000e+00
6.579332e-06	0.000000e+00	0.000000e+00	0.000000e+00	0.000000e+00	0.000000e+00	3.036605e+24	0.000000e+00
7.054802e-06	0.000000e+00	0.000000e+00	0.000000e+00	0.000000e+00	0.000000e+00	9.353113e+24	0.000000e+00
7.564633e-06	0.000000e+00	0.000000e+00	0.000000e+00	0.000000e+00	0.000000e+00	0.000000e+00	0.000000e+00
8.111308e-06	0.000000e+00	0.000000e+00	0.000000e+00	0.000000e+00	0.000000e+00	3.821135e+23	0.000000e+00
8.697490e-06	0.000000e+00	0.000000e+00	0.000000e+00	0.000000e+00	0.000000e+00	5.772907e+21	0.000000e+00
9.326033e-06	0.000000e+00	0.000000e+00	0.000000e+00	0.000000e+00	0.000000e+00	4.338866e+22	1.460101e-23
1.000000e-05	0.000000e+00	0.000000e+00	0.000000e+00	5.643708e-24	1.175489e-23	0.000000e+00	0.000000e+00
1.072267e-05	0.000000e+00	0.000000e+00	0.000000e+00	1.978796e-23	1.373809e-23	1.787610e+20	0.000000e+00
1.149757e-05	0.000000e+00	0.000000e+00	5.024515e-23	0.000000e+00	0.000000e+00	4.011933e+18	0.000000e+00
1.232847e-05	0.000000e+00	0.000000e+00	0.000000e+00	0.000000e+00	0.000000e+00	3.996622e+16	0.000000e+00
1.321941e-05	0.000000e+00	6.413140e-23	0.000000e+00	0.000000e+00	0.000000e+00	3.797789e+14	0.000000e+00
1.417474e-05	0.000000e+00	7.495121e-23	0.000000e+00	0.000000e+00	0.000000e+00	5.867375e+11	0.000000e+00
1.519911e-05	7.653563e-23	0.000000e+00	0.000000e+00	0.000000e+00	0.000000e+00	2.916373e+08	0.000000e+00
1.629751e-05	2.981556e-23	0.000000e+00	0.000000e+00	0.000000e+00	0.000000e+00	4.774149e+03	0.000000e+00
1.747528e-05	0.000000e+00	0.000000e+00	0.000000e+00	0.000000e+00	0.000000e+00	3.563551e-02	0.000000e+00
1.873817e-05	0.000000e+00	0.000000e+00	0.000000e+00	0.000000e+00	0.000000e+00	0.000000e+00	0.000000e+00
2.009233e-05	0.000000e+00	0.000000e+00	0.000000e+00	0.000000e+00	0.000000e+00	0.000000e+00	0.000000e+00
2.154435e-05	0.000000e+00	0.000000e+00	0.000000e+00	0.000000e+00	0.000000e+00	0.000000e+00	0.000000e+00
2.310130e-05	0.000000e+00	0.000000e+00	0.000000e+00	0.000000e+00	0.000000e+00	0.000000e+00	0.000000e+00
2.477076e-05	0.000000e+00	0.000000e+00	0.000000e+00	0.000000e+00	0.000000e+00	0.000000e+00	0.000000e+00
2.656088e-05	0.000000e+00	0.000000e+00	0.000000e+00	0.000000e+00	0.000000e+00	0.000000e+00	0.000000e+00
2.848036e-05	0.000000e+00	0.000000e+00	0.000000e+00	0.000000e+00	0.000000e+00	0.000000e+00	0.000000e+00
3.053856e-05	0.000000e+00	0.000000e+00	0.000000e+00	0.000000e+00	0.000000e+00	0.000000e+00	0.000000e+00
3.274549e-05	0.000000e+00	0.000000e+00	0.000000e+00	0.000000e+00	0.000000e+00	0.000000e+00	0.000000e+00
3.511192e-05	0.000000e+00	0.000000e+00	0.000000e+00	0.000000e+00	0.000000e+00	0.000000e+00	0.000000e+00
3.764936e-05	0.000000e+00	0.000000e+00	0.000000e+00	0.000000e+00	0.000000e+00	0.000000e+00	0.000000e+00
4.037017e-05	0.000000e+00	0.000000e+00	0.000000e+00	0.000000e+00	0.000000e+00	0.000000e+00	0.000000e+00
4.328761e-05	0.000000e+00	0.000000e+00	0.000000e+00	0.000000e+00	0.000000e+00	0.000000e+00	0.000000e+00
4.641589e-05	0.000000e+00	0.000000e+00	0.000000e+00	0.000000e+00	0.000000e+00	0.000000e+00	0.000000e+00
4.977024e-05	0.000000e+00	0.000000e+00	0.000000e+00	0.000000e+00	0.000000e+00	0.000000e+00	0.000000e+00
5.336699e-05	0.000000e+00	0.000000e+00	0.000000e+00	0.000000e+00	0.000000e+00	0.000000e+00	0.000000e+00
5.722368e-05	0.000000e+00	0.000000e+00	0.000000e+00	0.000000e+00	0.000000e+00	0.000000e+00	0.000000e+00
6.135907e-05	0.000000e+00	0.000000e+00	0.000000e+00	0.000000e+00	0.000000e+00	0.000000e+00	0.000000e+00
6.579332e-05	0.000000e+00	0.000000e+00	0.000000e+00	0.000000e+00	0.000000e+00	0.000000e+00	0.000000e+00
7.054802e-05	0.000000e+00	0.000000e+00	0.000000e+00	0.000000e+00	0.000000e+00	0.000000e+00	0.000000e+00
7.564633e-05	0.000000e+00	0.000000e+00	0.000000e+00	0.000000e+00	0.000000e+00	0.000000e+00	0.000000e+00
8.111308e-05	0.000000e+00	0.000000e+00	0.000000e+00	0.000000e+00	0.000000e+00	0.000000e+00	0.000000e+00
8.697490e-05	0.000000e+00	0.000000e+00	0.000000e+00	0.000000e+00	0.000000e+00	0.000000e+00	0.000000e+00
9.326033e-05	0.000000e+00	0.000000e+00	0.000000e+00	0.000000e+00	0.000000e+00	0.000000e+00	0.000000e+00
1.000000e-04	0.000000e+00	0.000000e+00	0.000000e+00	0.000000e+00	0.000000e+00	0.000000e+00	0.000000e+00
