# number of size bins = 100
# 0:size [cm], masses (1:Al2O3, 2:Fe, 3:Fe3O4, 4:MgSiO3, 5:Mg2SiO4, 6:AC, 7:SiO2) [g]
1.000000e-07	1.450642e+24	0.000000e+00	0.000000e+00	5.255235e+25	1.083905e+26	0.000000e+00	0.000000e+00
1.072267e-07	3.637140e+24	0.000000e+00	4.741379e-22	1.238357e+24	9.541057e+25	0.000000e+00	0.000000e+00
1.149757e-07	0.000000e+00	0.000000e+00	0.000000e+00	0.000000e+00	0.000000e+00	0.000000e+00	0.000000e+00
1.232847e-07	6.691526e+24	0.000000e+00	0.000000e+00	0.000000e+00	1.561852e+16	0.000000e+00	0.000000e+00
1.321941e-07	2.164513e+24	0.000000e+00	0.000000e+00	0.000000e+00	1.651061e+00	0.000000e+00	0.000000e+00
1.417474e-07	2.925922e+24	0.000000e+00	0.000000e+00	0.000000e+00	3.013297e+10	0.000000e+00	0.000000e+00
1.519911e-07	1.846972e+24	0.000000e+00	6.196409e-23	0.000000e+00	1.154736e-19	0.000000e+00	0.000000e+00
1.629751e-07	0.000000e+00	0.000000e+00	0.000000e+00	0.000000e+00	0.000000e+00	0.000000e+00	0.000000e+00
1.747528e-07	7.519552e+19	0.000000e+00	8.844496e-25	0.000000e+00	3.356207e+00	0.000000e+00	0.000000e+00
1.873817e-07	0.000000e+00	0.000000e+00	0.000000e+00	0.000000e+00	1.733854e-02	0.000000e+00	0.000000e+00
2.009233e-07	5.180716e+06	0.000000e+00	0.000000e+00	0.000000e+00	5.821853e+00	0.000000e+00	0.000000e+00
2.154435e-07	3.729329e+07	0.000000e+00	0.000000e+00	0.000000e+00	3.226483e-18	0.000000e+00	0.000000e+00
2.310130e-07	0.000000e+00	0.000000e+00	0.000000e+00	0.000000e+00	0.000000e+00	0.000000e+00	0.000000e+00
2.477076e-07	8.524743e+06	0.000000e+00	0.000000e+00	0.000000e+00	4.310597e-18	0.000000e+00	0.000000e+00
2.656088e-07	0.000000e+00	0.000000e+00	0.000000e+00	0.000000e+00	1.028720e-17	0.000000e+00	0.000000e+00
2.848036e-07	0.000000e+00	0.000000e+00	0.000000e+00	0.000000e+00	1.325165e+00	0.000000e+00	0.000000e+00
3.053856e-07	0.000000e+00	0.000000e+00	0.000000e+00	0.000000e+00	9.841571e-01	0.000000e+00	0.000000e+00
3.274549e-07	0.000000e+00	0.000000e+00	0.000000e+00	0.000000e+00	0.000000e+00	0.000000e+00	0.000000e+00
3.511192e-07	0.000000e+00	0.000000e+00	0.000000e+00	0.000000e+00	1.631140e-01	0.000000e+00	0.000000e+00
3.764936e-07	0.000000e+00	0.000000e+00	0.000000e+00	0.000000e+00	2.341155e-18	0.000000e+00	0.000000e+00
4.037017e-07	0.000000e+00	0.000000e+00	0.000000e+00	0.000000e+00	2.290474e-18	0.000000e+00	0.000000e+00
4.328761e-07	0.000000e+00	0.000000e+00	0.000000e+00	0.000000e+00	1.753145e-21	0.000000e+00	0.000000e+00
4.641589e-07	0.000000e+00	0.000000e+00	0.000000e+00	0.000000e+00	0.000000e+00	0.000000e+00	0.000000e+00
4.977024e-07	0.000000e+00	0.000000e+00	0.000000e+00	0.000000e+00	0.000000e+00	0.000000e+00	0.000000e+00
5.336699e-07	0.000000e+00	0.000000e+00	0.000000e+00	0.000000e+00	0.000000e+00	0.000000e+00	0.000000e+00
5.722368e-07	0.000000e+00	0.000000e+00	0.000000e+00	0.000000e+00	0.000000e+00	0.000000e+00	0.000000e+00
6.135907e-07	0.000000e+00	0.000000e+00	0.000000e+00	0.000000e+00	0.000000e+00	0.000000e+00	0.000000e+00
6.579332e-07	0.000000e+00	0.000000e+00	0.000000e+00	0.000000e+00	0.000000e+00	0.000000e+00	0.000000e+00
7.054802e-07	0.000000e+00	0.000000e+00	0.000000e+00	0.000000e+00	0.000000e+00	0.000000e+00	0.000000e+00
7.564633e-07	0.000000e+00	0.000000e+00	0.000000e+00	0.000000e+00	0.000000e+00	0.000000e+00	0.000000e+00
8.111308e-07	0.000000e+00	0.000000e+00	0.000000e+00	0.000000e+00	0.000000e+00	0.000000e+00	0.000000e+00
8.697490e-07	0.000000e+00	0.000000e+00	0.000000e+00	0.000000e+00	0.000000e+00	0.000000e+00	0.000000e+00
9.326033e-07	0.000000e+00	0.000000e+00	0.000000e+00	0.000000e+00	0.000000e+00	0.000000e+00	0.000000e+00
1.000000e-06	0.000000e+00	0.000000e+00	0.000000e+00	0.000000e+00	0.000000e+00	0.000000e+00	0.000000e+00
1.072267e-06	0.000000e+00	0.000000e+00	0.000000e+00	0.000000e+00	0.000000e+00	0.000000e+00	0.000000e+00
1.149757e-06	0.000000e+00	0.000000e+00	0.000000e+00	0.000000e+00	0.000000e+00	0.000000e+00	0.000000e+00
1.232847e-06	0.000000e+00	0.000000e+00	0.000000e+00	0.000000e+00	0.000000e+00	0.000000e+00	0.000000e+00
1.321941e-06	0.000000e+00	0.000000e+00	0.000000e+00	0.000000e+00	0.000000e+00	0.000000e+00	0.000000e+00
1.417474e-06	0.000000e+00	0.000000e+00	0.000000e+00	0.000000e+00	0.000000e+00	0.000000e+00	0.000000e+00
1.519911e-06	0.000000e+00	0.000000e+00	0.000000e+00	0.000000e+00	0.000000e+00	0.000000e+00	0.000000e+00
1.629751e-06	0.000000e+00	0.000000e+00	0.000000e+00	0.000000e+00	0.000000e+00	0.000000e+00	0.000000e+00
1.747528e-06	0.000000e+00	0.000000e+00	0.000000e+00	0.000000e+00	0.000000e+00	0.000000e+00	0.000000e+00
1.873817e-06	0.000000e+00	0.000000e+00	0.000000e+00	0.000000e+00	0.000000e+00	0.000000e+00	0.000000e+00
2.009233e-06	0.000000e+00	0.000000e+00	0.000000e+00	0.000000e+00	0.000000e+00	0.000000e+00	0.000000e+00
2.154435e-06	0.000000e+00	0.000000e+00	0.000000e+00	0.000000e+00	0.000000e+00	0.000000e+00	0.000000e+00
2.310130e-06	0.000000e+00	0.000000e+00	0.000000e+00	0.000000e+00	0.000000e+00	0.000000e+00	0.000000e+00
2.477076e-06	0.000000e+00	0.000000e+00	0.000000e+00	0.000000e+00	0.000000e+00	2.690917e-27	0.000000e+00
2.656088e-06	0.000000e+00	0.000000e+00	0.000000e+00	0.000000e+00	0.000000e+00	0.000000e+00	0.000000e+00
2.848036e-06	0.000000e+00	0.000000e+00	0.000000e+00	0.000000e+00	0.000000e+00	3.437013e-27	0.000000e+00
3.053856e-06	0.000000e+00	0.000000e+00	0.000000e+00	0.000000e+00	0.000000e+00	1.427925e-16	0.000000e+00
3.274549e-06	0.000000e+00	0.000000e+00	0.000000e+00	0.000000e+00	0.000000e+00	3.023994e-17	0.000000e+00
3.511192e-06	0.000000e+00	0.000000e+00	0.000000e+00	0.000000e+00	0.000000e+00	3.198836e-08	0.000000e+00
3.764936e-06	0.000000e+00	0.000000e+00	0.000000e+00	0.000000e+00	0.000000e+00	0.000000e+00	0.000000e+00
4.037017e-06	0.000000e+00	0.000000e+00	0.000000e+00	0.000000e+00	0.000000e+00	8.538353e-03	3.529100e-37
4.328761e-06	0.000000e+00	0.000000e+00	0.000000e+00	3.720229e-36	5.742891e-37	5.429392e-02	0.000000e+00
4.641589e-06	6.102817e-36	0.000000e+00	1.546237e-36	0.000000e+00	0.000000e+00	9.295497e+03	1.820641e-36
4.977024e-06	5.119724e-36	0.000000e+00	0.000000e+00	2.837787e-36	2.962722e-36	5.870660e+07	0.000000e+00
5.336699e-06	0.000000e+00	0.000000e+00	0.000000e+00	0.000000e+00	0.000000e+00	0.000000e+00	0.000000e+00
5.722368e-06	0.000000e+00	0.000000e+00	0.000000e+00	0.000000e+00	7.190674e-36	7.460306e+07	5.327080e-36
6.135907e-06	1.885771e-36	0.000000e+00	0.000000e+00	8.303188e-36	0.000000e+00	5.097452e+11	1.079525e-36
6.579332e-06	3.837168e-35	0.000000e+00	0.000000e+00	1.667822e-35	1.756707e-36	3.277515e+14	5.796546e-37
7.054802e-06	1.817831e-35	0.000000e+00	0.000000e+00	0.000000e+00	0.000000e+00	7.598888e+16	0.000000e+00
7.564633e-06	0.000000e+00	0.000000e+00	0.000000e+00	0.000000e+00	0.000000e+00	0.000000e+00	0.000000e+00
8.111308e-06	0.000000e+00	0.000000e+00	0.000000e+00	0.000000e+00	0.000000e+00	8.671858e+18	0.000000e+00
8.697490e-06	0.000000e+00	0.000000e+00	0.000000e+00	6.183874e-35	6.456120e-35	0.000000e+00	0.000000e+00
9.326033e-06	0.000000e+00	0.000000e+00	0.000000e+00	4.358160e-35	1.033827e-34	1.048918e+22	8.251931e-35
1.000000e-05	1.256554e-34	0.000000e+00	0.000000e+00	0.000000e+00	0.000000e+00	1.977504e+22	6.379340e-35
1.072267e-05	0.000000e+00	0.000000e+00	0.000000e+00	0.000000e+00	0.000000e+00	0.000000e+00	0.000000e+00
1.149757e-05	2.012136e-34	0.000000e+00	0.000000e+00	2.014901e-34	1.016446e-34	9.095022e+23	0.000000e+00
1.232847e-05	3.152099e-34	0.000000e+00	3.298461e-35	3.105020e-34	3.241719e-34	2.311860e+25	2.587517e-34
1.321941e-05	2.594804e-34	0.000000e+00	0.000000e+00	4.724513e-34	2.792487e-34	8.392935e+25	3.937094e-34
1.417474e-05	0.000000e+00	0.000000e+00	1.284503e-34	0.000000e+00	1.348776e-34	0.000000e+00	5.930442e-34
1.519911e-05	0.000000e+00	0.000000e+00	0.000000e+00	0.000000e+00	0.000000e+00	0.000000e+00	0.000000e+00
1.629751e-05	5.435014e-34	0.000000e+00	0.000000e+00	1.620441e-34	0.000000e+00	7.468211e+27	0.000000e+00
1.747528e-05	2.625121e-34	0.000000e+00	0.000000e+00	8.462823e-34	3.224253e-34	1.421045e+28	6.961757e-34
1.873817e-05	4.831302e-34	0.000000e+00	0.000000e+00	5.299165e-34	5.532461e-34	5.325578e+28	1.076331e-33
2.009233e-05	8.289980e-34	0.000000e+00	0.000000e+00	8.708130e-34	9.091507e-34	1.661394e+29	1.625225e-33
2.154435e-05	0.000000e+00	0.000000e+00	0.000000e+00	0.000000e+00	0.000000e+00	0.000000e+00	0.000000e+00
2.310130e-05	1.362294e-33	0.000000e+00	0.000000e+00	1.389745e-33	1.450929e-33	1.830039e+29	1.158121e-33
2.477076e-05	0.000000e+00	0.000000e+00	0.000000e+00	0.000000e+00	0.000000e+00	1.543435e+30	1.809745e-33
2.656088e-05	0.000000e+00	0.000000e+00	0.000000e+00	0.000000e+00	0.000000e+00	0.000000e+00	2.783578e-33
2.848036e-05	3.701953e-34	0.000000e+00	4.945925e-34	3.073684e-34	3.209003e-34	1.660302e+30	0.000000e+00
3.053856e-05	0.000000e+00	0.000000e+00	0.000000e+00	0.000000e+00	0.000000e+00	0.000000e+00	0.000000e+00
3.274549e-05	1.058161e-33	0.000000e+00	1.413736e-33	8.785772e-34	9.172567e-34	2.320959e+30	5.493157e-33
3.511192e-05	2.192612e-33	0.000000e+00	2.929399e-33	1.820498e-33	1.900646e-33	0.000000e+00	1.517082e-33
3.764936e-05	4.007492e-33	0.000000e+00	5.354136e-33	3.327370e-33	3.473858e-33	1.861652e+30	2.772808e-33
4.037017e-05	6.848589e-33	0.000000e+00	0.000000e+00	5.686295e-33	5.936636e-33	1.908630e+30	4.738580e-33
4.328761e-05	0.000000e+00	0.000000e+00	0.000000e+00	0.000000e+00	0.000000e+00	0.000000e+00	0.000000e+00
4.641589e-05	0.000000e+00	0.000000e+00	0.000000e+00	9.319529e-33	9.729823e-33	8.247488e+25	7.766274e-33
4.977024e-05	1.457941e-32	0.000000e+00	0.000000e+00	6.725930e-23	7.022040e-23	0.000000e+00	5.604942e-23
5.336699e-05	1.052200e-22	0.000000e+00	0.000000e+00	0.000000e+00	0.000000e+00	0.000000e+00	0.000000e+00
5.722368e-05	0.000000e+00	0.000000e+00	0.000000e+00	0.000000e+00	0.000000e+00	0.000000e+00	0.000000e+00
6.135907e-05	0.000000e+00	0.000000e+00	0.000000e+00	0.000000e+00	0.000000e+00	0.000000e+00	0.000000e+00
6.579332e-05	0.000000e+00	0.000000e+00	0.000000e+00	0.000000e+00	0.000000e+00	0.000000e+00	0.000000e+00
7.054802e-05	0.000000e+00	0.000000e+00	0.000000e+00	0.000000e+00	0.000000e+00	0.000000e+00	0.000000e+00
7.564633e-05	0.000000e+00	0.000000e+00	0.000000e+00	0.000000e+00	0.000000e+00	0.000000e+00	0.000000e+00
8.111308e-05	0.000000e+00	0.000000e+00	0.000000e+00	0.000000e+00	0.000000e+00	0.000000e+00	0.000000e+00
8.697490e-05	0.000000e+00	0.000000e+00	0.000000e+00	0.000000e+00	0.000000e+00	0.000000e+00	0.000000e+00
9.326033e-05	0.000000e+00	0.000000e+00	0.000000e+00	0.000000e+00	0.000000e+00	0.000000e+00	0.000000e+00
1.000000e-04	1.230702e+25	1.601964e+16	4.642281e+23	1.665197e+28	3.852215e+27	2.989289e+06	6.643784e+14
