# number of size bins = 309
# 0:size [cm], masses (1:Al2O3, 2:Fe, 3:Fe3O4, 4:MgSiO3, 5:Mg2SiO4, 6:AC, 7:SiO2) [g]
1.000000e-07	2.413892e-56	1.378876e+11	3.225036e-56	8.214897e+27	1.715018e+29	3.071008e+08	1.670187e-56
3.000000e-07	6.517509e-55	1.344343e-54	8.707597e-55	1.239373e+30	2.140498e+31	3.743739e-55	2.426827e+30
5.000000e-07	2.744021e+30	6.223809e-54	1.092204e+31	1.335776e+29	2.465722e+31	8.875654e-42	3.455932e+30
7.000000e-07	1.010532e+01	1.707813e-53	4.039129e+28	2.831592e+26	3.695043e+30	2.270864e-08	5.327691e+25
9.000000e-07	1.759728e-53	3.629725e-53	7.470560e-23	3.769367e+21	1.532127e+29	4.679101e+04	2.993349e+10
1.100000e-06	3.212891e-53	6.627111e-53	4.292523e-53	1.131835e+12	1.476512e+27	1.472552e+11	2.223018e-53
1.300000e-06	5.303322e-53	1.093897e-52	7.085404e-53	4.346439e-09	1.216083e+24	2.104630e+15	3.669400e-53
1.500000e-06	8.146887e-53	1.680428e-52	1.088450e-52	6.764256e-53	2.190223e+19	1.616695e+18	5.636880e-53
1.700000e-06	1.185945e-52	2.446206e-52	1.584460e-52	9.846752e-53	3.587179e+11	2.122865e+20	8.205627e-53
1.900000e-06	1.655689e-52	3.415128e-52	2.212052e-52	1.374697e-52	1.016998e-02	9.772293e+21	1.145581e-52
2.100000e-06	2.235506e-52	4.611095e-52	2.986706e-52	1.856112e-52	2.328105e-28	1.919631e+23	1.546760e-52
2.300000e-06	2.936983e-52	6.058006e-52	3.923901e-52	2.438539e-52	2.545896e-52	2.309324e+24	2.032116e-52
2.500000e-06	3.771707e-52	7.779761e-52	5.039118e-52	3.131600e-52	3.269469e-52	1.678781e+25	2.609667e-52
2.700000e-06	4.751264e-52	9.800258e-52	6.347838e-52	3.944914e-52	4.118589e-52	9.487345e+25	3.287428e-52
2.900000e-06	5.887242e-52	1.214340e-51	7.865540e-52	4.888102e-52	5.103301e-52	3.885304e+26	4.073418e-52
3.100000e-06	7.191227e-52	1.483308e-51	9.607704e-52	5.970784e-52	6.233648e-52	1.353152e+27	4.975653e-52
3.300000e-06	8.674805e-52	1.789320e-51	1.158981e-51	7.202580e-52	7.519674e-52	4.022416e+27	6.002150e-52
3.500000e-06	1.034956e-51	2.134766e-51	1.382734e-51	8.593110e-52	8.971423e-52	9.977573e+27	7.160925e-52
3.700000e-06	1.222709e-51	2.522037e-51	1.633577e-51	1.015200e-51	1.059894e-51	2.344476e+28	8.459996e-52
3.900000e-06	1.431897e-51	2.953521e-51	1.913059e-51	1.188886e-51	1.241226e-51	4.628317e+28	9.907380e-52
4.100000e-06	1.663679e-51	3.431609e-51	2.222727e-51	1.381331e-51	1.442145e-51	9.024479e+28	1.151109e-51
4.300000e-06	1.919213e-51	3.958691e-51	2.564129e-51	1.593498e-51	1.663652e-51	1.536501e+29	1.327915e-51
4.500000e-06	2.199659e-51	4.537156e-51	2.938814e-51	1.826349e-51	1.906754e-51	2.560646e+29	1.521958e-51
4.700000e-06	2.506175e-51	5.169396e-51	3.348329e-51	2.080845e-51	2.172455e-51	3.983577e+29	1.734038e-51
4.900000e-06	2.839920e-51	5.857799e-51	3.794222e-51	2.357949e-51	2.461759e-51	5.917580e+29	1.964958e-51
5.100000e-06	3.202052e-51	6.604755e-51	4.278042e-51	2.658623e-51	2.775669e-51	8.457559e+29	2.215519e-51
5.300000e-06	3.593731e-51	7.412656e-51	4.801337e-51	2.983828e-51	3.115192e-51	1.164515e+30	2.486524e-51
5.500000e-06	4.016113e-51	8.283889e-51	5.365653e-51	3.334528e-51	3.481331e-51	1.532884e+30	2.778773e-51
5.700000e-06	4.470360e-51	9.220846e-51	5.972541e-51	3.711682e-51	3.875090e-51	1.970943e+30	3.093069e-51
5.900000e-06	4.957628e-51	1.022592e-50	6.623546e-51	4.116255e-51	4.297474e-51	2.359945e+30	3.430213e-51
6.100000e-06	5.479077e-51	1.130149e-50	7.320219e-51	4.549208e-51	4.749487e-51	2.948759e+30	3.791006e-51
6.300000e-06	6.035865e-51	1.244996e-50	8.064105e-51	5.011502e-51	5.232134e-51	3.550321e+30	4.176252e-51
6.500000e-06	6.629152e-51	1.367371e-50	8.856755e-51	5.504100e-51	5.746419e-51	3.963125e+30	4.586750e-51
6.700000e-06	7.260095e-51	1.497513e-50	9.699714e-51	6.027964e-51	6.293346e-51	4.791481e+30	5.023303e-51
6.900000e-06	7.929854e-51	1.635662e-50	1.059453e-50	6.584056e-51	6.873920e-51	5.187081e+30	5.486713e-51
7.100000e-06	8.639586e-51	1.782056e-50	1.154276e-50	7.173338e-51	7.489145e-51	5.736652e+30	5.977782e-51
7.300000e-06	9.390452e-51	1.936934e-50	1.254594e-50	7.796772e-51	8.140026e-51	6.525934e+30	6.497310e-51
7.500000e-06	1.018361e-50	2.100535e-50	1.360562e-50	8.455320e-51	8.827567e-51	6.727157e+30	7.046100e-51
7.700000e-06	1.102022e-50	2.273099e-50	1.472335e-50	9.149944e-51	9.552771e-51	7.015665e+30	7.624953e-51
7.900000e-06	1.190143e-50	2.454864e-50	1.590068e-50	9.881606e-51	1.031664e-50	7.582162e+30	8.234671e-51
8.100000e-06	1.282841e-50	2.646070e-50	1.713916e-50	1.065127e-50	1.112019e-50	7.685023e+30	8.876056e-51
8.300000e-06	1.380232e-50	2.846954e-50	1.844034e-50	1.145989e-50	1.196442e-50	7.935412e+30	9.549910e-51
8.500000e-06	1.482432e-50	3.057757e-50	1.980575e-50	1.230844e-50	1.285032e-50	8.116402e+30	1.025703e-50
8.700000e-06	1.589555e-50	3.278717e-50	2.123696e-50	1.319787e-50	1.377891e-50	8.251007e+30	1.099823e-50
8.900000e-06	1.701719e-50	3.510074e-50	2.273550e-50	1.412916e-50	1.475120e-50	8.647347e+30	1.177430e-50
9.100000e-06	1.819039e-50	3.752065e-50	2.430293e-50	1.510325e-50	1.576817e-50	8.318049e+30	1.258604e-50
9.300000e-06	1.941631e-50	4.004931e-50	2.594080e-50	1.612112e-50	1.683085e-50	8.315034e+30	1.343426e-50
9.500000e-06	2.069611e-50	4.268910e-50	2.765065e-50	1.718372e-50	1.794023e-50	8.240389e+30	1.431976e-50
9.700000e-06	2.203094e-50	4.544242e-50	2.943403e-50	1.829201e-50	1.909732e-50	8.151773e+30	1.524334e-50
9.900000e-06	2.342197e-50	4.831164e-50	3.129249e-50	1.944696e-50	2.030312e-50	7.994527e+30	1.620580e-50
1.010000e-05	2.487036e-50	5.129917e-50	3.322758e-50	2.064954e-50	2.155864e-50	7.768542e+30	1.720795e-50
1.030000e-05	2.637725e-50	5.440739e-50	3.524084e-50	2.190070e-50	2.286488e-50	7.487740e+30	1.825058e-50
1.050000e-05	2.794382e-50	5.763869e-50	3.733382e-50	2.320140e-50	2.422284e-50	7.254505e+30	1.933450e-50
1.070000e-05	2.957122e-50	6.099547e-50	3.950808e-50	2.455261e-50	2.563354e-50	6.989156e+30	2.046050e-50
1.090000e-05	3.126061e-50	6.448010e-50	4.176515e-50	2.595528e-50	2.709797e-50	6.730231e+30	2.162940e-50
1.110000e-05	3.301314e-50	6.809499e-50	4.410659e-50	2.741039e-50	2.861713e-50	6.468443e+30	2.284199e-50
1.130000e-05	3.482998e-50	7.184252e-50	4.653395e-50	2.891889e-50	3.019205e-50	6.182063e+30	2.409907e-50
1.150000e-05	3.671229e-50	7.572508e-50	4.904876e-50	3.048174e-50	3.182370e-50	5.933587e+30	2.540145e-50
1.170000e-05	3.866121e-50	7.974506e-50	5.165259e-50	3.209991e-50	3.351311e-50	5.600297e+30	2.674993e-50
1.190000e-05	4.067792e-50	8.390486e-50	5.434698e-50	3.377436e-50	3.526128e-50	5.251166e+30	2.814530e-50
1.210000e-05	4.276358e-50	8.820685e-50	5.713348e-50	3.550605e-50	3.706921e-50	4.970465e+30	2.958837e-50
1.230000e-05	4.491933e-50	9.265344e-50	6.001363e-50	3.729594e-50	3.893790e-50	4.693400e+30	3.107995e-50
1.250000e-05	4.714634e-50	9.724701e-50	6.298898e-50	3.914500e-50	4.086836e-50	4.432709e+30	3.262083e-50
1.270000e-05	4.944576e-50	1.019900e-49	6.606109e-50	4.105418e-50	4.286160e-50	4.158073e+30	3.421182e-50
1.290000e-05	5.181876e-50	1.068847e-49	6.923149e-50	4.302445e-50	4.491861e-50	3.938599e+30	3.585371e-50
1.310000e-05	5.426650e-50	1.119335e-49	7.250174e-50	4.505678e-50	4.704041e-50	3.685629e+30	3.754732e-50
1.330000e-05	5.679012e-50	1.171389e-49	7.587339e-50	4.715211e-50	4.922799e-50	3.385223e+30	3.929343e-50
1.350000e-05	5.939080e-50	1.225032e-49	7.934797e-50	4.931142e-50	5.148237e-50	3.170507e+30	4.109285e-50
1.370000e-05	6.206969e-50	1.280289e-49	8.292706e-50	5.153567e-50	5.380454e-50	2.841926e+30	4.294639e-50
1.390000e-05	6.482795e-50	1.337182e-49	8.661217e-50	5.382582e-50	5.619551e-50	2.762292e+30	4.485485e-50
1.410000e-05	6.766674e-50	1.395737e-49	9.040488e-50	5.618283e-50	5.865628e-50	2.576201e+30	4.681902e-50
1.430000e-05	7.058721e-50	1.455976e-49	9.430672e-50	5.860766e-50	6.118787e-50	2.395401e+30	4.883971e-50
1.450000e-05	7.359053e-50	1.517925e-49	9.831925e-50	6.110127e-50	6.379127e-50	2.190561e+30	5.091773e-50
1.470000e-05	7.667785e-50	1.581606e-49	1.024440e-49	6.366463e-50	6.646748e-50	2.016781e+30	5.305386e-50
1.490000e-05	7.985033e-50	1.647043e-49	1.066825e-49	6.629871e-50	6.921752e-50	1.858871e+30	5.524892e-50
1.510000e-05	8.310913e-50	1.714261e-49	1.110364e-49	6.900445e-50	7.204238e-50	1.719893e+30	5.750371e-50
1.530000e-05	8.645541e-50	1.783284e-49	1.155071e-49	7.178282e-50	7.494307e-50	1.581916e+30	5.981902e-50
1.550000e-05	8.989033e-50	1.854135e-49	1.200963e-49	7.463479e-50	7.792060e-50	1.422040e+30	6.219566e-50
1.570000e-05	9.341505e-50	1.926838e-49	1.248054e-49	7.756132e-50	8.097597e-50	1.329511e+30	6.463443e-50
1.590000e-05	9.703072e-50	2.001417e-49	1.296361e-49	8.056337e-50	8.411018e-50	1.213013e+30	6.713614e-50
1.610000e-05	1.007385e-49	2.077896e-49	1.345898e-49	8.364190e-50	8.732424e-50	1.114215e+30	6.970158e-50
1.630000e-05	1.045396e-49	2.156299e-49	1.396681e-49	8.679787e-50	9.061916e-50	1.014193e+30	7.233156e-50
1.650000e-05	1.084351e-49	2.236650e-49	1.448726e-49	9.003224e-50	9.399593e-50	8.966819e+29	7.502687e-50
1.670000e-05	1.124261e-49	2.318973e-49	1.502048e-49	9.334599e-50	9.745556e-50	8.544094e+29	7.778832e-50
1.690000e-05	1.165140e-49	2.403291e-49	1.556663e-49	9.674006e-50	1.009991e-49	7.696481e+29	8.061672e-50
1.710000e-05	1.206997e-49	2.489629e-49	1.612586e-49	1.002154e-49	1.046274e-49	6.973664e+29	8.351285e-50
1.730000e-05	1.249845e-49	2.578010e-49	1.669832e-49	1.037730e-49	1.083417e-49	6.341614e+29	8.647754e-50
1.750000e-05	1.293695e-49	2.668458e-49	1.728418e-49	1.074139e-49	1.121428e-49	5.758400e+29	8.951156e-50
1.770000e-05	1.338560e-49	2.760998e-49	1.788358e-49	1.111389e-49	1.160318e-49	5.226343e+29	9.261574e-50
1.790000e-05	1.384449e-49	2.855652e-49	1.849667e-49	1.149490e-49	1.200097e-49	4.597919e+29	9.579086e-50
1.810000e-05	1.431376e-49	2.952446e-49	1.912363e-49	1.188453e-49	1.240775e-49	4.241431e+29	9.903774e-50
1.830000e-05	1.479351e-49	3.051402e-49	1.976459e-49	1.228286e-49	1.282362e-49	3.823044e+29	1.023572e-49
1.850000e-05	1.528386e-49	3.152546e-49	2.041972e-49	1.268999e-49	1.324867e-49	3.452434e+29	1.057500e-49
1.870000e-05	1.578493e-49	3.255900e-49	2.108916e-49	1.310603e-49	1.368302e-49	3.114376e+29	1.092169e-49
1.890000e-05	1.629684e-49	3.361488e-49	2.177308e-49	1.353105e-49	1.412676e-49	2.688219e+29	1.127588e-49
1.910000e-05	1.681969e-49	3.469336e-49	2.247163e-49	1.396517e-49	1.457999e-49	2.507957e+29	1.163764e-49
1.930000e-05	1.735361e-49	3.579465e-49	2.318497e-49	1.440848e-49	1.504282e-49	2.238544e+29	1.200707e-49
1.950000e-05	1.789871e-49	3.691901e-49	2.391324e-49	1.486107e-49	1.551533e-49	2.008876e+29	1.238422e-49
1.970000e-05	1.845511e-49	3.806667e-49	2.465660e-49	1.532304e-49	1.599764e-49	1.802655e+29	1.276920e-49
1.990000e-05	1.902292e-49	3.923787e-49	2.541521e-49	1.579449e-49	1.648984e-49	1.568989e+29	1.316207e-49
2.010000e-05	1.960226e-49	4.043285e-49	2.618923e-49	1.627550e-49	1.699203e-49	1.420122e+29	1.356292e-49
2.030000e-05	2.019324e-49	4.165185e-49	2.697880e-49	1.676619e-49	1.750432e-49	1.274569e+29	1.397182e-49
2.050000e-05	2.079598e-49	4.289511e-49	2.778409e-49	1.726664e-49	1.802681e-49	1.134734e+29	1.438887e-49
2.070000e-05	2.141060e-49	4.416287e-49	2.860524e-49	1.777695e-49	1.855958e-49	9.679997e+28	1.481413e-49
2.090000e-05	2.203722e-49	4.545536e-49	2.944241e-49	1.829722e-49	1.910276e-49	8.972117e+28	1.524768e-49
2.110000e-05	2.267594e-49	4.677282e-49	3.029576e-49	1.882754e-49	1.965643e-49	7.903671e+28	1.568962e-49
2.130000e-05	2.332688e-49	4.811550e-49	3.116545e-49	1.936801e-49	2.022069e-49	6.999574e+28	1.614001e-49
2.150000e-05	2.399017e-49	4.948364e-49	3.205162e-49	1.991873e-49	2.079565e-49	6.197010e+28	1.659894e-49
2.170000e-05	2.466591e-49	5.087746e-49	3.295443e-49	2.047979e-49	2.138141e-49	5.335148e+28	1.706649e-49
2.190000e-05	2.535422e-49	5.229721e-49	3.387403e-49	2.105128e-49	2.197807e-49	4.830483e+28	1.754274e-49
2.210000e-05	2.605522e-49	5.374314e-49	3.481059e-49	2.163331e-49	2.258572e-49	4.222116e+28	1.802776e-49
2.230000e-05	2.676902e-49	5.521547e-49	3.576425e-49	2.222598e-49	2.320448e-49	3.570056e+28	1.852165e-49
2.250000e-05	2.749574e-49	5.671446e-49	3.673517e-49	2.282936e-49	2.383443e-49	3.290651e+28	1.902447e-49
2.270000e-05	2.823550e-49	5.824032e-49	3.772351e-49	2.344357e-49	2.447568e-49	2.892845e+28	1.953631e-49
2.290000e-05	2.898841e-49	5.979332e-49	3.872942e-49	2.406870e-49	2.512833e-49	2.513393e+28	2.005725e-49
2.310000e-05	2.975458e-49	6.137368e-49	3.975305e-49	2.470485e-49	2.579248e-49	2.137879e+28	2.058737e-49
2.330000e-05	3.053414e-49	6.298164e-49	4.079456e-49	2.535210e-49	2.646823e-49	1.931977e+28	2.112675e-49
2.350000e-05	3.132719e-49	6.461745e-49	4.185411e-49	2.601057e-49	2.715569e-49	1.684271e+28	2.167547e-49
2.370000e-05	3.213386e-49	6.628134e-49	4.293185e-49	2.668034e-49	2.785494e-49	1.394062e+28	2.223361e-49
2.390000e-05	3.295426e-49	6.797354e-49	4.402793e-49	2.736150e-49	2.856610e-49	1.278611e+28	2.280125e-49
2.410000e-05	3.378851e-49	6.969431e-49	4.514251e-49	2.805417e-49	2.928926e-49	1.108906e+28	2.337847e-49
2.430000e-05	3.463672e-49	7.144388e-49	4.627574e-49	2.875842e-49	3.002452e-49	9.639711e+27	2.396535e-49
2.450000e-05	3.549900e-49	7.322249e-49	4.742778e-49	2.947437e-49	3.077198e-49	8.073673e+27	2.456197e-49
2.470000e-05	3.637548e-49	7.503037e-49	4.859878e-49	3.020210e-49	3.153175e-49	7.200717e+27	2.516841e-49
2.490000e-05	3.726627e-49	7.686777e-49	4.978891e-49	3.094171e-49	3.230392e-49	5.976405e+27	2.578476e-49
2.510000e-05	3.817149e-49	7.873492e-49	5.099830e-49	3.169330e-49	3.308860e-49	5.433121e+27	2.641108e-49
2.530000e-05	3.909124e-49	8.063206e-49	5.222712e-49	3.245696e-49	3.388588e-49	4.615691e+27	2.704746e-49
2.550000e-05	4.002565e-49	8.255944e-49	5.347553e-49	3.323279e-49	3.469587e-49	3.993547e+27	2.769399e-49
2.570000e-05	4.097484e-49	8.451729e-49	5.474367e-49	3.402089e-49	3.551866e-49	3.344675e+27	2.835074e-49
2.590000e-05	4.193892e-49	8.650586e-49	5.603170e-49	3.482134e-49	3.635436e-49	2.952595e+27	2.901779e-49
2.610000e-05	4.291799e-49	8.852537e-49	5.733979e-49	3.563426e-49	3.720307e-49	2.404448e+27	2.969522e-49
2.630000e-05	4.391219e-49	9.057607e-49	5.866807e-49	3.645973e-49	3.806488e-49	2.170542e+27	3.038311e-49
2.650000e-05	4.492163e-49	9.265820e-49	6.001671e-49	3.729786e-49	3.893990e-49	1.850484e+27	3.108155e-49
2.670000e-05	4.594642e-49	9.477199e-49	6.138586e-49	3.814873e-49	3.982823e-49	1.541237e+27	3.179060e-49
2.690000e-05	4.698668e-49	9.691769e-49	6.277567e-49	3.901244e-49	4.072997e-49	1.336200e+27	3.251036e-49
2.710000e-05	4.804252e-49	9.909554e-49	6.418631e-49	3.988909e-49	4.164521e-49	1.107113e+27	3.324091e-49
2.730000e-05	4.911406e-49	1.013058e-48	6.561792e-49	4.077878e-49	4.257407e-49	9.780157e+26	3.398231e-49
2.750000e-05	5.020142e-49	1.035486e-48	6.707067e-49	4.168159e-49	4.351663e-49	8.242948e+26	3.473466e-49
2.770000e-05	5.130471e-49	1.058243e-48	6.854470e-49	4.259764e-49	4.447301e-49	6.801520e+26	3.549803e-49
2.790000e-05	5.242404e-49	1.081331e-48	7.004016e-49	4.352701e-49	4.544330e-49	5.926834e+26	3.627251e-49
2.810000e-05	5.355954e-49	1.104753e-48	7.155723e-49	4.446980e-49	4.642759e-49	4.783286e+26	3.705817e-49
2.830000e-05	5.471132e-49	1.128510e-48	7.309604e-49	4.542611e-49	4.742600e-49	4.213929e+26	3.785509e-49
2.850000e-05	5.587950e-49	1.152606e-48	7.465676e-49	4.639603e-49	4.843862e-49	3.550868e+26	3.866336e-49
2.870000e-05	5.706418e-49	1.177042e-48	7.623953e-49	4.737966e-49	4.946556e-49	2.903797e+26	3.948305e-49
2.890000e-05	5.826549e-49	1.201821e-48	7.784452e-49	4.837709e-49	5.050690e-49	2.496197e+26	4.031424e-49
2.910000e-05	5.948355e-49	1.226945e-48	7.947188e-49	4.938843e-49	5.156276e-49	2.009563e+26	4.115702e-49
2.930000e-05	6.071846e-49	1.252417e-48	8.112177e-49	5.041376e-49	5.263324e-49	1.767077e+26	4.201147e-49
2.950000e-05	6.197035e-49	1.278240e-48	8.279433e-49	5.145319e-49	5.371842e-49	1.464649e+26	4.287766e-49
2.970000e-05	6.323933e-49	1.304414e-48	8.448972e-49	5.250681e-49	5.481843e-49	1.192114e+26	4.375567e-49
2.990000e-05	6.452551e-49	1.330944e-48	8.620811e-49	5.357471e-49	5.593334e-49	1.023950e+26	4.464559e-49
3.010000e-05	6.582902e-49	1.357831e-48	8.794963e-49	5.465699e-49	5.706328e-49	8.070729e+25	4.554749e-49
3.030000e-05	6.714996e-49	1.385078e-48	8.971446e-49	5.575376e-49	5.820832e-49	7.059894e+25	4.646146e-49
3.050000e-05	6.848846e-49	1.412686e-48	9.150273e-49	5.686509e-49	5.936859e-49	5.849677e+25	4.738758e-49
3.070000e-05	6.984463e-49	1.440659e-48	9.331462e-49	5.799110e-49	6.054417e-49	4.663086e+25	4.832592e-49
3.090000e-05	7.121858e-49	1.469000e-48	9.515026e-49	5.913188e-49	6.173517e-49	3.982506e+25	4.927657e-49
3.110000e-05	7.261044e-49	1.497709e-48	9.700982e-49	6.028752e-49	6.294169e-49	3.161600e+25	5.023960e-49
3.130000e-05	7.402031e-49	1.526790e-48	9.889346e-49	6.145812e-49	6.416382e-49	2.698804e+25	5.121510e-49
3.150000e-05	7.544832e-49	1.556245e-48	1.008013e-48	6.264377e-49	6.540167e-49	2.215579e+25	5.220314e-49
3.170000e-05	7.689457e-49	1.586076e-48	1.027336e-48	6.384458e-49	6.665535e-49	1.773734e+25	5.320382e-49
3.190000e-05	7.835919e-49	1.616286e-48	1.046903e-48	6.506063e-49	6.792494e-49	1.430641e+25	5.421720e-49
3.210000e-05	7.984229e-49	1.646878e-48	1.066718e-48	6.629203e-49	6.921055e-49	1.226290e+25	5.524336e-49
3.230000e-05	8.134399e-49	1.677853e-48	1.086781e-48	6.753887e-49	7.051228e-49	9.971738e+24	5.628239e-49
3.250000e-05	8.286440e-49	1.709213e-48	1.107094e-48	6.880125e-49	7.183024e-49	7.855738e+24	5.733437e-49
3.270000e-05	8.440364e-49	1.740963e-48	1.127659e-48	7.007926e-49	7.316451e-49	6.341769e+24	5.839938e-49
3.290000e-05	8.596182e-49	1.773103e-48	1.148477e-48	7.137300e-49	7.451521e-49	5.369032e+24	5.947750e-49
3.310000e-05	8.753906e-49	1.805636e-48	1.169549e-48	7.268256e-49	7.588242e-49	4.339160e+24	6.056880e-49
3.330000e-05	8.913548e-49	1.838565e-48	1.190878e-48	7.400805e-49	7.726626e-49	3.413281e+24	6.167337e-49
3.350000e-05	9.075119e-49	1.871891e-48	1.212464e-48	7.534955e-49	7.866683e-49	2.702590e+24	6.279129e-49
3.370000e-05	9.238631e-49	1.905618e-48	1.234310e-48	7.670717e-49	8.008421e-49	2.287129e+24	6.392264e-49
3.390000e-05	9.404095e-49	1.939748e-48	1.256417e-48	7.808100e-49	8.151852e-49	1.832716e+24	6.506750e-49
3.410000e-05	9.571523e-49	1.974283e-48	1.278785e-48	7.947113e-49	8.296986e-49	1.427482e+24	6.622594e-49
3.430000e-05	9.740926e-49	2.009225e-48	1.301418e-48	8.087767e-49	8.443832e-49	1.130837e+24	6.739805e-49
3.450000e-05	9.912317e-49	2.044577e-48	1.324317e-48	8.230070e-49	8.592400e-49	9.427195e+23	6.858392e-49
3.470000e-05	1.008571e-48	2.080342e-48	1.347482e-48	8.374033e-49	8.742701e-49	7.525347e+23	6.978361e-49
3.490000e-05	1.026111e-48	2.116521e-48	1.370916e-48	8.519665e-49	8.894745e-49	5.793558e+23	7.099721e-49
3.510000e-05	1.043853e-48	2.153117e-48	1.394620e-48	8.666976e-49	9.048541e-49	4.552185e+23	7.222480e-49
3.530000e-05	1.061798e-48	2.190132e-48	1.418596e-48	8.815975e-49	9.204100e-49	3.778683e+23	7.346646e-49
3.550000e-05	1.079948e-48	2.227570e-48	1.442845e-48	8.966672e-49	9.361432e-49	2.881857e+23	7.472227e-49
3.570000e-05	1.098304e-48	2.265431e-48	1.467368e-48	9.119077e-49	9.520546e-49	2.368324e+23	7.599231e-49
3.590000e-05	1.116866e-48	2.303719e-48	1.492169e-48	9.273199e-49	9.681453e-49	1.764328e+23	7.727666e-49
3.610000e-05	1.135637e-48	2.342436e-48	1.517247e-48	9.429048e-49	9.844163e-49	1.461000e+23	7.857540e-49
3.630000e-05	1.154617e-48	2.381585e-48	1.542604e-48	9.586633e-49	1.000869e-48	1.111929e+23	7.988861e-49
3.650000e-05	1.173806e-48	2.421167e-48	1.568242e-48	9.745965e-49	1.017503e-48	8.920814e+22	8.121637e-49
3.670000e-05	1.193208e-48	2.461186e-48	1.594163e-48	9.907052e-49	1.034321e-48	6.664549e+22	8.255877e-49
3.690000e-05	1.212822e-48	2.501643e-48	1.620368e-48	1.006990e-48	1.051323e-48	5.441350e+22	8.391587e-49
3.710000e-05	1.232650e-48	2.542541e-48	1.646858e-48	1.023453e-48	1.068511e-48	4.129974e+22	8.528776e-49
3.730000e-05	1.252692e-48	2.583882e-48	1.673636e-48	1.040094e-48	1.085885e-48	3.153925e+22	8.667453e-49
3.750000e-05	1.272951e-48	2.625669e-48	1.700702e-48	1.056915e-48	1.103446e-48	2.561050e+22	8.807625e-49
3.770000e-05	1.293427e-48	2.667904e-48	1.728059e-48	1.073916e-48	1.121195e-48	1.906557e+22	8.949300e-49
3.790000e-05	1.314122e-48	2.710590e-48	1.755708e-48	1.091098e-48	1.139134e-48	1.453560e+22	9.092486e-49
3.810000e-05	1.335036e-48	2.753729e-48	1.783649e-48	1.108463e-48	1.157263e-48	1.167416e+22	9.237191e-49
3.830000e-05	1.356170e-48	2.797322e-48	1.811886e-48	1.126011e-48	1.175584e-48	8.710533e+21	9.383424e-49
3.850000e-05	1.377527e-48	2.841374e-48	1.840419e-48	1.143743e-48	1.194096e-48	6.805397e+21	9.531191e-49
3.870000e-05	1.399107e-48	2.885886e-48	1.869250e-48	1.161660e-48	1.212803e-48	4.971985e+21	9.680502e-49
3.890000e-05	1.420910e-48	2.930860e-48	1.898381e-48	1.179764e-48	1.231703e-48	3.969527e+21	9.831365e-49
3.910000e-05	1.442940e-48	2.976299e-48	1.927813e-48	1.198054e-48	1.250799e-48	2.923834e+21	9.983786e-49
3.930000e-05	1.465195e-48	3.022205e-48	1.957547e-48	1.216533e-48	1.270091e-48	2.181987e+21	1.013778e-48
3.950000e-05	1.487679e-48	3.068580e-48	1.987586e-48	1.235201e-48	1.289581e-48	1.730062e+21	1.029334e-48
3.970000e-05	1.510391e-48	3.115428e-48	2.017930e-48	1.254058e-48	1.309269e-48	1.261880e+21	1.045049e-48
3.990000e-05	1.533333e-48	3.162750e-48	2.048581e-48	1.273107e-48	1.329156e-48	9.398871e+20	1.060923e-48
4.010000e-05	1.556507e-48	3.210549e-48	2.079542e-48	1.292348e-48	1.349243e-48	7.371776e+20	1.076956e-48
4.030000e-05	1.579913e-48	3.258827e-48	2.110813e-48	1.311781e-48	1.369533e-48	5.366384e+20	1.093151e-48
4.050000e-05	1.603552e-48	3.307587e-48	2.142395e-48	1.331408e-48	1.390024e-48	4.092049e+20	1.109507e-48
4.070000e-05	1.627426e-48	3.356831e-48	2.174292e-48	1.351231e-48	1.410719e-48	2.901254e+20	1.126026e-48
4.090000e-05	1.651535e-48	3.406561e-48	2.206503e-48	1.371249e-48	1.431618e-48	2.261279e+20	1.142707e-48
4.110000e-05	1.675882e-48	3.456780e-48	2.239030e-48	1.391463e-48	1.452723e-48	1.621670e+20	1.159553e-48
4.130000e-05	1.700466e-48	3.507489e-48	2.271876e-48	1.411875e-48	1.474034e-48	1.178374e+20	1.176563e-48
4.150000e-05	1.725290e-48	3.558693e-48	2.305042e-48	1.432486e-48	1.495552e-48	9.112906e+19	1.193739e-48
4.170000e-05	1.750355e-48	3.610392e-48	2.338529e-48	1.453297e-48	1.517279e-48	6.458078e+19	1.211081e-48
4.190000e-05	1.775661e-48	3.662590e-48	2.372338e-48	1.474308e-48	1.539215e-48	4.660330e+19	1.228590e-48
4.210000e-05	1.801209e-48	3.715288e-48	2.406472e-48	1.495521e-48	1.561362e-48	3.562877e+19	1.246268e-48
4.230000e-05	1.827002e-48	3.768490e-48	2.440932e-48	1.516936e-48	1.583720e-48	2.502672e+19	1.264114e-48
4.250000e-05	1.853040e-48	3.822196e-48	2.475719e-48	1.538555e-48	1.606290e-48	1.803726e+19	1.282129e-48
4.270000e-05	1.879323e-48	3.876411e-48	2.510835e-48	1.560378e-48	1.629074e-48	1.362434e+19	1.300315e-48
4.290000e-05	1.905855e-48	3.931136e-48	2.546282e-48	1.582407e-48	1.652072e-48	9.475317e+18	1.318672e-48
4.310000e-05	1.932634e-48	3.986374e-48	2.582060e-48	1.604642e-48	1.675286e-48	6.782144e+18	1.337201e-48
4.330000e-05	1.959664e-48	4.042127e-48	2.618172e-48	1.627084e-48	1.698716e-48	5.052568e+18	1.355903e-48
4.350000e-05	1.986944e-48	4.098397e-48	2.654620e-48	1.649734e-48	1.722364e-48	3.503263e+18	1.374779e-48
4.370000e-05	2.014477e-48	4.155187e-48	2.691404e-48	1.672594e-48	1.746230e-48	2.469889e+18	1.393828e-48
4.390000e-05	2.042262e-48	4.212499e-48	2.728526e-48	1.695664e-48	1.770316e-48	1.822678e+18	1.413053e-48
4.410000e-05	2.070302e-48	4.270335e-48	2.765988e-48	1.718945e-48	1.794622e-48	1.249167e+18	1.432454e-48
4.430000e-05	2.098597e-48	4.328699e-48	2.803792e-48	1.742438e-48	1.819149e-48	8.701270e+17	1.452032e-48
4.450000e-05	2.127149e-48	4.387592e-48	2.841938e-48	1.766145e-48	1.843899e-48	6.390575e+17	1.471787e-48
4.470000e-05	2.155959e-48	4.447017e-48	2.880429e-48	1.790065e-48	1.868873e-48	4.340371e+17	1.491721e-48
4.490000e-05	2.185028e-48	4.506976e-48	2.919265e-48	1.814200e-48	1.894071e-48	2.982637e+17	1.511834e-48
4.510000e-05	2.214356e-48	4.567471e-48	2.958450e-48	1.838552e-48	1.919494e-48	2.117812e+17	1.532127e-48
4.530000e-05	2.243947e-48	4.628506e-48	2.997983e-48	1.863120e-48	1.945144e-48	1.503033e+17	1.552600e-48
4.550000e-05	2.273799e-48	4.690082e-48	3.037867e-48	1.887906e-48	1.971022e-48	9.934664e+16	1.573255e-48
4.570000e-05	2.303915e-48	4.752201e-48	3.078103e-48	1.912911e-48	1.997128e-48	6.967436e+16	1.594093e-48
4.590000e-05	2.334296e-48	4.814867e-48	3.118693e-48	1.938136e-48	2.023463e-48	4.750681e+16	1.615114e-48
4.610000e-05	2.364943e-48	4.878081e-48	3.159638e-48	1.963582e-48	2.050029e-48	3.377941e+16	1.636318e-48
4.630000e-05	2.395857e-48	4.941846e-48	3.200940e-48	1.989249e-48	2.076826e-48	2.229104e+16	1.657708e-48
4.650000e-05	2.427039e-48	5.006164e-48	3.242600e-48	2.015139e-48	2.103856e-48	1.484634e+16	1.679283e-48
4.670000e-05	2.458491e-48	5.071038e-48	3.284620e-48	2.041253e-48	2.131120e-48	1.056332e+16	1.701044e-48
4.690000e-05	2.490213e-48	5.136470e-48	3.327002e-48	2.067592e-48	2.158618e-48	6.854093e+15	1.722993e-48
4.710000e-05	2.522206e-48	5.202462e-48	3.369747e-48	2.094156e-48	2.186351e-48	4.519609e+15	1.745130e-48
4.730000e-05	2.554473e-48	5.269017e-48	3.412856e-48	2.120946e-48	2.214321e-48	3.111803e+15	1.767455e-48
4.750000e-05	2.587014e-48	5.336138e-48	3.456331e-48	2.147964e-48	2.242529e-48	2.032887e+15	1.789970e-48
4.770000e-05	2.619830e-48	5.403826e-48	3.500174e-48	2.175211e-48	2.270975e-48	1.409817e+15	1.812676e-48
4.790000e-05	2.652922e-48	5.472084e-48	3.544387e-48	2.202687e-48	2.299661e-48	8.986100e+14	1.835572e-48
4.810000e-05	2.686291e-48	5.540914e-48	3.588970e-48	2.230393e-48	2.328587e-48	5.818064e+14	1.858661e-48
4.830000e-05	2.719940e-48	5.610320e-48	3.633925e-48	2.258331e-48	2.357755e-48	3.988689e+14	1.881943e-48
4.850000e-05	2.753868e-48	5.680302e-48	3.679254e-48	2.286501e-48	2.387165e-48	2.508744e+14	1.905418e-48
4.870000e-05	2.788077e-48	5.750864e-48	3.724958e-48	2.314905e-48	2.416819e-48	1.612804e+14	1.929087e-48
4.890000e-05	2.822568e-48	5.822008e-48	3.771040e-48	2.343542e-48	2.446717e-48	1.058666e+14	1.952952e-48
4.910000e-05	2.857343e-48	5.893736e-48	3.817500e-48	2.372415e-48	2.476861e-48	6.760149e+13	1.977013e-48
4.930000e-05	2.892402e-48	5.966051e-48	3.864340e-48	2.401524e-48	2.507252e-48	4.498676e+13	2.001270e-48
4.950000e-05	2.927747e-48	6.038955e-48	3.911561e-48	2.430871e-48	2.537890e-48	2.676086e+13	2.025726e-48
4.970000e-05	2.963378e-48	6.112451e-48	3.959166e-48	2.460455e-48	2.568777e-48	1.835660e+13	2.050379e-48
4.990000e-05	2.999297e-48	6.186540e-48	4.007155e-48	2.490278e-48	2.599913e-48	1.118976e+13	2.075232e-48
5.010000e-05	3.035506e-48	6.261226e-48	4.055531e-48	2.520342e-48	2.631300e-48	6.934131e+12	2.100285e-48
5.030000e-05	3.072005e-48	6.336511e-48	4.104294e-48	2.550646e-48	2.662939e-48	4.426191e+12	2.125538e-48
5.050000e-05	3.108795e-48	6.412396e-48	4.153447e-48	2.581192e-48	2.694830e-48	2.742855e+12	2.150994e-48
5.070000e-05	3.145877e-48	6.488885e-48	4.202991e-48	2.611982e-48	2.726975e-48	1.768030e+12	2.176651e-48
5.090000e-05	3.183254e-48	6.565980e-48	4.252927e-48	2.643015e-48	2.759374e-48	1.049974e+12	2.202512e-48
5.110000e-05	3.220925e-48	6.643683e-48	4.303257e-48	2.674293e-48	2.792029e-48	6.391950e+11	2.228577e-48
5.130000e-05	3.258892e-48	6.721997e-48	4.353982e-48	2.705816e-48	2.824940e-48	3.986315e+11	2.254847e-48
5.150000e-05	3.297157e-48	6.800924e-48	4.405105e-48	2.737587e-48	2.858110e-48	2.383004e+11	2.281323e-48
5.170000e-05	3.335720e-48	6.880466e-48	4.456626e-48	2.769605e-48	2.891538e-48	1.476258e+11	2.308004e-48
5.190000e-05	3.374582e-48	6.960626e-48	4.508547e-48	2.801872e-48	2.925225e-48	8.701930e+10	2.334893e-48
5.210000e-05	3.413745e-48	7.041406e-48	4.560870e-48	2.834389e-48	2.959173e-48	5.455349e+10	2.361991e-48
5.230000e-05	3.453210e-48	7.122809e-48	4.613596e-48	2.867156e-48	2.993383e-48	3.123349e+10	2.389297e-48
5.250000e-05	3.492978e-48	7.204836e-48	4.666728e-48	2.900175e-48	3.027855e-48	1.814907e+10	2.416812e-48
5.270000e-05	3.533050e-48	7.287492e-48	4.720265e-48	2.933446e-48	3.062591e-48	1.100218e+10	2.444538e-48
5.290000e-05	3.573427e-48	7.370776e-48	4.774210e-48	2.966971e-48	3.097592e-48	6.311660e+09	2.472476e-48
5.310000e-05	3.614111e-48	7.454693e-48	4.828565e-48	3.000750e-48	3.132858e-48	3.758208e+09	2.500625e-48
5.330000e-05	3.655102e-48	7.539245e-48	4.883331e-48	3.034785e-48	3.168391e-48	2.135225e+09	2.528987e-48
5.350000e-05	3.696402e-48	7.624433e-48	4.938509e-48	3.069076e-48	3.204192e-48	1.286539e+09	2.557563e-48
5.370000e-05	3.738013e-48	7.710261e-48	4.994102e-48	3.103624e-48	3.240262e-48	7.040428e+08	2.586353e-48
5.390000e-05	3.779934e-48	7.796730e-48	5.050110e-48	3.138431e-48	3.276601e-48	4.001050e+08	2.615359e-48
5.410000e-05	3.822167e-48	7.883844e-48	5.106535e-48	3.173497e-48	3.313210e-48	2.299006e+08	2.644581e-48
5.430000e-05	3.864714e-48	7.971604e-48	5.163379e-48	3.208823e-48	3.350092e-48	1.267303e+08	2.674019e-48
5.450000e-05	3.907576e-48	8.060013e-48	5.220644e-48	3.244410e-48	3.387246e-48	7.256457e+07	2.703675e-48
5.470000e-05	3.950753e-48	8.149073e-48	5.278330e-48	3.280260e-48	3.424674e-48	3.955048e+07	2.733550e-48
5.490000e-05	3.994247e-48	8.238787e-48	5.336439e-48	3.316372e-48	3.462376e-48	2.278994e+07	2.763644e-48
5.510000e-05	4.038059e-48	8.329156e-48	5.394974e-48	3.352749e-48	3.500354e-48	1.162235e+07	2.793958e-48
5.530000e-05	4.082191e-48	8.420185e-48	5.453935e-48	3.389391e-48	3.538609e-48	6.818527e+06	2.824492e-48
5.550000e-05	4.126643e-48	8.511874e-48	5.513324e-48	3.426298e-48	3.577142e-48	3.554691e+06	2.855249e-48
5.570000e-05	4.171416e-48	8.604226e-48	5.573142e-48	3.463473e-48	3.615953e-48	1.874087e+06	2.886228e-48
5.590000e-05	4.216512e-48	8.697244e-48	5.633392e-48	3.500916e-48	3.655044e-48	1.020494e+06	2.917430e-48
5.610000e-05	4.261932e-48	8.790930e-48	5.694074e-48	3.538627e-48	3.694416e-48	5.360909e+05	2.948856e-48
5.630000e-05	4.307677e-48	8.885286e-48	5.755191e-48	3.576609e-48	3.734069e-48	2.866696e+05	2.980507e-48
5.650000e-05	4.353748e-48	8.980315e-48	5.816743e-48	3.614861e-48	3.774006e-48	1.469105e+05	3.012384e-48
5.670000e-05	4.400146e-48	9.076019e-48	5.878733e-48	3.653385e-48	3.814226e-48	7.765308e+04	3.044487e-48
5.690000e-05	4.446873e-48	9.172401e-48	5.941161e-48	3.692182e-48	3.854730e-48	3.969328e+04	3.076818e-48
5.710000e-05	4.493929e-48	9.269462e-48	6.004030e-48	3.731252e-48	3.895521e-48	2.059971e+04	3.109377e-48
5.730000e-05	4.541316e-48	9.367206e-48	6.067341e-48	3.770597e-48	3.936598e-48	1.023295e+04	3.142164e-48
5.750000e-05	4.589036e-48	9.465635e-48	6.131095e-48	3.810218e-48	3.977963e-48	5.281454e+03	3.175181e-48
5.770000e-05	4.637088e-48	9.564751e-48	6.195295e-48	3.850115e-48	4.019617e-48	2.588784e+03	3.208429e-48
5.790000e-05	4.685475e-48	9.664556e-48	6.259941e-48	3.890290e-48	4.061560e-48	1.314863e+03	3.241908e-48
5.810000e-05	4.734197e-48	9.765053e-48	6.325035e-48	3.930743e-48	4.103795e-48	6.290406e+02	3.275619e-48
5.830000e-05	4.783255e-48	9.866245e-48	6.390579e-48	3.971476e-48	4.146321e-48	3.199377e+02	3.309563e-48
5.850000e-05	4.832652e-48	9.968133e-48	6.456574e-48	4.012489e-48	4.189139e-48	1.441540e+02	3.343741e-48
5.870000e-05	4.882387e-48	1.007072e-47	6.523022e-48	4.053783e-48	4.232252e-48	7.445859e+01	3.378153e-48
5.890000e-05	4.932462e-48	1.017401e-47	6.589924e-48	4.095360e-48	4.275659e-48	3.279728e+01	3.412800e-48
5.910000e-05	4.982879e-48	1.027800e-47	6.657282e-48	4.137221e-48	4.319362e-48	1.671598e+01	3.447684e-48
5.930000e-05	5.033638e-48	1.038270e-47	6.725098e-48	4.179365e-48	4.363362e-48	7.230081e+00	3.482804e-48
5.950000e-05	5.084741e-48	1.048811e-47	6.793373e-48	4.221795e-48	4.407660e-48	3.628960e+00	3.518163e-48
5.970000e-05	5.136188e-48	1.059423e-47	6.862108e-48	4.264511e-48	4.452257e-48	1.540128e+00	3.553759e-48
5.990000e-05	5.187981e-48	1.070106e-47	6.931305e-48	4.307514e-48	4.497153e-48	7.572259e-01	3.589595e-48
6.010000e-05	5.240121e-48	1.080860e-47	7.000966e-48	4.350805e-48	4.542350e-48	3.163045e-01	3.625671e-48
6.030000e-05	5.292609e-48	1.091687e-47	7.071092e-48	4.394386e-48	4.587849e-48	1.530097e-01	3.661988e-48
6.050000e-05	5.345447e-48	1.102586e-47	7.141685e-48	4.438256e-48	4.633651e-48	6.244801e-02	3.698547e-48
6.070000e-05	5.398635e-48	1.113557e-47	7.212746e-48	4.482418e-48	4.679757e-48	2.951207e-02	3.735348e-48
6.090000e-05	5.452175e-48	1.124600e-47	7.284276e-48	4.526871e-48	4.726167e-48	1.184756e-02	3.772393e-48
6.110000e-05	5.506067e-48	1.135716e-47	7.356279e-48	4.571617e-48	4.772884e-48	5.398660e-03	3.809681e-48
6.130000e-05	5.560314e-48	1.146906e-47	7.428754e-48	4.616658e-48	4.819907e-48	2.233873e-03	3.847215e-48
6.150000e-05	5.614916e-48	1.158168e-47	7.501703e-48	4.661993e-48	4.867238e-48	9.600786e-04	3.884994e-48
6.170000e-05	5.669874e-48	1.169504e-47	7.575129e-48	4.707624e-48	4.914878e-48	3.894327e-04	3.923020e-48
