# number of size bins = 100
# 0:size [cm], masses (1:Al2O3, 2:Fe, 3:Fe3O4, 4:MgSiO3, 5:Mg2SiO4, 6:AC, 7:SiO2) [g]
1.000000e-08	2.413892e-59	4.979047e-59	3.225036e-59	2.004224e-59	2.092460e-59	1.386570e-59	1.670187e-59
1.092769e-08	3.149947e-59	6.497279e-59	4.208427e-59	2.615360e-59	2.730502e-59	1.809369e-59	2.179467e-59
1.194144e-08	4.110441e-59	8.478456e-59	5.491678e-59	3.412847e-59	3.563098e-59	2.361089e-59	2.844039e-59
1.304924e-08	5.363814e-59	1.106374e-58	7.166224e-59	4.453506e-59	4.649573e-59	1.932299e+05	3.711255e-59
1.425981e-08	6.999371e-59	2.035473e+11	9.351379e-59	5.811488e-59	6.067340e-59	2.330180e+05	4.842907e-59
1.558268e-08	9.133648e-59	8.287507e+10	1.220284e-58	7.583551e-59	7.917419e-59	4.270437e+05	6.319626e-59
1.702827e-08	1.191872e-58	8.213767e+10	1.592378e-58	9.895960e-59	1.033163e-58	2.631451e+05	8.246633e-59
1.860797e-08	1.555302e-58	2.843352e+10	2.077933e-58	1.291348e-58	1.348199e-58	2.918059e+05	1.076123e-58
2.033421e-08	2.029552e-58	1.427593e+09	2.711545e-58	1.685111e-58	1.759298e-58	2.443255e+05	6.214841e-22
2.222060e-08	4.174689e+20	3.227305e+02	3.538360e-58	1.485394e+19	2.295751e-58	5.326200e+17	3.875621e+13
2.428199e-08	1.206716e-31	7.128514e-58	4.617292e-58	6.904660e+20	2.995781e-58	1.211193e+23	1.104427e+14
2.653461e-08	2.410891e-40	9.302170e-58	2.233048e+19	6.456990e+19	2.167360e+25	1.969020e+18	3.205722e+14
2.899620e-08	1.677851e-40	1.213863e-57	2.172284e+19	1.120387e+20	1.351986e+25	1.711669e+22	7.809800e+13
3.168615e-08	7.679386e-58	1.583999e-57	2.521651e+19	2.512286e+20	2.154028e+18	3.814925e+21	2.232477e+14
3.462565e-08	1.002102e-57	2.066998e-57	4.363015e+19	4.230428e+20	1.447389e+27	2.795059e+17	5.940526e+13
3.783785e-08	1.307667e-57	2.697276e-57	4.502533e+19	4.406146e+20	1.135213e+28	3.505289e+16	6.923896e+12
4.134803e-08	1.706406e-57	3.519741e-57	7.456336e+19	2.615559e+20	9.699315e+26	6.342241e+10	8.402487e+04
4.518385e-08	2.226730e-57	4.592995e-57	1.260335e+20	4.760895e+20	6.471315e+26	9.797012e+08	1.659043e+02
4.937552e-08	2.905714e-57	5.993510e-57	8.122818e+19	6.064203e+20	4.267418e+26	9.785009e+06	2.213626e-03
5.395604e-08	3.791737e-57	7.821076e-57	2.296029e+18	1.029166e+19	1.522056e+26	3.820430e-02	4.546290e-07
5.896150e-08	4.947929e-57	1.020591e-56	6.610588e-57	3.174805e+19	1.925184e+26	1.588411e-20	9.788262e-14
6.443131e-08	6.456672e-57	1.331794e-56	8.626317e-57	1.352943e+19	2.971889e+25	1.725306e-41	8.724293e-14
7.040855e-08	8.425468e-57	1.737890e-56	1.125669e-56	1.861382e+19	1.171539e+25	4.839694e-57	7.784432e-15
7.694029e-08	1.099460e-56	2.267815e-56	1.468913e-56	1.686352e+19	4.628079e+25	3.856465e+11	2.050228e-20
8.407797e-08	1.434712e-56	2.959327e-56	1.916820e-56	2.710757e+19	1.188221e+25	8.241163e-57	1.991134e-37
9.187781e-08	1.872190e-56	3.861697e-56	2.501304e-56	2.147056e+18	8.127200e+22	1.075409e-56	2.497300e-39
1.004012e-07	2.443066e-56	5.039222e-56	3.264012e-56	2.028446e-56	2.117749e-56	5.985714e+22	1.690372e-56
1.097154e-07	3.188016e-56	6.575802e-56	4.259289e-56	2.646968e-56	2.763502e-56	1.831236e-56	2.205807e-56
1.198936e-07	4.160119e-56	8.580923e-56	5.558049e-56	3.454093e-56	3.606160e-56	2.389624e-56	2.878411e-56
1.310160e-07	5.428639e-56	1.119745e-55	7.252832e-56	4.507330e-56	4.705766e-56	3.118278e-56	3.756108e-56
1.431703e-07	7.083963e-56	1.461183e-55	9.464396e-56	5.881724e-56	6.140667e-56	4.069117e-56	4.901436e-56
1.564520e-07	9.244034e-56	1.906733e-55	1.235032e-55	7.675203e-56	8.013105e-56	5.309889e-56	6.396003e-56
1.709660e-07	1.206276e-55	2.488142e-55	1.611623e-55	1.001556e-55	1.045649e-55	6.929003e-56	8.346299e-56
1.868263e-07	1.574099e-55	3.246836e-55	2.103046e-55	1.306954e-55	1.364493e-55	9.041823e-56	1.089129e-55
2.041580e-07	2.054080e-55	4.236875e-55	2.744315e-55	1.705476e-55	1.780560e-55	1.179889e-55	1.421230e-55
2.230976e-07	2.680419e-55	5.528801e-55	3.581124e-55	2.225517e-55	2.323496e-55	1.539666e-55	1.854598e-55
2.437942e-07	3.497743e-55	7.214666e-55	4.673095e-55	2.904132e-55	3.031986e-55	1.641816e+19	2.420110e-55
2.664108e-07	4.564290e-55	9.414593e-55	6.098034e-55	3.789671e-55	3.956512e-55	1.243959e+03	3.158060e-55
2.911255e-07	5.956052e-55	1.228533e-54	7.957472e-55	4.945234e-55	5.162949e-55	2.092845e+18	4.121028e-55
3.181329e-07	7.772197e-55	1.603142e-54	1.038390e-54	6.453155e-55	6.737256e-55	4.464447e-55	5.377629e-55
3.476459e-07	1.014213e-54	2.091979e-54	1.355020e-54	8.420878e-55	8.791609e-55	5.670671e+03	7.017399e-55
3.798967e-07	1.323471e-54	2.729874e-54	1.768198e-54	1.098861e-54	1.147238e-54	4.878710e+13	9.157173e-55
4.151394e-07	1.727029e-54	3.562279e-54	2.307365e-54	1.433930e-54	1.497059e-54	1.689099e+21	1.194942e-54
4.536515e-07	2.253642e-54	4.648504e-54	3.010936e-54	1.871170e-54	1.953548e-54	1.340038e+04	1.559308e-54
4.957363e-07	2.940832e-54	6.065945e-54	3.929043e-54	2.441735e-54	2.549233e-54	1.772697e+20	2.034779e-54
5.417254e-07	3.837562e-54	7.915599e-54	5.127104e-54	3.186279e-54	3.326555e-54	2.105353e+25	2.655232e-54
5.919808e-07	5.007728e-54	1.032926e-53	6.690481e-54	4.157852e-54	4.340903e-54	2.630564e+22	3.464877e-54
6.468983e-07	6.534705e-54	1.347890e-53	8.730571e-54	5.425682e-54	5.664549e-54	1.092761e+22	4.521402e-54
7.069105e-07	8.527295e-54	1.758894e-53	1.139273e-53	7.080104e-54	7.391807e-54	8.287735e+24	5.900087e-54
7.724900e-07	1.112747e-53	2.295223e-53	1.486665e-53	9.238999e-54	9.645747e-54	5.502423e+25	7.699166e-54
8.441533e-07	1.452051e-53	2.995092e-53	1.939985e-53	1.205619e-53	1.258697e-53	2.372180e+26	1.004683e-53
9.224647e-07	1.894816e-53	3.908368e-53	2.531534e-53	1.573242e-53	1.642504e-53	1.749549e+22	1.311035e-53
1.008041e-06	2.472592e-53	5.100124e-53	3.303460e-53	2.052961e-53	2.143343e-53	1.640987e+23	1.710801e-53
1.101556e-06	3.226545e-53	6.655275e-53	4.310765e-53	2.678959e-53	2.796900e-53	5.257599e+26	2.232466e-53
1.203746e-06	4.210396e-53	8.684629e-53	5.625221e-53	3.495838e-53	3.649743e-53	1.574606e+23	2.913198e-53
1.315417e-06	5.494248e-53	1.133278e-52	7.340487e-53	4.561804e-53	4.762638e-53	6.625193e+26	3.801503e-53
1.437447e-06	7.169577e-53	1.478842e-52	9.578779e-53	5.952808e-53	6.214881e-53	6.962832e+26	4.960673e-53
1.570798e-06	9.355754e-53	1.929777e-52	1.249958e-52	7.767963e-53	8.109949e-53	3.966641e+27	6.473302e-53
1.716519e-06	1.220855e-52	2.518213e-52	1.631100e-52	1.281662e-37	1.232397e-37	1.514873e+24	1.679531e-37
1.875759e-06	1.593123e-52	3.286076e-52	2.128462e-52	1.322750e-52	1.380984e-52	4.186184e+27	1.102291e-52
2.049772e-06	2.078905e-52	4.288081e-52	2.777482e-52	2.041652e-37	1.802079e-52	4.092596e+27	1.438407e-52
2.239928e-06	2.712813e-52	5.595620e-52	1.939541e-37	2.252414e-52	2.351577e-52	5.313434e+27	1.115913e-36
2.447724e-06	3.540016e-52	7.301860e-52	4.729572e-52	2.939230e-52	3.068630e-52	6.591839e+27	2.449358e-52
2.674797e-06	4.619452e-52	9.528374e-52	2.368235e-36	3.835472e-52	4.004329e-52	6.600078e+27	3.196227e-52
2.922936e-06	6.028035e-52	1.243381e-51	8.053643e-52	5.005000e-52	3.129687e-36	5.533198e+27	4.170833e-52
3.194094e-06	7.866128e-52	1.622517e-51	1.050939e-51	6.531146e-52	6.818680e-52	2.208601e+28	5.442621e-52
3.490408e-06	1.786718e-36	4.610175e-36	1.371396e-51	1.641621e-36	1.659902e-36	1.477101e+28	1.565982e-36
3.814210e-06	1.339466e-51	2.762866e-51	1.342976e-36	6.531069e-36	1.161103e-51	6.373338e+27	9.267843e-52
4.168051e-06	3.357829e-36	3.605331e-51	1.128052e-35	1.451260e-51	1.515152e-51	1.326826e+28	8.513624e-36
4.554717e-06	1.134891e-35	1.255469e-35	3.047325e-51	1.893784e-51	4.411724e-36	2.632199e+28	1.578153e-51
4.977254e-06	2.976373e-51	1.820077e-35	3.976528e-51	1.640025e-35	2.580042e-51	2.523655e+28	2.059371e-51
5.438990e-06	1.054815e-35	2.954608e-35	5.189068e-51	3.224787e-51	3.366759e-51	2.658465e+28	2.687323e-51
5.943561e-06	3.068226e-35	1.045409e-50	1.633283e-35	4.208103e-51	4.393365e-51	5.661533e+28	3.506752e-51
6.494940e-06	2.439170e-35	1.281467e-35	8.836085e-51	5.491255e-51	5.733008e-51	2.088073e+28	4.576046e-51
7.097470e-06	8.831257e-35	1.780151e-50	1.153042e-50	7.165671e-51	7.481141e-51	9.323046e+28	5.971393e-51
7.755896e-06	5.297234e-35	2.322962e-50	1.504633e-50	3.899832e-35	9.762322e-51	2.682173e+28	7.792215e-51
8.475404e-06	2.284346e-34	4.792170e-35	6.240049e-35	1.220190e-50	1.273909e-50	6.842963e+28	5.261167e-35
9.261660e-06	1.103946e-34	3.955603e-50	2.562129e-50	1.592255e-50	1.662355e-50	7.384606e+28	1.326879e-50
1.012086e-05	4.404996e-34	3.553648e-34	1.394408e-34	1.075063e-34	1.103163e-34	3.636647e+27	1.731477e-50
1.105976e-05	3.716073e-34	6.735708e-50	4.362863e-50	2.711336e-50	2.830703e-50	3.711518e+28	1.416824e-34
1.208576e-05	4.261281e-50	7.154544e-34	2.945729e-34	3.538087e-50	2.316292e-34	1.636551e+28	2.948406e-50
1.320695e-05	4.526254e-34	1.146975e-49	7.429201e-50	2.850401e-34	4.820197e-50	1.669989e+28	1.650915e-35
1.443215e-05	7.256225e-50	1.423596e-33	6.079126e-34	6.024751e-50	4.697964e-34	1.320534e+28	1.069489e-33
1.577101e-05	3.872298e-34	1.010556e-33	1.265065e-49	2.230967e-33	1.734044e-33	1.871831e+27	9.682661e-34
1.723407e-05	1.360456e-33	2.548647e-49	1.232984e-33	7.230239e-34	8.477487e-34	3.347358e+27	2.042814e-33
1.883286e-05	1.612377e-49	4.206588e-33	4.543507e-33	4.233918e-33	5.431188e-33	9.261696e-50	1.870531e-33
2.057997e-05	1.298985e-33	1.862225e-34	8.890291e-33	2.929081e-33	1.862035e-33	1.646082e+26	5.084328e-33
2.248915e-05	9.675890e-33	8.136757e-33	3.668207e-49	9.820720e-33	8.252310e-33	2.450186e+25	2.040629e-33
2.457545e-05	5.591981e-33	1.214399e-32	1.683815e-32	6.221222e-33	9.319605e-33	3.527820e+24	1.182297e-32
2.685530e-05	1.457090e-32	9.845384e-33	1.306319e-32	1.139951e-32	8.215630e-33	1.511296e+24	7.592233e-33
2.934664e-05	2.643642e-32	1.258408e-48	9.371213e-33	2.193175e-32	2.804759e-32	3.504426e-49	1.380651e-32
3.206910e-05	3.818868e-32	1.933272e-32	3.553440e-32	1.658312e-32	1.812498e-32	3.425360e+22	3.229352e-32
3.504412e-05	2.438250e-32	2.888929e-32	2.130389e-32	3.154967e-32	1.352560e-32	5.967432e-49	2.014920e-32
3.829514e-05	1.786775e-32	1.224472e-32	9.783643e-33	4.635667e-32	3.445145e-32	3.993379e+18	3.806934e-32
4.184775e-05	8.478857e-32	3.648904e-48	1.262454e-32	2.881663e-32	3.008528e-32	1.016150e-48	3.996757e-32
4.572993e-05	4.014250e-32	2.572070e-32	6.050855e-32	1.916672e-48	4.974773e-23	1.325999e-48	7.921802e-23
4.997225e-05	5.909971e-32	4.050819e-32	1.996084e-22	1.240482e-22	6.459244e-23	1.373809e+06	2.084259e-48
5.460814e-05	1.949609e-22	2.015732e-22	5.251781e-48	3.263761e-48	3.407448e-48	1.763850e-01	2.719800e-48
5.967409e-05	5.129502e-48	1.058044e-47	6.853176e-48	4.258960e-48	4.446461e-48	2.946450e-48	3.549133e-48
6.521000e-05	6.693611e-48	1.380667e-47	8.942875e-48	5.557620e-48	5.802295e-48	3.844894e-48	4.631350e-48
