# number of size bins = 50
# 0:size [cm], masses (1:Al2O3, 2:Fe, 3:Fe3O4, 4:MgSiO3, 5:Mg2SiO4, 6:AC, 7:SiO2) [g]
1.000000e-07	2.327785e+25	0.000000e+00	9.195607e-09	8.787803e+09	0.000000e+00	0.000000e+00	1.404240e-29
1.151395e-07	2.184715e+22	0.000000e+00	0.000000e+00	0.000000e+00	0.000000e+00	0.000000e+00	0.000000e+00
1.325711e-07	5.868311e+24	0.000000e+00	0.000000e+00	0.000000e+00	7.079922e+19	0.000000e+00	0.000000e+00
1.526418e-07	1.189726e+25	0.000000e+00	0.000000e+00	0.000000e+00	1.293679e+20	0.000000e+00	0.000000e+00
1.757511e-07	1.886987e+23	0.000000e+00	0.000000e+00	0.000000e+00	3.462409e+20	0.000000e+00	0.000000e+00
2.023590e-07	9.565877e+24	0.000000e+00	0.000000e+00	0.000000e+00	2.363845e+20	0.000000e+00	0.000000e+00
2.329952e-07	2.208220e+25	0.000000e+00	0.000000e+00	0.000000e+00	0.000000e+00	0.000000e+00	0.000000e+00
2.682696e-07	0.000000e+00	0.000000e+00	0.000000e+00	0.000000e+00	0.000000e+00	0.000000e+00	0.000000e+00
3.088844e-07	6.098876e+24	0.000000e+00	0.000000e+00	0.000000e+00	0.000000e+00	0.000000e+00	0.000000e+00
3.556480e-07	8.223568e+24	0.000000e+00	0.000000e+00	0.000000e+00	0.000000e+00	0.000000e+00	0.000000e+00
4.094915e-07	3.309791e+25	0.000000e+00	0.000000e+00	5.642638e+14	0.000000e+00	0.000000e+00	0.000000e+00
4.714866e-07	0.000000e+00	0.000000e+00	0.000000e+00	2.051779e+15	0.000000e+00	0.000000e+00	0.000000e+00
5.428675e-07	1.436935e+25	0.000000e+00	0.000000e+00	2.766497e+15	2.954216e+22	0.000000e+00	0.000000e+00
6.250552e-07	2.884414e+25	0.000000e+00	0.000000e+00	0.000000e+00	8.936416e+22	0.000000e+00	0.000000e+00
7.196857e-07	3.325741e+24	0.000000e+00	0.000000e+00	0.000000e+00	2.403887e+23	0.000000e+00	0.000000e+00
8.286428e-07	1.780274e+25	0.000000e+00	0.000000e+00	0.000000e+00	0.000000e+00	0.000000e+00	0.000000e+00
9.540955e-07	1.023652e+24	0.000000e+00	0.000000e+00	2.463037e+17	0.000000e+00	0.000000e+00	0.000000e+00
1.098541e-06	5.574502e+24	0.000000e+00	0.000000e+00	6.625547e+17	0.000000e+00	0.000000e+00	0.000000e+00
1.264855e-06	7.115134e+23	0.000000e+00	0.000000e+00	0.000000e+00	5.961053e+24	0.000000e+00	2.386827e-31
1.456348e-06	0.000000e+00	0.000000e+00	0.000000e+00	0.000000e+00	0.000000e+00	0.000000e+00	2.344502e-31
1.676833e-06	2.113448e+22	0.000000e+00	0.000000e+00	2.347224e+19	0.000000e+00	0.000000e+00	0.000000e+00
1.930698e-06	4.282259e+20	0.000000e+00	0.000000e+00	0.000000e+00	1.259301e+26	0.000000e+00	2.902736e-23
2.222996e-06	0.000000e+00	0.000000e+00	0.000000e+00	0.000000e+00	1.016661e+26	0.000000e+00	0.000000e+00
2.559548e-06	8.697023e+17	0.000000e+00	0.000000e+00	1.604701e+21	5.442200e+26	0.000000e+00	1.962984e-16
2.947052e-06	0.000000e+00	2.837214e-38	7.827643e-37	0.000000e+00	3.771190e+27	0.000000e+00	0.000000e+00
3.393222e-06	3.982032e+09	0.000000e+00	0.000000e+00	3.762363e+22	0.000000e+00	0.000000e+00	1.350706e-10
3.906940e-06	7.179430e+00	2.219308e-36	2.990896e-36	1.365659e+23	4.379462e+28	1.450984e-38	0.000000e+00
4.498433e-06	2.952091e-14	0.000000e+00	8.649599e-36	1.223471e+23	9.924382e+27	0.000000e+00	2.498319e-02
5.179475e-06	1.188902e-35	0.000000e+00	1.062059e-16	1.299428e+24	2.955567e+29	1.002935e-35	7.486322e+03
5.963623e-06	2.261863e-35	0.000000e+00	0.000000e+00	6.024231e+24	6.018322e+28	1.299243e-35	0.000000e+00
6.866488e-06	1.998880e-37	0.000000e+00	0.000000e+00	3.581739e+24	9.732131e+28	0.000000e+00	4.959000e+06
7.906043e-06	0.000000e+00	0.000000e+00	0.000000e+00	0.000000e+00	0.000000e+00	1.183473e+28	6.499837e+10
9.102982e-06	0.000000e+00	0.000000e+00	9.844023e+19	0.000000e+00	0.000000e+00	0.000000e+00	4.355076e+13
1.048113e-05	2.785232e-34	2.350333e-36	7.694077e+22	4.797104e+26	1.692234e+30	2.389373e-34	5.025244e+17
1.206793e-05	2.507196e-34	8.769168e-35	1.317205e+25	2.188548e+26	5.125703e+29	3.814072e-34	5.879392e+19
1.389495e-05	4.304604e-34	0.000000e+00	8.050500e+26	1.332996e+26	2.539105e+29	6.032594e-34	0.000000e+00
1.599859e-05	1.898150e-33	0.000000e+00	1.396861e+29	1.144937e+26	1.915046e+29	9.470680e-34	3.332001e+22
1.842070e-05	1.903325e-33	0.000000e+00	0.000000e+00	5.918777e+25	9.003204e+28	1.461428e-33	4.757518e+23
2.120951e-05	0.000000e+00	0.000000e+00	0.000000e+00	1.579702e+25	2.297101e+28	4.661944e-33	7.419296e+24
2.442053e-05	0.000000e+00	0.000000e+00	0.000000e+00	0.000000e+00	0.000000e+00	3.740142e-33	0.000000e+00
2.811769e-05	0.000000e+00	0.000000e+00	2.243647e+30	1.810831e+23	2.131662e+26	0.000000e+00	2.676581e+28
3.237458e-05	4.534585e-33	0.000000e+00	2.037434e+30	1.931177e+22	9.476658e+24	1.301897e-32	1.306709e+29
3.727594e-05	5.721231e-33	0.000000e+00	0.000000e+00	0.000000e+00	0.000000e+00	1.265591e-32	1.572502e+29
4.291934e-05	1.012161e-32	0.000000e+00	0.000000e+00	0.000000e+00	0.000000e+00	1.986483e-32	0.000000e+00
4.941713e-05	0.000000e+00	0.000000e+00	0.000000e+00	0.000000e+00	0.000000e+00	4.749142e-32	1.246010e+30
5.689866e-05	0.000000e+00	0.000000e+00	0.000000e+00	0.000000e+00	0.000000e+00	2.695004e-32	1.112123e+30
6.551286e-05	0.000000e+00	0.000000e+00	0.000000e+00	0.000000e+00	0.000000e+00	1.125365e-31	1.974607e+30
7.543120e-05	0.000000e+00	0.000000e+00	0.000000e+00	0.000000e+00	0.000000e+00	0.000000e+00	0.000000e+00
8.685114e-05	0.000000e+00	0.000000e+00	0.000000e+00	0.000000e+00	0.000000e+00	0.000000e+00	0.000000e+00
1.000000e-04	2.428019e+26	1.617932e+13	3.915817e+21	8.946453e+09	1.370423e+19	1.239324e-40	5.415027e+18
