# number of size bins = 100
# 0:size [cm], masses (1:Al2O3, 2:Fe, 3:Fe3O4, 4:MgSiO3, 5:Mg2SiO4, 6:AC, 7:SiO2) [g]
1.000000e-08	2.413892e-59	4.979047e-59	3.225036e-59	2.004224e-59	2.092460e-59	1.386570e-59	1.670187e-59
1.091532e-08	3.139257e-59	6.475229e-59	4.194145e-59	2.606485e-59	2.721235e-59	1.803228e-59	2.172070e-59
1.191441e-08	4.082590e-59	8.421007e-59	5.454468e-59	3.389722e-59	3.538955e-59	2.345091e-59	2.824768e-59
1.300496e-08	5.309390e-59	1.095148e-58	7.093511e-59	4.408319e-59	4.602396e-59	2.253952e+06	3.673599e-59
1.419532e-08	6.904839e-59	1.424236e-58	9.225081e-59	5.732999e-59	5.985395e-59	2.485940e+06	4.777499e-59
1.549464e-08	8.979713e-59	1.852212e-58	1.199718e-58	7.455741e-59	7.783981e-59	2.695324e+06	6.213117e-59
1.691289e-08	1.167808e-58	2.408794e-58	1.560228e-58	9.696159e-59	1.012303e-58	3.331620e+06	8.080132e-59
1.846095e-08	1.518729e-58	3.132626e-58	2.029069e-58	1.260981e-58	1.316496e-58	3.514014e+06	1.050818e-58
2.015071e-08	1.975100e-58	4.073967e-58	2.638796e-58	1.639901e-58	1.712098e-58	3.651012e+06	7.344590e+12
2.199514e-08	6.760046e+23	5.298176e-58	3.431743e-58	2.132684e-58	2.226575e-58	3.664236e+06	7.919934e+13
2.400839e-08	2.055400e+24	6.890255e-58	4.462967e-58	4.471457e+16	2.895652e-58	6.436903e+06	1.214517e+14
2.620592e-08	1.062942e+24	8.960747e-58	1.126278e+25	7.282147e+15	2.391258e+15	1.510931e+06	4.595088e+14
2.860458e-08	9.139438e+23	1.165341e-57	7.337587e+24	3.987364e+16	5.297691e+23	1.150312e+06	4.042410e+13
3.122281e-08	1.376455e+24	1.515521e-57	3.626291e+24	4.888576e+16	2.927955e+23	2.004111e+05	5.422526e+12
3.408068e-08	3.328388e+24	1.970929e-57	2.801797e+24	1.554300e+16	2.196188e+23	4.850359e+09	3.024653e+11
3.720014e-08	5.215351e+24	2.563185e-57	5.300524e+24	1.013981e+18	3.348125e+24	5.096269e+13	4.963289e+11
4.060513e-08	6.296868e+24	3.333410e-57	1.146666e+24	6.469491e+14	5.621823e+24	3.093505e+13	2.564610e+10
4.432178e-08	1.015483e+25	4.335086e-57	8.716076e+24	3.180326e+15	2.833286e+19	4.103732e+13	1.505442e+10
4.837862e-08	4.949636e+24	5.637760e-57	1.715359e+25	1.468380e+16	6.763919e+27	6.747812e-08	1.243389e+08
5.280679e-08	3.574194e+24	7.331883e-57	4.714975e+25	6.334859e+15	3.323788e+25	6.735910e+13	2.588113e+06
5.764028e-08	8.246894e+24	9.535082e-57	5.906676e+25	3.494528e+15	5.942168e+25	8.715779e+13	4.296153e+03
6.291618e-08	6.219187e+24	1.240033e-56	4.061399e+25	1.139608e+15	1.993448e+25	9.190169e-30	2.470149e-02
6.867500e-08	5.688662e+25	1.612658e-56	3.086184e+25	2.412192e+15	1.688620e+25	1.175833e-35	2.547785e-10
7.496093e-08	5.874458e+25	2.097255e-56	3.695678e+25	4.606362e+15	3.162036e+25	1.238876e-38	3.075276e-11
8.182223e-08	3.772932e+25	2.727471e-56	2.369751e+25	1.173801e+16	4.887342e+25	7.595488e-57	3.918690e-17
8.931154e-08	1.389920e+25	3.547064e-56	6.996105e+24	1.757139e+16	9.537397e+25	9.877899e-57	2.016585e-24
9.748637e-08	2.829596e+24	4.612941e-56	2.987901e-56	1.154371e+16	3.714791e+25	1.284616e-56	3.280072e-34
1.064094e-07	1.173798e+24	5.999110e-56	3.885752e-56	2.886523e+16	4.739350e+25	1.670638e-56	2.012360e-56
1.161493e-07	9.410732e+22	7.801816e-56	5.053404e-56	5.786097e+16	8.982896e+25	2.172658e-56	2.617065e-56
1.267806e-07	3.267337e+21	1.014623e-55	6.571930e-56	7.601660e+16	1.511548e+26	2.825532e-56	3.403482e-56
1.383850e-07	2.397859e+19	1.319513e-55	1.306356e+05	1.251030e+17	2.672960e+26	3.674592e-56	4.426213e-56
1.510516e-07	6.930456e-31	1.716020e-55	1.111503e-55	3.113388e+16	1.201901e+26	4.778791e-56	5.756271e-56
1.648776e-07	3.699462e-31	2.231677e-55	1.445505e-55	5.692236e+15	2.902535e+25	6.214797e-56	7.486006e-56
1.799691e-07	3.424318e-31	2.902286e-55	1.879873e-55	2.079863e+15	5.061593e+24	8.082317e-56	9.735518e-56
1.964420e-07	1.829873e-55	3.774411e-55	2.444767e-55	3.961098e+10	5.198525e+24	1.051102e-55	1.266100e-55
2.144226e-07	3.247115e-35	4.908605e-55	3.179409e-55	1.422459e+10	1.406583e+24	1.366953e-55	1.646557e-55
2.340491e-07	3.094843e-55	6.383620e-55	4.134808e-55	9.600378e+09	5.804022e+24	1.777717e-55	2.141341e-55
2.554720e-07	4.024831e-55	8.301870e-55	5.377300e-55	1.417455e+09	4.118729e+24	2.311913e-55	2.784804e-55
2.788557e-07	5.234275e-55	1.079655e-54	6.993155e-55	3.270244e+08	1.059475e+25	3.006633e-55	3.621626e-55
3.043798e-07	6.807152e-55	1.404086e-54	9.094568e-55	2.341770e+08	2.730212e+24	3.910113e-55	4.709909e-55
3.322402e-07	8.852671e-55	1.826008e-54	1.182745e-54	7.350260e-55	7.673856e-55	5.085085e-55	6.125216e-55
3.626506e-07	1.151286e-54	2.374715e-54	1.538154e-54	2.102016e+09	9.979816e-55	6.613131e-55	7.965817e-55
3.958446e-07	1.497243e-54	3.088307e-54	2.000363e-54	1.243141e-54	1.297871e-54	8.600349e-55	1.035951e-54
4.320769e-07	1.947157e-54	4.016330e-54	2.601463e-54	1.616700e-54	1.687875e-54	1.118472e-54	1.347250e-54
4.716256e-07	2.532270e-54	5.223220e-54	3.383192e-54	2.102511e-54	2.195075e-54	1.454568e-54	1.752093e-54
5.147942e-07	3.293206e-54	6.792775e-54	4.399826e-54	2.734307e-54	2.854685e-54	1.891659e-54	2.278589e-54
5.619141e-07	4.282800e-54	8.833974e-54	5.721955e-54	3.555954e-54	3.712505e-54	2.460094e-54	2.963295e-54
6.133470e-07	5.569763e-54	1.148854e-53	7.441378e-54	4.624503e-54	4.828097e-54	3.199342e-54	3.853752e-54
6.694877e-07	7.243452e-54	1.494080e-53	9.677479e-54	6.014146e-54	6.278920e-54	4.160730e-54	5.011788e-54
7.307669e-07	9.420079e-54	1.943045e-53	1.258552e-53	7.821371e-54	8.165708e-54	5.411011e-54	6.517809e-54
7.976552e-07	1.225077e-53	2.526922e-53	1.636741e-53	1.017166e-53	1.061947e-53	7.036997e-54	8.476382e-54
8.706658e-07	1.593208e-53	3.286251e-53	2.128575e-53	1.322820e-53	1.381057e-53	9.151584e-54	1.102350e-53
9.503592e-07	2.071959e-53	4.273755e-53	2.768203e-53	1.720321e-53	1.796059e-53	1.190159e-53	1.433601e-53
1.037347e-06	2.694574e-53	5.557999e-53	3.600036e-53	2.237271e-53	2.335767e-53	1.547797e-53	1.864392e-53
1.132297e-06	3.504282e-53	7.228154e-53	4.681831e-53	2.909561e-53	3.037655e-53	2.012904e-53	2.424634e-53
1.235938e-06	4.557304e-53	9.400183e-53	6.088701e-53	3.783871e-53	3.950457e-53	4.649652e+21	3.153226e-53
1.349065e-06	5.926754e-53	1.222490e-52	7.918329e-53	4.920908e-53	5.137552e-53	1.200308e+22	4.100757e-53
1.472547e-06	7.707718e-53	1.589843e-52	1.029775e-52	6.399620e-53	6.681364e-53	2.312176e+22	5.333016e-53
1.607332e-06	1.002385e-52	2.067583e-52	1.339218e-52	8.322678e-53	8.689085e-53	5.757827e-53	6.935565e-53
1.754454e-06	1.303598e-52	2.688883e-52	1.741648e-52	1.082361e-52	1.130012e-52	7.488029e-53	9.019672e-53
1.915042e-06	1.695323e-52	3.496881e-52	2.265005e-52	1.407605e-52	1.469575e-52	9.738150e-53	1.173004e-52
2.090328e-06	2.204761e-52	4.547679e-52	2.945629e-52	1.830585e-52	1.911176e-52	1.707182e+23	1.525487e-52
2.281659e-06	2.867282e-52	5.914236e-52	3.830778e-52	2.380667e-52	2.485477e-52	1.647003e-52	1.983889e-52
2.490503e-06	3.728887e-52	7.691439e-52	4.981910e-52	3.096048e-52	3.232352e-52	2.357779e+23	2.580040e-52
2.718463e-06	4.849402e-52	1.000268e-51	6.478953e-52	4.026396e-52	4.203659e-52	1.211220e+24	3.355330e-52
2.967288e-06	6.306626e-52	1.300845e-51	8.425850e-52	5.236311e-52	5.466841e-52	1.799304e+24	4.346407e-37
3.238889e-06	8.201740e-52	1.691743e-51	1.095778e-51	6.809800e-52	7.109602e-52	1.152503e+25	5.674833e-52
3.535349e-06	1.066633e-51	2.200104e-51	1.425055e-51	8.821236e-37	9.209592e-37	2.126148e+25	7.380096e-52
3.858945e-06	1.484848e-36	1.117529e-36	1.845978e-36	1.151734e-51	1.202439e-51	5.447282e+25	9.597783e-52
4.212161e-06	1.803984e-51	3.721012e-51	2.410179e-51	5.076467e-36	2.651467e-36	3.077970e+26	1.248188e-51
4.597707e-06	4.168362e-36	5.006879e-36	5.314624e-36	1.947915e-51	2.033672e-51	7.885290e+25	1.005861e-36
5.018542e-06	7.773179e-36	6.293306e-51	4.076310e-51	1.091270e-35	6.503766e-36	1.754754e+27	2.111046e-51
5.477897e-06	3.967889e-51	8.184418e-51	5.301224e-51	3.294487e-51	3.439527e-51	2.279205e-51	9.039276e-36
5.979297e-06	8.749488e-36	1.064380e-50	6.894218e-51	5.504269e-36	4.473091e-51	4.566363e+28	3.570389e-51
6.526592e-06	2.890884e-35	1.384222e-50	8.965901e-51	5.571930e-51	5.817235e-51	3.854794e-51	4.643275e-51
7.123981e-06	1.191306e-35	1.800174e-50	1.166012e-50	7.246271e-51	7.565289e-51	4.509190e+28	6.038559e-51
7.776051e-06	1.134998e-50	2.341119e-50	1.516393e-50	9.423744e-51	9.838625e-51	8.440637e+28	7.853120e-51
8.487805e-06	1.476060e-50	3.044615e-50	1.972062e-50	1.225554e-50	1.279509e-50	1.387115e+29	1.021295e-50
9.264707e-06	1.919610e-50	3.959508e-50	2.564659e-50	1.593827e-50	7.863961e-35	1.415493e+29	1.000571e-34
1.011272e-05	2.496444e-50	5.149323e-50	1.576259e-34	3.769797e-35	2.164019e-50	1.433989e-50	1.727305e-50
1.103835e-05	2.445787e-34	6.696673e-50	4.337579e-50	2.380563e-34	2.485367e-34	8.619797e+28	5.825983e-35
1.204871e-05	3.728724e-34	8.708994e-50	9.166111e-36	3.592545e-34	3.750707e-34	2.421388e+29	2.993787e-34
1.315155e-05	8.922311e-36	1.840372e-35	7.336100e-50	2.039604e-34	5.613802e-34	3.040697e+29	4.480896e-34
1.435533e-05	6.741518e-36	1.157284e-34	7.495979e-35	3.998315e-35	6.190088e-50	3.283213e+29	4.692310e-34
1.566930e-05	7.562445e-34	2.808095e-34	1.818864e-34	7.322795e-34	7.645182e-34	3.014931e+29	6.425597e-50
1.710353e-05	6.632381e-34	2.491172e-49	3.563530e-34	1.100496e-33	1.148946e-33	2.228377e+29	1.280583e-33
1.866905e-05	3.468748e-34	3.239758e-49	6.335105e-34	1.019183e-33	4.110328e-34	1.481349e+29	1.367935e-33
2.037785e-05	6.166605e-34	4.213291e-49	2.729039e-49	6.620420e-34	6.911885e-34	7.145150e+28	2.027805e-33
2.224307e-05	1.036970e-33	5.479367e-49	3.549104e-49	1.073965e-33	2.302721e-49	4.880523e+28	1.945298e-33
2.427901e-05	3.454705e-49	7.125893e-49	4.615594e-49	2.868397e-49	2.994679e-49	2.872664e+27	2.390331e-49
2.650131e-05	4.492829e-49	9.267193e-49	6.002560e-49	3.730338e-49	3.894567e-49	1.556710e+28	3.108615e-49
2.892702e-05	4.133116e-33	1.205194e-48	1.803197e-34	3.431674e-33	3.582754e-33	3.356238e-49	2.859728e-33
3.157475e-05	6.329342e-33	1.567350e-48	8.735517e-34	5.255172e-33	5.486532e-33	1.224055e+27	4.379310e-33
3.446484e-05	1.529302e-33	2.038332e-48	2.043195e-33	7.959017e-33	8.309414e-33	5.676368e-49	6.632514e-33
3.761946e-05	2.952693e-33	2.650842e-48	3.944891e-33	1.194720e-32	1.247318e-32	6.345011e+25	9.955999e-33
4.106283e-05	5.208171e-33	3.447408e-48	6.958279e-33	4.324278e-33	4.514655e-33	9.600378e-49	1.483634e-32
4.482137e-05	2.173569e-48	4.483340e-48	2.903956e-48	7.236303e-33	7.554882e-33	8.214640e+23	2.197553e-32
4.892394e-05	1.133437e-32	5.830564e-48	3.776582e-48	1.169991e-32	1.221500e-32	1.623701e-48	9.749925e-33
5.340203e-05	1.832581e-32	7.582623e-48	4.911428e-48	7.588118e-23	7.922186e-23	2.111617e-48	6.323432e-23
5.829000e-05	1.188542e-22	9.861169e-48	6.387291e-48	3.969432e-48	4.144187e-48	2.746148e-48	3.307860e-48
