# number of size bins = 100
# 0:size [cm], masses (1:Al2O3, 2:Fe, 3:Fe3O4, 4:MgSiO3, 5:Mg2SiO4, 6:AC, 7:SiO2) [g]
1.000000e-07	2.413892e-56	4.979047e-56	3.225036e-56	1.570290e-04	1.468546e-17	5.117759e+16	2.074213e+21
1.052264e-07	2.812494e-56	5.801228e-56	3.757580e-56	4.003947e-10	8.324961e-20	3.207342e+16	1.052480e+21
1.107259e-07	3.276916e-56	6.759173e-56	4.378062e-56	2.327034e-14	2.840564e-56	7.368978e+15	4.218658e+20
1.165128e-07	3.818027e-56	7.875303e-56	5.101003e-56	1.760191e-25	3.309621e-56	1.593396e+16	5.746630e+19
1.226022e-07	4.448490e-56	9.175737e-56	5.943322e-56	3.693525e-56	3.856133e-56	9.966426e+14	4.472909e+17
1.290098e-07	5.183061e-56	1.069091e-55	6.924732e-56	4.303429e-56	4.492889e-56	1.354831e+12	1.425937e+13
1.357524e-07	6.038930e-56	1.245628e-55	8.068200e-56	5.014047e-56	5.234791e-56	2.992157e+24	4.178372e-56
1.428473e-07	7.036128e-56	1.451316e-55	9.400487e-56	5.842007e-56	6.099202e-56	4.041640e-56	4.868339e-56
1.503130e-07	8.197990e-56	1.690969e-55	1.095277e-55	6.806686e-56	7.106352e-56	4.709028e-56	5.672239e-56
1.581689e-07	9.551709e-56	1.970196e-55	1.276138e-55	7.930662e-56	8.279811e-56	5.486621e-56	6.608885e-56
1.664354e-07	1.112897e-55	2.295531e-55	1.486865e-55	9.240237e-56	9.647040e-56	6.392617e-56	7.700198e-56
1.751339e-07	1.296667e-55	2.674587e-55	1.732388e-55	1.076606e-55	1.124004e-55	7.448218e-56	8.971717e-56
1.842870e-07	1.510783e-55	3.116237e-55	2.018454e-55	1.254384e-55	1.309608e-55	7.835751e+24	1.045320e-55
1.939185e-07	1.760256e-55	3.630815e-55	2.351757e-55	1.461518e-55	1.525862e-55	8.924501e+24	1.217932e-55
2.040534e-07	2.050924e-55	4.230365e-55	2.740098e-55	1.702856e-55	1.777824e-55	1.178076e-55	1.419047e-55
2.147180e-07	2.389589e-55	4.928917e-55	3.192566e-55	1.984045e-55	2.071393e-55	1.372610e-55	1.653371e-55
2.259399e-07	2.784177e-55	5.742820e-55	3.719748e-55	2.311667e-55	2.413438e-55	1.599266e-55	3.264888e+22
2.377484e-07	3.243923e-55	6.691121e-55	1.045340e-28	2.693388e-55	2.811965e-55	1.863350e-55	2.244490e-55
2.501740e-07	3.779586e-55	7.796014e-55	5.049646e-55	3.138142e-55	3.276299e-55	2.171042e-55	2.615119e-55
2.632490e-07	4.403702e-55	9.083355e-55	5.883484e-55	3.656338e-55	3.817309e-55	2.529542e-55	3.046948e-55
2.770073e-07	5.130878e-55	1.058327e-54	6.855013e-55	4.260102e-55	4.447654e-55	2.947240e-55	3.550085e-55
2.914847e-07	5.978130e-55	1.233087e-54	7.986969e-55	4.963565e-55	5.182086e-55	3.433913e-55	4.136304e-55
3.067188e-07	6.965287e-55	1.436704e-54	9.305842e-55	5.783189e-55	6.037795e-55	4.000948e-55	4.819324e-55
3.227490e-07	8.115452e-55	1.673944e-54	1.084250e-54	6.738156e-55	7.034804e-55	4.304777e+25	5.615130e-55
3.396171e-07	9.455542e-55	1.950360e-54	1.263290e-54	7.850815e-55	8.196449e-55	5.431382e-55	6.542346e-55
3.573667e-07	1.101692e-54	2.272419e-54	1.471895e-54	9.147206e-55	9.549913e-55	6.328255e-55	7.622671e-55
3.760440e-07	1.283612e-54	2.647659e-54	1.714946e-54	1.065767e-54	1.112687e-54	7.373228e-55	8.881389e-55
3.956974e-07	1.495572e-54	3.084862e-54	1.998132e-54	1.241755e-54	1.296423e-54	8.590756e-55	1.034796e-54
4.163780e-07	1.742534e-54	3.594260e-54	2.328079e-54	1.446803e-54	1.510499e-54	1.000933e-54	1.205669e-54
4.381394e-07	2.030275e-54	4.187773e-54	2.712511e-54	1.685711e-54	1.759925e-54	1.166215e-54	1.404759e-54
4.610382e-07	2.365530e-54	4.879292e-54	3.160423e-54	1.964070e-54	2.050538e-54	1.358790e-54	1.636725e-54
4.851337e-07	2.756146e-54	5.685001e-54	3.682297e-54	2.288393e-54	2.389140e-54	1.181277e+26	1.906994e-54
5.104885e-07	3.211263e-54	6.623754e-54	4.290348e-54	2.666271e-54	2.783654e-54	1.844590e-54	2.221892e-54
5.371685e-07	3.741533e-54	7.717523e-54	4.998806e-54	3.106547e-54	3.243313e-54	4.471140e+21	2.588789e-54
5.652429e-07	4.359366e-54	8.991903e-54	5.824249e-54	3.619525e-54	3.778876e-54	2.504074e-54	3.016271e-54
5.947846e-07	5.079219e-54	1.047672e-53	6.785996e-54	4.217211e-54	4.402874e-54	2.917567e-54	3.514342e-54
6.258702e-07	5.917941e-54	1.220672e-53	7.906555e-54	4.913591e-54	5.129913e-54	3.399340e-54	4.094659e-54
6.585804e-07	6.895160e-54	1.422239e-53	9.212150e-54	5.724963e-54	5.977006e-54	3.960666e-54	4.770803e-54
6.930002e-07	8.033745e-54	1.657091e-53	1.073333e-53	6.670316e-54	6.963977e-54	3.525222e+26	5.558596e-54
7.292189e-07	9.360342e-54	1.930723e-53	1.250571e-53	7.771772e-54	8.113926e-54	5.376698e-54	6.476477e-54
7.673306e-07	1.090600e-53	2.249540e-53	1.457075e-53	9.055111e-54	9.453763e-54	4.898521e+26	7.545925e-54
8.074341e-07	1.270689e-53	2.621002e-53	1.697680e-53	1.055036e-53	1.101485e-53	7.298994e-54	8.791970e-54
8.496335e-07	1.480515e-53	3.053804e-53	1.978014e-53	1.229253e-53	1.283371e-53	8.504263e-54	1.024377e-53
8.940384e-07	1.724990e-53	3.558072e-53	2.304640e-53	1.432237e-53	1.495291e-53	3.216730e+19	1.193531e-53
9.407641e-07	2.009834e-53	4.145610e-53	2.685201e-53	1.668739e-53	1.742206e-53	1.154474e-53	1.390616e-53
9.899319e-07	2.341714e-53	4.830167e-53	3.128603e-53	1.944295e-53	2.029893e-53	1.345110e-53	1.620246e-53
1.041669e-06	2.728397e-53	5.627764e-53	3.645224e-53	2.265353e-53	2.365086e-53	1.023386e+27	1.887794e-53
1.096111e-06	3.178932e-53	6.557066e-53	4.247153e-53	2.639427e-53	2.755628e-53	1.826018e-53	2.199522e-53
1.153397e-06	3.703863e-53	7.639822e-53	4.948477e-53	3.075270e-53	3.210659e-53	2.127545e-53	2.562725e-53
1.213678e-06	4.315475e-53	8.901371e-53	5.765610e-53	3.583084e-53	3.740829e-53	2.478863e-53	2.985903e-53
1.277109e-06	5.028081e-53	1.037124e-52	6.717674e-53	4.174752e-53	4.358546e-53	1.572827e+27	3.478960e-53
1.343856e-06	5.858359e-53	1.208382e-52	7.826951e-53	4.864120e-53	5.078264e-53	3.365115e-53	4.053434e-53
1.414091e-06	6.825739e-53	1.407920e-52	9.119401e-53	5.667324e-53	5.916828e-53	1.260139e+20	4.722770e-53
1.487996e-06	7.952860e-53	1.640407e-52	1.062527e-52	6.603158e-53	6.893863e-53	2.914331e+20	5.502632e-53
1.565764e-06	9.266101e-53	1.911285e-52	1.237980e-52	7.693525e-53	8.032234e-53	3.361358e+20	6.411271e-53
1.647597e-06	1.079620e-52	2.226891e-52	1.442406e-52	8.963943e-53	9.358582e-53	6.201470e-53	7.469952e-53
1.733706e-06	1.257895e-52	2.594614e-52	1.680587e-52	1.044414e-52	1.090395e-52	7.225507e-53	8.703452e-53
1.824316e-06	1.465609e-52	3.023058e-52	1.958099e-52	1.216876e-52	1.270450e-52	8.418641e-53	1.014064e-52
1.919661e-06	1.707622e-52	3.522249e-52	2.281437e-52	1.417817e-52	1.480236e-52	2.461839e+19	1.181514e-52
2.019990e-06	1.989599e-52	4.103872e-52	2.658166e-52	1.651938e-52	1.724665e-52	1.142850e-52	1.376615e-52
2.125562e-06	2.318137e-52	4.781537e-52	3.097104e-52	1.924720e-52	2.009456e-52	1.331567e-52	1.603933e-52
2.236651e-06	2.700927e-52	5.571103e-52	3.608523e-52	2.242545e-52	2.341274e-52	7.935499e+19	1.868788e-52
2.353547e-06	3.146926e-52	6.491049e-52	4.204392e-52	2.612852e-52	2.727884e-52	1.774102e+20	2.177377e-52
2.476552e-06	3.666572e-52	7.562903e-52	4.898655e-52	3.044308e-52	3.178334e-52	2.106125e-52	2.536923e-52
2.605986e-06	4.272026e-52	8.811751e-52	5.707561e-52	3.547009e-52	3.703166e-52	4.133710e+27	2.955841e-52
2.742184e-06	4.977458e-52	1.026682e-51	6.650040e-52	4.132720e-52	4.314663e-52	3.817784e+18	3.443933e-52
2.885500e-06	5.799376e-52	1.196216e-51	7.748149e-52	4.815148e-52	5.027136e-52	3.331234e-52	4.012623e-52
3.036307e-06	6.757017e-52	1.393745e-51	9.027586e-52	5.610264e-52	5.857257e-52	2.556531e+19	4.675220e-52
3.194996e-06	7.872790e-52	4.037119e-25	1.051829e-51	6.536677e-52	6.824455e-52	4.522229e-52	5.447231e-52
3.361978e-06	9.172809e-52	1.892042e-51	1.225516e-51	7.616066e-52	7.951365e-52	5.268977e-52	6.346722e-52
3.537687e-06	1.068750e-51	5.453082e-25	1.427883e-51	8.873693e-52	9.264359e-52	1.824517e+23	7.394744e-52
3.722579e-06	1.245230e-51	6.321692e-25	1.663667e-51	1.033899e-51	1.079416e-51	1.228117e+18	8.615824e-52
3.917135e-06	1.450853e-51	7.328568e-25	1.938385e-51	1.204625e-51	1.257659e-51	8.333882e-52	1.003854e-51
4.121858e-06	1.690430e-51	3.486787e-51	2.258467e-51	1.403542e-51	1.465333e-51	8.087617e+15	1.169618e-51
4.337282e-06	1.969567e-51	4.062554e-51	2.631403e-51	1.635306e-51	1.707301e-51	5.555337e+16	1.362755e-51
4.563964e-06	2.294798e-51	4.733396e-51	3.065922e-51	1.905342e-51	1.989224e-51	1.318161e-51	1.587785e-51
4.802493e-06	2.673734e-51	5.515012e-51	3.572192e-51	2.219967e-51	2.317701e-51	1.198817e+14	1.849973e-51
5.053489e-06	3.115243e-51	6.425696e-51	4.162062e-51	2.586546e-51	2.700419e-51	8.234607e+14	2.155455e-51
5.317603e-06	3.629657e-51	7.486759e-51	4.849335e-51	3.013658e-51	3.146334e-51	2.084920e-51	2.511381e-51
5.595520e-06	4.229015e-51	8.723034e-51	5.650097e-51	3.511297e-51	3.665883e-51	2.734232e+12	2.926081e-51
5.887962e-06	2.443827e-24	1.016345e-50	6.583087e-51	4.091111e-51	4.271223e-51	2.347451e+12	3.409259e-51
6.195688e-06	2.818898e-24	1.184172e-50	7.670139e-51	4.766669e-51	4.976522e-51	2.004238e+09	3.972224e-51
6.519498e-06	4.864727e-24	1.379713e-50	8.936695e-51	5.553780e-51	5.798286e-51	5.736077e+09	4.628150e-51
6.860230e-06	7.793526e-51	1.607542e-50	1.041239e-50	6.470865e-51	6.755746e-51	3.419069e+05	5.392387e-51
7.218771e-06	9.080456e-51	1.872992e-50	1.213177e-50	7.539387e-51	7.871309e-51	2.348551e+06	6.282822e-51
7.596050e-06	1.057990e-50	2.182276e-50	1.413507e-50	8.784352e-51	9.171084e-51	1.547424e+01	7.320293e-51
7.993047e-06	1.232693e-50	2.542631e-50	1.646917e-50	1.023490e-50	1.068549e-50	8.844222e+01	8.529079e-51
8.410793e-06	1.436246e-50	2.962491e-50	1.918869e-50	1.192496e-50	1.244996e-50	1.065394e-04	9.937470e-51
8.850372e-06	1.673410e-50	3.451682e-50	2.235729e-50	1.389411e-50	1.450580e-50	3.049131e-04	1.157843e-50
9.312924e-06	1.949737e-50	4.021651e-50	2.604910e-50	1.618842e-50	1.690112e-50	1.119954e-50	1.349035e-50
9.799652e-06	2.271694e-50	4.685739e-50	3.035054e-50	1.886158e-50	1.969197e-50	1.304889e-50	1.571799e-50
1.031182e-05	2.646814e-50	5.459487e-50	3.536227e-50	2.197616e-50	2.294367e-50	1.520363e-50	1.831347e-50
1.085075e-05	3.083878e-50	6.361001e-50	4.120158e-50	2.560504e-50	2.673231e-50	1.771418e-50	2.133754e-50
1.141785e-05	3.593113e-50	7.411382e-50	4.800511e-50	2.983316e-50	3.114657e-50	2.063929e-50	2.486096e-50
1.201459e-05	4.186437e-50	8.635209e-50	5.593211e-50	3.475945e-50	3.628974e-50	2.404742e-50	2.896621e-50
1.264251e-05	4.877735e-50	1.006113e-49	6.516807e-50	4.049921e-50	4.228220e-50	2.801832e-50	3.374934e-50
1.330326e-05	5.683187e-50	1.172250e-49	7.592916e-50	4.718677e-50	4.926418e-50	3.264494e-50	3.932231e-50
1.399853e-05	6.621641e-50	1.365821e-49	8.846720e-50	5.497864e-50	5.739908e-50	3.803553e-50	4.581553e-50
1.473015e-05	7.715060e-50	1.591357e-49	1.030756e-49	6.405716e-50	6.687728e-50	4.431627e-50	5.338096e-50
1.550000e-05	8.989033e-50	1.854135e-49	1.200963e-49	7.463479e-50	7.792060e-50	5.163413e-50	6.219566e-50
