# number of size bins = 100
# 0:size [cm], masses (1:Al2O3, 2:Fe, 3:Fe3O4, 4:MgSiO3, 5:Mg2SiO4, 6:AC, 7:SiO2) [g]
1.000000e-07	2.413892e-56	4.979047e-56	2.532265e+18	2.004224e-56	2.092460e-56	4.262588e+24	1.670187e-56
1.060864e-07	2.882024e-56	5.944645e-56	3.850474e-56	2.392908e-56	2.498256e-56	1.655471e-56	1.994090e-56
1.125433e-07	3.440941e-56	7.097503e-56	4.597205e-56	1.050518e+19	2.982748e-56	1.976520e-56	2.380808e-56
1.193932e-07	4.108251e-56	8.473938e-56	5.488752e-56	3.411028e-56	9.670151e+22	2.359831e-56	2.842523e-56
1.266600e-07	4.904973e-56	1.011731e-55	6.553198e-56	2.846036e+11	4.251830e-56	2.817478e-56	3.393780e-56
1.343691e-07	5.856205e-56	1.207938e-55	7.824074e-56	4.862332e-56	5.076397e-56	3.363878e-56	4.051944e-56
1.425474e-07	6.991913e-56	1.442196e-55	9.341414e-56	5.805296e-56	6.060875e-56	4.016242e-56	4.837746e-56
1.512235e-07	8.347870e-56	1.721884e-55	1.115302e-55	9.152583e+22	6.786852e+20	4.795121e-56	5.775941e-56
1.604276e-07	9.966791e-56	2.055813e-55	1.331594e-55	8.275299e-56	8.639620e-56	5.725050e-56	6.896082e-56
1.701920e-07	1.189967e-55	2.454502e-55	6.504267e+18	9.880146e-56	1.031512e-55	6.835321e-56	8.233455e-56
1.805506e-07	1.420740e-55	2.930509e-55	7.639386e+18	1.179623e-55	1.231556e-55	8.160911e-56	9.830188e-56
1.915397e-07	1.696268e-55	3.498829e-55	2.266267e-55	1.408389e-55	1.470394e-55	9.743574e-56	1.173658e-55
2.031977e-07	2.025229e-55	4.177365e-55	2.705769e-55	1.681521e-55	1.755551e-55	1.014127e+24	1.401268e-55
2.155652e-07	2.417986e-55	4.987490e-55	2.398490e+17	2.007623e-55	2.096009e-55	1.388921e-55	1.329628e+22
2.286854e-07	2.886911e-55	5.954726e-55	3.394623e+19	1.704199e+23	8.429013e+15	1.658278e-55	3.982421e+22
2.426043e-07	3.446776e-55	7.109539e-55	4.605001e-55	2.861814e-55	2.987806e-55	1.979872e-55	2.384845e-55
2.573702e-07	4.115218e-55	8.488308e-55	5.498060e-55	3.416812e-55	3.567238e-55	8.807809e+21	2.847344e-55
2.730349e-07	4.913291e-55	1.013446e-54	6.564311e-55	4.079443e-55	4.259041e-55	2.822256e-55	3.399535e-55
2.896530e-07	5.866136e-55	1.209986e-54	1.196497e+18	4.870578e-55	5.085006e-55	3.369582e-55	4.058815e-55
3.072826e-07	7.003769e-55	1.444642e-54	7.340463e+17	4.370153e+23	6.071153e-55	4.023053e-55	4.845950e-55
3.259852e-07	8.362026e-55	1.724804e-54	5.266885e+19	7.046192e+14	7.248545e-55	3.403213e+22	5.785736e-55
3.458261e-07	9.983693e-55	2.059300e-54	1.333853e-54	8.289332e-55	7.944689e+17	5.734758e-55	6.907777e-55
3.668746e-07	1.191985e-54	2.458664e-54	1.272148e+18	9.896901e-55	6.387199e+24	6.846913e-55	1.504496e+23
3.892042e-07	1.423150e-54	2.935478e-54	1.901372e-54	1.181623e-54	1.233644e-54	1.420674e+26	9.846858e-55
4.128929e-07	1.699144e-54	3.504762e-54	2.270110e-54	1.410778e-54	3.081417e+20	3.606715e+22	1.175648e-54
4.380234e-07	2.028663e-54	4.184449e-54	6.729956e+18	1.684373e-54	7.669213e+24	1.507832e+25	1.403644e-54
4.646835e-07	2.422086e-54	4.995948e-54	3.235983e-54	2.011027e-54	9.058559e+22	8.001334e+26	1.065417e+23
4.929662e-07	7.081686e-28	5.964824e-54	3.863545e-54	1.807854e+24	2.506736e-54	6.127207e+21	2.000859e-54
5.229703e-07	3.452621e-54	7.121595e-54	8.328815e+18	1.463130e+24	2.992873e-54	6.697678e+26	2.388890e-54
5.548006e-07	4.122196e-54	8.502702e-54	5.507383e-54	6.186645e+24	3.573287e-54	1.530335e+25	2.852172e-54
5.885682e-07	4.921623e-54	1.015165e-53	6.296467e+14	4.086360e-54	4.266263e-54	2.827042e-54	5.041249e+15
6.243911e-07	5.876084e-54	1.212038e-53	7.664954e+14	1.074871e+25	5.093629e-54	1.397308e+27	4.065698e-54
6.623943e-07	7.015646e-54	1.447092e-53	9.373123e-54	5.825001e-54	3.644595e+24	4.029875e-54	5.459030e+23
7.027106e-07	8.376206e-54	1.727729e-53	1.113835e+15	1.216522e+25	9.182473e+24	1.382898e+25	7.645705e+23
7.454807e-07	1.000062e-53	2.062792e-53	2.736649e+15	6.340713e+24	5.481200e+24	7.488373e+26	4.729673e+23
7.908539e-07	1.194007e-53	2.462834e-53	2.075728e+08	2.424575e+25	3.624977e+25	5.773561e+27	8.261404e-54
8.389888e-07	1.425563e-53	2.940456e-53	2.006060e+15	7.580346e+24	1.967095e+25	3.689192e+27	9.863556e-54
8.900534e-07	1.702026e-53	3.510706e-53	3.020539e+08	2.793024e+24	2.413235e+25	3.283019e+27	8.280321e+23
9.442260e-07	2.032103e-53	4.191545e-53	3.680673e+08	1.043623e+25	3.465520e+25	5.575973e+27	6.721617e+23
1.001696e-06	2.426194e-53	5.004420e-53	9.058953e+08	1.749215e+25	2.103123e-53	9.042163e+27	9.825491e+23
1.062663e-06	2.896711e-53	5.974939e-53	5.571164e+08	2.249717e+25	8.685456e+25	9.370806e+27	4.064668e+24
1.127342e-06	8.426725e-27	7.133672e-53	8.691160e+03	3.362522e+25	2.112144e+25	2.282695e+28	5.179067e+24
1.195957e-06	4.129187e-53	8.517121e-53	2.075549e+04	2.471592e+24	8.494699e+24	3.325903e+22	3.241700e+24
1.268748e-06	4.929969e-53	1.016887e-52	1.290250e+04	2.589926e+25	1.401282e+25	8.521830e+27	2.073613e+24
1.345970e-06	5.886049e-53	1.214094e-52	1.571590e+04	1.319907e+25	6.336950e+24	7.690990e+27	4.108953e+23
1.427892e-06	7.027544e-53	1.449546e-52	4.236146e-04	1.427899e+25	6.059608e+23	1.565227e+28	3.688282e+24
1.514799e-06	8.390411e-53	1.730659e-52	1.495769e-14	9.841257e+24	6.288912e+24	5.440142e+27	2.068999e+24
1.606997e-06	2.428499e-26	2.066290e-52	1.338380e-52	5.318808e+24	1.526340e+24	1.200033e+28	1.828308e+24
1.704806e-06	1.196031e-52	2.467010e-52	4.812159e-29	4.346835e+24	3.880392e+23	1.204762e+28	1.821859e+24
1.808568e-06	1.427980e-52	2.945443e-52	4.039896e-29	1.989831e+24	5.067996e+23	1.524073e+28	1.683214e+24
1.918645e-06	4.112183e-26	3.516659e-52	2.277816e-52	2.599936e+24	6.362240e+22	9.831246e+27	1.483630e+24
2.035423e-06	4.884746e-26	4.198653e-52	2.719558e-52	1.984988e+24	4.522390e+22	2.171494e+28	1.229044e+23
2.159307e-06	2.430308e-52	5.012907e-52	3.246968e-52	2.853064e+23	1.151612e+22	7.318084e+27	4.618515e+23
2.290732e-06	2.901623e-52	5.985071e-52	3.876659e-52	5.599378e+23	5.258230e+21	8.094503e+27	1.643643e+22
2.430157e-06	3.464341e-52	7.145769e-52	4.628469e-52	1.686383e+23	1.239438e+21	9.623691e+27	2.164915e+22
2.578067e-06	4.136189e-52	8.531564e-52	5.526078e-52	2.708862e+22	4.418034e+20	5.841814e+27	1.818132e+21
2.734979e-06	4.938329e-52	1.018611e-51	6.597763e-52	3.030351e+22	3.312916e+19	9.793820e+28	7.896165e+20
2.901442e-06	1.407681e-25	1.216152e-51	7.877281e-52	4.854400e+21	6.939624e+17	9.216710e+28	3.639755e+19
3.078037e-06	1.672101e-25	1.452004e-51	9.404940e-52	3.753103e+20	4.294882e+17	6.680759e+28	3.104608e+18
3.265380e-06	8.404639e-52	1.733594e-51	1.122886e-51	8.660495e+19	7.285484e-52	6.853420e+28	2.002770e+18
3.464126e-06	1.003457e-51	2.069794e-51	1.340650e-51	2.815985e+19	8.510282e+15	1.110381e+29	4.164382e+16
3.674968e-06	2.831225e-25	2.471194e-51	1.600645e-51	9.947336e-52	3.536296e+15	1.052677e+29	1.758671e+16
3.898642e-06	1.430402e-51	2.950438e-51	1.911062e-51	1.811239e+16	1.239931e-51	5.198411e+28	5.355865e+13
4.135931e-06	1.707803e-51	3.522623e-51	2.281678e-51	3.185473e+18	1.480393e-51	5.449455e+28	1.181639e-51
4.387662e-06	2.039001e-51	4.205773e-51	2.724170e-51	1.964767e+18	1.396944e+13	1.207869e+29	6.025385e+06
4.654715e-06	2.434429e-51	5.021408e-51	3.252474e-51	2.021276e-51	1.630794e+13	8.238997e+28	2.710777e+01
4.938022e-06	2.906544e-51	5.995221e-51	3.883233e-51	2.413266e-51	2.519510e-51	5.822700e+28	2.693369e+07
5.238572e-06	3.470216e-51	7.157887e-51	4.636318e-51	4.294281e+16	3.008125e-51	8.734280e+28	1.119181e+07
5.557414e-06	4.143203e-51	8.546032e-51	5.535449e-51	3.440048e-51	3.591497e-51	4.713718e+28	4.508677e+01
5.895663e-06	4.946704e-51	1.020338e-50	6.608951e-51	4.107185e-51	4.288004e-51	4.553791e+28	3.422654e-51
6.254499e-06	5.906029e-51	1.218215e-50	7.890640e-51	4.903700e-51	5.119586e-51	4.845018e+28	4.086417e-51
6.635176e-06	7.051398e-51	1.454466e-50	9.420889e-51	5.854686e-51	6.112439e-51	8.299856e+27	4.878905e-51
7.039022e-06	8.418892e-51	1.736534e-50	1.124790e-50	6.990098e-51	7.297838e-51	1.647563e+28	5.825082e-51
7.467449e-06	1.005159e-50	2.073304e-50	1.342923e-50	8.345704e-51	8.713125e-51	6.216683e+27	6.954753e-51
7.921951e-06	1.200091e-50	2.475384e-50	1.603360e-50	9.964205e-51	1.040288e-50	2.177181e+24	8.303504e-51
8.404116e-06	1.432828e-50	2.955441e-50	1.914303e-50	1.189659e-50	1.242033e-50	2.660850e+25	9.913821e-51
8.915628e-06	1.710699e-50	3.528596e-50	2.285548e-50	1.420372e-50	1.482904e-50	2.413778e+24	1.183643e-50
9.458272e-06	2.042459e-50	4.212905e-50	2.728789e-50	1.695828e-50	1.770487e-50	5.482010e+24	1.413190e-50
1.003394e-05	2.438558e-50	5.029923e-50	3.257989e-50	2.024703e-50	2.113841e-50	2.097515e+22	1.687253e-50
1.064466e-05	2.911473e-50	6.005387e-50	3.889819e-50	2.417358e-50	2.523783e-50	3.394560e+22	2.014465e-50
1.129254e-05	3.476101e-50	7.170026e-50	4.644180e-50	2.886162e-50	3.013226e-50	2.571250e+23	2.405135e-50
1.197985e-05	4.150229e-50	8.560525e-50	5.544836e-50	3.445882e-50	3.597588e-50	2.575672e+10	2.871568e-50
1.270900e-05	4.955092e-50	1.022069e-49	6.620159e-50	4.114150e-50	4.295276e-50	6.067322e+10	3.428458e-50
1.348252e-05	5.916044e-50	1.220281e-49	7.904021e-50	4.912016e-50	5.128268e-50	2.036118e+25	4.093347e-50
1.430313e-05	7.063356e-50	1.456932e-49	9.436865e-50	5.864614e-50	6.122805e-50	1.844177e+24	4.887179e-50
1.517368e-05	8.433169e-50	1.739479e-49	1.126698e-49	7.001952e-50	7.310214e-50	1.353937e-03	5.834960e-50
1.609722e-05	1.006863e-49	2.076820e-49	1.345201e-49	8.359856e-50	8.727900e-50	5.783548e-50	6.966547e-50
1.707697e-05	1.202126e-49	2.479582e-49	1.606079e-49	9.981102e-50	1.042052e-49	6.905165e-50	8.317585e-50
1.811635e-05	1.435258e-49	2.960453e-49	1.917549e-49	1.191676e-49	1.244140e-49	8.244299e-50	9.930633e-50
1.921899e-05	1.713600e-49	3.534580e-49	2.289424e-49	1.422780e-49	1.485418e-49	9.843135e-50	1.185650e-49
2.038874e-05	2.045923e-49	4.220049e-49	2.733417e-49	1.698703e-49	1.773489e-49	1.175204e-49	1.415586e-49
2.162969e-05	2.442693e-49	5.038453e-49	3.263514e-49	2.028137e-49	2.117426e-49	1.403113e-49	1.690114e-49
2.294617e-05	2.916410e-49	6.015571e-49	3.896415e-49	2.421458e-49	2.528063e-49	1.675222e-49	2.017881e-49
2.434278e-05	3.481996e-49	7.182184e-49	4.652055e-49	2.891057e-49	3.018336e-49	2.000102e-49	2.409214e-49
2.582439e-05	4.157267e-49	8.575042e-49	5.554239e-49	3.451726e-49	3.603688e-49	2.387986e-49	2.876438e-49
2.739617e-05	4.963495e-49	1.023802e-48	6.631385e-49	4.121126e-49	4.302560e-49	2.851094e-49	3.434272e-49
2.906363e-05	5.926077e-49	1.222350e-48	7.917424e-49	4.920346e-49	5.136965e-49	3.404013e-49	4.100288e-49
3.083257e-05	7.075334e-49	1.459403e-48	9.452868e-49	5.874560e-49	6.133188e-49	4.064161e-49	4.895466e-49
3.270917e-05	8.447470e-49	1.742428e-48	1.128608e-48	7.013826e-49	7.322611e-49	4.852332e-49	5.844855e-49
3.470000e-05	1.008571e-48	2.080342e-48	1.347482e-48	8.374033e-49	8.742701e-49	5.793356e-49	6.978361e-49
