# number of size bins = 100
# 0:size [cm], masses (1:Al2O3, 2:Fe, 3:Fe3O4, 4:MgSiO3, 5:Mg2SiO4, 6:AC, 7:SiO2) [g]
1.000000e-08	2.413892e-59	4.979047e-59	3.225036e-59	2.004224e-59	2.092460e-59	1.386570e-59	1.670187e-59
1.055240e-08	2.836423e-59	5.850586e-59	3.789550e-59	2.355046e-59	2.458727e-59	1.629277e-59	1.962538e-59
1.113530e-08	3.332915e-59	6.874680e-59	4.452878e-59	2.767276e-59	2.889106e-59	1.914468e-59	2.306064e-59
1.175041e-08	3.916313e-59	8.078034e-59	5.232316e-59	3.251664e-59	3.394819e-59	2.249579e-59	2.709720e-59
1.239950e-08	4.601829e-59	9.492024e-59	6.148188e-59	3.820840e-59	3.989053e-59	2.643348e-59	3.184033e-59
1.308444e-08	5.407339e-59	1.115352e-58	7.224375e-59	4.489645e-59	4.687302e-59	1.074202e+23	3.741371e-59
1.380722e-08	6.353847e-59	1.310585e-58	8.488939e-59	5.275518e-59	5.507774e-59	7.197725e+21	4.396265e-59
1.456993e-08	7.466033e-59	1.539991e-58	9.974855e-59	6.198952e-59	6.471862e-59	6.052555e+22	5.165793e-59
1.537476e-08	8.772898e-59	3.955151e+15	1.172087e-58	7.284025e-59	7.604705e-59	2.230391e+23	6.070021e-59
1.622406e-08	1.030852e-58	8.310979e-17	1.377250e-58	8.559030e-59	8.935843e-59	3.162007e+23	7.132525e-59
1.712027e-08	1.211293e-58	2.498490e-58	1.618326e-58	1.005721e-58	1.049999e-58	1.196077e+23	8.381012e-59
1.806598e-08	1.423320e-58	2.935830e-58	1.901600e-58	1.181764e-58	1.233792e-58	7.153456e+22	9.848036e-59
1.906394e-08	1.672460e-58	3.449721e-58	2.234459e-58	1.388622e-58	1.449756e-58	3.350990e+23	1.157185e-58
2.011702e-08	1.965209e-58	4.053565e-58	2.625581e-58	1.631688e-58	1.703523e-58	8.918071e+24	1.359740e-58
2.122827e-08	2.309202e-58	4.763106e-58	3.085166e-58	1.917301e-58	2.001711e-58	1.537170e+25	4.972036e-23
2.240091e-08	2.713408e-58	5.596847e-58	3.625198e-58	2.252908e-58	2.352093e-58	1.053414e+26	1.877423e-58
2.363833e-08	3.188367e-58	6.576526e-58	4.259758e-58	3.259521e+21	2.763806e-58	1.448041e+26	3.326841e-15
2.494410e-08	3.746463e-58	7.727691e-58	5.005391e-58	3.584637e+21	3.247586e-58	2.010346e+25	1.213544e-14
2.632200e-08	4.402248e-58	9.080356e-58	1.409252e+21	1.577442e+21	8.652537e+25	2.527495e+24	1.435091e-14
2.777601e-08	5.172824e-58	1.066979e-57	1.240279e+21	1.308368e+21	1.050879e+26	4.102911e+24	3.975178e-14
2.931035e-08	6.078282e-58	1.253745e-57	5.694007e+20	1.889422e+21	7.856222e+25	4.766871e+24	5.758941e-18
3.092944e-08	7.142233e-58	1.473202e-57	2.954879e+20	1.774116e+21	2.012884e+26	5.469117e+24	1.140655e-17
3.263797e-08	8.392419e-58	1.731073e-57	1.387764e+20	1.527546e+21	3.823160e+26	7.840090e+24	2.161289e-17
3.444087e-08	9.861439e-58	2.034083e-57	2.916465e+19	1.081093e+21	7.667578e+26	9.771868e+24	2.363164e-21
3.634337e-08	1.158760e-57	2.390131e-57	1.966470e-16	1.848047e+21	1.004460e-57	1.422333e+25	1.388167e-21
3.835096e-08	1.361591e-57	2.808503e-57	8.887246e-18	3.731391e+21	1.180282e-57	3.556276e+25	6.910544e-31
4.046945e-08	1.599925e-57	3.300107e-57	2.137550e-57	3.401180e+16	1.386880e-57	1.728815e+24	1.106998e-57
4.270496e-08	1.879978e-57	3.877762e-57	2.511710e-57	9.983403e+16	1.629642e-57	3.409471e+18	1.300768e-57
4.506396e-08	2.209052e-57	4.556531e-57	2.951363e-57	3.536006e+17	1.914897e-57	2.419553e+24	1.528457e-57
4.755327e-08	2.595728e-57	5.354112e-57	3.467974e-57	9.990127e+17	2.250083e-57	4.883135e+18	1.796000e-57
5.018009e-08	3.050088e-57	6.291303e-57	4.075013e-57	3.006087e+18	2.643940e-57	3.019138e+24	2.110374e-57
5.295202e-08	3.583979e-57	7.392542e-57	4.788308e-57	9.609825e+18	3.106739e-57	3.808377e+19	2.479777e-57
5.587706e-08	4.211324e-57	8.686542e-57	5.626460e-57	7.723208e+21	3.650547e-57	4.204548e+24	2.913840e-57
5.896369e-08	4.948479e-57	1.020705e-56	6.611323e-57	7.165574e+22	4.289543e-57	8.357472e+25	3.423883e-57
6.222081e-08	5.814668e-57	1.199370e-56	7.768578e-57	7.107743e+19	5.040391e-57	9.914223e+20	4.023204e-57
6.565786e-08	6.832475e-57	1.409309e-56	9.128401e-57	4.260742e+19	5.922668e-57	3.952944e+24	4.727431e-57
6.928477e-08	8.028441e-57	1.655997e-56	1.072625e-56	3.153602e+19	6.959379e-57	4.351477e+21	5.554926e-57
7.311203e-08	9.433750e-57	1.945865e-56	1.260379e-56	1.566725e+19	8.177558e-57	1.532328e+22	6.527268e-57
7.715070e-08	1.108505e-56	2.286472e-56	1.480997e-56	7.595678e+16	9.608969e-57	5.930978e+24	7.669810e-57
8.141247e-08	1.302539e-56	2.686699e-56	1.740233e-56	1.081481e-56	1.129094e-56	5.971208e+22	9.012344e-57
8.590965e-08	1.530537e-56	3.156982e-56	2.044845e-56	1.270785e-56	1.326732e-56	1.428336e+23	1.058988e-56
9.065526e-08	1.798444e-56	3.709584e-56	2.402778e-56	1.493225e-56	1.558965e-56	1.547337e+26	1.244354e-56
9.566301e-08	2.113246e-56	4.358915e-56	2.823363e-56	1.754601e-56	1.831848e-56	5.032085e+25	1.462168e-56
1.009474e-07	2.483152e-56	5.121905e-56	3.317568e-56	2.061729e-56	2.152497e-56	1.426353e-56	1.718107e-56
1.065237e-07	2.917806e-56	6.018451e-56	3.898280e-56	2.422617e-56	2.529273e-56	1.676024e-56	2.018847e-56
1.124080e-07	3.428542e-56	7.071928e-56	4.580640e-56	2.846675e-56	2.972000e-56	1.969398e-56	2.372229e-56
1.186174e-07	4.028679e-56	8.309808e-56	5.382441e-56	3.344961e-56	3.492223e-56	2.314124e-56	2.787467e-56
1.251697e-07	4.733864e-56	9.764368e-56	6.324591e-56	3.930467e-56	4.103507e-56	2.719191e-56	3.275389e-56
1.320840e-07	5.562486e-56	1.147354e-55	7.431656e-56	4.618461e-56	4.821790e-56	3.195162e-56	3.848718e-56
1.393803e-07	6.536152e-56	1.348188e-55	8.732503e-56	5.426883e-56	5.665802e-56	3.754447e-56	4.522403e-56
1.470796e-07	7.680248e-56	1.584177e-55	1.026105e-55	6.376812e-56	6.657552e-56	4.411631e-56	5.314010e-56
1.552042e-07	9.024609e-56	1.861473e-55	1.205716e-55	7.493018e-56	7.822899e-56	5.183849e-56	6.244181e-56
1.637776e-07	1.060429e-55	2.187308e-55	1.416766e-55	8.804606e-56	9.192230e-56	6.091237e-56	7.337171e-56
1.728246e-07	1.246048e-55	2.570177e-55	1.664759e-55	1.034578e-55	1.080125e-55	7.157455e-56	8.621480e-56
1.823714e-07	1.464158e-55	3.020064e-55	1.956161e-55	1.215671e-55	1.269192e-55	8.410305e-56	1.013060e-55
1.924455e-07	1.720446e-55	3.548700e-55	2.298570e-55	1.428464e-55	1.491353e-55	9.882456e-56	1.190387e-55
2.030761e-07	2.021595e-55	4.169870e-55	2.700914e-55	1.678504e-55	1.752401e-55	1.161229e-55	1.398754e-55
2.142939e-07	2.375458e-55	4.899769e-55	3.173686e-55	1.972312e-55	2.059143e-55	1.364493e-55	1.643593e-55
2.261314e-07	2.791261e-55	5.757431e-55	3.729212e-55	2.317548e-55	2.419579e-55	1.603335e-55	1.931290e-55
2.386228e-07	3.279847e-55	6.765220e-55	4.381978e-55	2.723215e-55	2.843105e-55	1.883985e-55	2.269346e-55
2.518042e-07	3.853956e-55	7.949413e-55	5.149006e-55	3.199890e-55	3.340766e-55	2.213761e-55	2.666575e-55
2.657137e-07	4.528557e-55	9.340889e-55	6.050295e-55	3.760003e-55	3.925538e-55	2.601260e-55	3.133336e-55
2.803916e-07	5.321242e-55	1.097593e-54	7.109346e-55	4.418159e-55	4.612670e-55	3.056588e-55	3.681799e-55
2.958803e-07	6.252680e-55	1.289717e-54	8.353776e-55	5.191520e-55	5.420077e-55	3.591618e-55	4.326267e-55
3.122246e-07	7.347157e-55	1.515471e-54	9.816032e-55	6.100251e-55	6.368815e-55	4.220299e-55	5.083542e-55
3.294718e-07	8.633213e-55	1.780741e-54	1.153424e-54	7.168047e-55	7.483621e-55	4.959026e-55	5.973372e-55
3.476716e-07	1.014438e-54	2.092444e-54	1.355321e-54	8.422751e-55	8.793564e-55	5.827061e-55	7.018959e-55
3.668768e-07	1.192007e-54	2.458709e-54	1.592559e-54	9.897081e-55	1.033280e-54	6.847037e-55	8.247567e-55
3.871429e-07	1.400657e-54	2.889084e-54	1.871322e-54	1.162948e-54	1.214147e-54	8.045552e-55	9.691233e-55
4.085285e-07	1.645830e-54	3.394794e-54	2.198881e-54	1.366512e-54	1.426673e-54	9.453856e-55	1.138760e-54
4.310954e-07	1.933919e-54	3.989023e-54	2.583776e-54	1.605708e-54	1.676399e-54	1.110867e-54	1.338090e-54
4.549090e-07	2.272434e-54	4.687267e-54	3.036044e-54	1.886773e-54	1.969839e-54	1.305315e-54	1.572311e-54
4.800379e-07	2.670204e-54	5.507732e-54	3.567477e-54	2.217037e-54	2.314642e-54	1.533799e-54	1.847530e-54
5.065550e-07	3.137601e-54	6.471813e-54	4.191933e-54	2.605110e-54	2.719800e-54	1.802277e-54	2.170925e-54
5.345368e-07	3.686810e-54	7.604648e-54	4.925694e-54	3.061111e-54	3.195877e-54	2.117750e-54	2.550926e-54
5.640644e-07	4.332155e-54	8.935776e-54	5.787894e-54	3.596933e-54	3.755288e-54	2.488444e-54	2.997444e-54
5.952230e-07	5.090461e-54	1.049991e-53	6.801015e-54	4.226544e-54	4.412619e-54	2.924024e-54	3.522120e-54
6.281029e-07	5.981502e-54	1.233782e-53	7.991474e-54	4.966364e-54	5.185009e-54	3.435850e-54	4.138637e-54
6.627990e-07	7.028512e-54	1.449745e-53	9.390312e-54	5.835684e-54	6.092600e-54	4.037265e-54	4.863070e-54
6.994117e-07	8.258792e-54	1.703511e-53	1.103401e-53	6.857169e-54	7.159057e-54	4.743954e-54	5.714308e-54
7.380468e-07	9.704422e-54	2.001695e-53	1.296541e-53	8.057458e-54	8.412188e-54	5.574342e-54	6.714548e-54
7.788162e-07	1.140310e-53	2.352075e-53	1.523490e-53	9.467846e-54	9.884669e-54	6.550082e-54	7.889872e-54
8.218376e-07	1.339911e-53	2.763785e-53	1.790163e-53	1.112511e-53	1.161489e-53	7.696617e-54	9.270925e-54
8.672356e-07	1.574451e-53	3.247562e-53	2.103516e-53	1.307246e-53	1.364798e-53	9.043843e-54	1.089372e-53
9.151412e-07	1.850045e-53	3.816020e-53	2.471718e-53	1.536069e-53	1.603694e-53	1.062689e-53	1.280057e-53
9.656932e-07	2.173879e-53	4.483981e-53	2.904371e-53	1.804944e-53	1.884407e-53	1.248703e-53	1.504120e-53
1.019038e-06	2.554398e-53	5.268863e-53	3.412756e-53	2.120884e-53	2.214256e-53	1.467278e-53	1.767403e-53
1.075329e-06	3.001523e-53	6.191132e-53	4.010129e-53	2.492126e-53	2.601843e-53	1.724113e-53	2.076772e-53
1.134729e-06	3.526914e-53	7.274836e-53	4.712068e-53	2.928352e-53	3.057273e-53	2.025904e-53	2.440293e-53
1.197411e-06	4.144270e-53	8.548233e-53	5.536874e-53	3.440934e-53	3.592422e-53	2.380520e-53	2.867445e-53
1.263556e-06	4.869688e-53	1.004453e-52	6.506056e-53	4.043240e-53	4.221244e-53	2.797210e-53	3.369367e-53
1.333354e-06	5.722085e-53	1.180273e-52	7.644885e-53	4.750974e-53	4.960136e-53	3.286837e-53	3.959145e-53
1.407008e-06	6.723686e-53	1.386870e-52	8.983056e-53	5.582591e-53	5.828365e-53	3.862170e-53	4.652159e-53
1.484730e-06	7.900610e-53	1.629630e-52	1.055546e-52	6.559775e-53	6.848570e-53	4.538209e-53	5.466479e-53
1.566746e-06	9.283543e-53	1.914882e-52	1.240310e-52	7.708007e-53	8.047353e-53	5.332583e-53	6.423339e-53
1.653292e-06	1.090855e-52	2.250066e-52	1.457416e-52	9.057227e-53	9.455973e-53	6.266006e-53	7.547689e-53
1.744619e-06	1.281799e-52	2.643920e-52	1.712524e-52	1.064262e-52	1.111116e-52	7.362816e-53	8.868847e-53
1.840991e-06	1.506167e-52	3.106716e-52	2.012287e-52	1.250551e-52	1.305607e-52	8.651613e-53	1.042126e-52
1.942687e-06	1.769809e-52	3.650519e-52	2.364520e-52	1.469450e-52	1.534142e-52	1.016600e-52	1.224541e-52
2.050000e-06	2.079598e-52	4.289511e-52	2.778409e-52	1.726664e-52	1.802681e-52	1.194547e-52	1.438887e-52
