# number of size bins = 50
# 0:size [cm], masses (1:Al2O3, 2:Fe, 3:Fe3O4, 4:MgSiO3, 5:Mg2SiO4, 6:AC, 7:SiO2) [g]
1.000000e-07	6.162942e+24	0.000000e+00	8.536166e+26	4.199330e+28	7.277567e+26	1.901569e+23	1.368243e+28
1.151395e-07	2.703411e+24	0.000000e+00	0.000000e+00	8.515239e+28	2.493545e+27	2.499268e+23	2.937477e+28
1.325711e-07	0.000000e+00	0.000000e+00	0.000000e+00	1.496846e+29	7.404566e+27	4.159198e+25	4.181088e+28
1.526418e-07	0.000000e+00	0.000000e+00	0.000000e+00	1.090204e+29	2.515926e+28	1.011416e+23	3.845159e+28
1.757511e-07	0.000000e+00	0.000000e+00	0.000000e+00	1.145775e+28	5.333475e+27	5.317426e+22	3.316508e+28
2.023590e-07	0.000000e+00	0.000000e+00	0.000000e+00	1.039269e+27	1.233509e+27	7.488961e+22	1.949032e+29
2.329952e-07	6.653203e-33	0.000000e+00	0.000000e+00	0.000000e+00	0.000000e+00	3.840087e+26	1.202619e+28
2.682696e-07	0.000000e+00	0.000000e+00	0.000000e+00	0.000000e+00	0.000000e+00	2.115736e+20	2.546438e+26
3.088844e-07	0.000000e+00	0.000000e+00	0.000000e+00	0.000000e+00	0.000000e+00	3.688444e+26	0.000000e+00
3.556480e-07	0.000000e+00	0.000000e+00	0.000000e+00	0.000000e+00	0.000000e+00	5.699855e+26	0.000000e+00
4.094915e-07	0.000000e+00	0.000000e+00	0.000000e+00	0.000000e+00	0.000000e+00	2.000506e+22	0.000000e+00
4.714866e-07	0.000000e+00	0.000000e+00	0.000000e+00	0.000000e+00	0.000000e+00	0.000000e+00	0.000000e+00
5.428675e-07	0.000000e+00	0.000000e+00	0.000000e+00	0.000000e+00	0.000000e+00	0.000000e+00	0.000000e+00
6.250552e-07	0.000000e+00	0.000000e+00	0.000000e+00	0.000000e+00	0.000000e+00	2.796840e+27	0.000000e+00
7.196857e-07	0.000000e+00	0.000000e+00	0.000000e+00	0.000000e+00	0.000000e+00	8.622735e+27	0.000000e+00
8.286428e-07	0.000000e+00	0.000000e+00	0.000000e+00	0.000000e+00	0.000000e+00	1.063840e+28	0.000000e+00
9.540955e-07	0.000000e+00	0.000000e+00	0.000000e+00	0.000000e+00	0.000000e+00	0.000000e+00	0.000000e+00
1.098541e-06	0.000000e+00	0.000000e+00	0.000000e+00	0.000000e+00	0.000000e+00	1.567266e+28	0.000000e+00
1.264855e-06	0.000000e+00	0.000000e+00	0.000000e+00	0.000000e+00	0.000000e+00	2.905376e+28	0.000000e+00
1.456348e-06	0.000000e+00	0.000000e+00	0.000000e+00	0.000000e+00	0.000000e+00	1.097794e+28	0.000000e+00
1.676833e-06	0.000000e+00	0.000000e+00	0.000000e+00	0.000000e+00	0.000000e+00	5.404288e+28	0.000000e+00
1.930698e-06	0.000000e+00	0.000000e+00	0.000000e+00	0.000000e+00	0.000000e+00	6.595103e+28	0.000000e+00
2.222996e-06	0.000000e+00	0.000000e+00	0.000000e+00	0.000000e+00	0.000000e+00	4.112791e+28	0.000000e+00
2.559548e-06	0.000000e+00	0.000000e+00	0.000000e+00	0.000000e+00	0.000000e+00	2.769129e+28	0.000000e+00
2.947052e-06	0.000000e+00	0.000000e+00	0.000000e+00	0.000000e+00	0.000000e+00	2.050894e+28	0.000000e+00
3.393222e-06	0.000000e+00	0.000000e+00	0.000000e+00	0.000000e+00	0.000000e+00	1.062825e+28	2.065721e-38
3.906940e-06	0.000000e+00	0.000000e+00	6.195199e-38	3.850055e-38	4.019554e-38	4.607305e+27	7.628675e-37
4.498433e-06	0.000000e+00	0.000000e+00	0.000000e+00	0.000000e+00	0.000000e+00	1.304789e+27	2.406289e-36
5.179475e-06	0.000000e+00	0.000000e+00	0.000000e+00	3.598620e-36	3.757050e-36	4.183790e+26	5.778860e-36
5.963623e-06	3.314646e-36	0.000000e+00	0.000000e+00	0.000000e+00	0.000000e+00	5.638082e+24	0.000000e+00
6.866488e-06	0.000000e+00	0.000000e+00	0.000000e+00	0.000000e+00	0.000000e+00	0.000000e+00	0.000000e+00
7.906043e-06	0.000000e+00	0.000000e+00	0.000000e+00	0.000000e+00	0.000000e+00	2.166791e+22	0.000000e+00
9.102982e-06	0.000000e+00	0.000000e+00	0.000000e+00	7.023751e-35	7.332973e-35	0.000000e+00	1.452340e-34
1.048113e-05	3.260133e-34	0.000000e+00	2.411391e-24	3.718370e-24	3.882072e-24	5.200454e+06	3.098642e-24
1.206793e-05	4.476216e-24	4.639662e-24	0.000000e+00	0.000000e+00	0.000000e+00	5.267498e-01	0.000000e+00
1.389495e-05	0.000000e+00	0.000000e+00	0.000000e+00	0.000000e+00	0.000000e+00	0.000000e+00	0.000000e+00
1.599859e-05	0.000000e+00	0.000000e+00	0.000000e+00	0.000000e+00	0.000000e+00	0.000000e+00	0.000000e+00
1.842070e-05	0.000000e+00	0.000000e+00	0.000000e+00	0.000000e+00	0.000000e+00	0.000000e+00	0.000000e+00
2.120951e-05	0.000000e+00	0.000000e+00	0.000000e+00	0.000000e+00	0.000000e+00	0.000000e+00	0.000000e+00
2.442053e-05	0.000000e+00	0.000000e+00	0.000000e+00	0.000000e+00	0.000000e+00	0.000000e+00	0.000000e+00
2.811769e-05	0.000000e+00	0.000000e+00	0.000000e+00	0.000000e+00	0.000000e+00	0.000000e+00	0.000000e+00
3.237458e-05	0.000000e+00	0.000000e+00	0.000000e+00	0.000000e+00	0.000000e+00	0.000000e+00	0.000000e+00
3.727594e-05	0.000000e+00	0.000000e+00	0.000000e+00	0.000000e+00	0.000000e+00	0.000000e+00	0.000000e+00
4.291934e-05	0.000000e+00	0.000000e+00	0.000000e+00	0.000000e+00	0.000000e+00	0.000000e+00	0.000000e+00
4.941713e-05	0.000000e+00	0.000000e+00	0.000000e+00	0.000000e+00	0.000000e+00	0.000000e+00	0.000000e+00
5.689866e-05	0.000000e+00	0.000000e+00	0.000000e+00	0.000000e+00	0.000000e+00	0.000000e+00	0.000000e+00
6.551286e-05	0.000000e+00	0.000000e+00	0.000000e+00	0.000000e+00	0.000000e+00	0.000000e+00	0.000000e+00
7.543120e-05	0.000000e+00	0.000000e+00	0.000000e+00	0.000000e+00	0.000000e+00	0.000000e+00	0.000000e+00
8.685114e-05	0.000000e+00	0.000000e+00	0.000000e+00	0.000000e+00	0.000000e+00	0.000000e+00	0.000000e+00
1.000000e-04	2.490039e+26	0.000000e+00	1.009289e+29	3.000093e+30	1.469915e+29	6.168253e+26	2.090952e+30
