# number of size bins = 100
# 0:size [cm], masses (1:Al2O3, 2:Fe, 3:Fe3O4, 4:MgSiO3, 5:Mg2SiO4, 6:AC, 7:SiO2) [g]
1.000000e-08	2.413892e-59	4.979047e-59	3.225036e-59	2.004224e-59	2.092460e-59	1.386570e-59	1.670187e-59
1.093295e-08	3.154495e-59	6.506660e-59	4.214504e-59	2.619137e-59	2.734444e-59	1.811981e-59	2.182614e-59
1.195294e-08	4.122320e-59	8.502958e-59	5.507549e-59	3.422709e-59	3.573395e-59	2.367912e-59	2.852258e-59
1.306808e-08	5.387082e-59	1.111174e-58	7.197310e-59	4.472825e-59	4.669742e-59	7.479283e+03	3.727354e-59
1.428727e-08	7.039884e-59	1.452091e-58	9.405505e-59	5.845125e-59	6.102458e-59	7.899321e+03	4.870938e-59
1.562020e-08	9.199779e-59	1.897605e-58	1.229119e-58	7.638459e-59	7.974743e-59	1.306313e+04	6.365382e-59
1.707748e-08	1.202235e-58	2.479805e-58	1.606223e-58	9.982001e-59	1.042146e-58	4.295590e+03	8.318335e-59
1.867072e-08	1.571090e-58	3.240630e-58	2.099026e-58	1.304456e-58	1.361885e-58	4.045338e+03	1.087047e-58
2.041260e-08	2.053114e-58	4.234883e-58	2.743025e-58	1.704674e-58	1.779723e-58	3.440375e+03	1.420562e-58
2.231699e-08	2.683027e-58	5.534180e-58	3.584608e-58	1.022841e-42	2.325757e-58	5.455019e+19	1.856402e-58
2.439905e-08	3.506201e-58	7.232113e-58	4.684395e-58	3.459577e-42	3.039318e-58	2.136448e+20	3.408908e-42
2.667536e-08	4.581933e-58	9.450985e-58	6.121607e-58	3.804321e-58	6.860200e-41	6.092356e+01	8.495656e-42
2.916403e-08	7.026327e-44	1.235063e-57	7.999766e-58	2.020241e-42	1.582676e-40	3.999736e+01	3.696941e-41
3.188489e-08	7.824788e-58	1.613990e-57	1.045416e-57	3.489034e-42	1.855308e-40	7.458918e+00	4.898758e-41
3.485958e-08	1.022550e-57	2.109176e-57	1.366159e-57	8.490100e-58	2.367069e-39	3.089678e-02	9.003541e-41
3.811180e-08	1.336277e-57	2.854457e+19	1.785307e-57	4.078541e-42	1.986791e-40	7.431131e-05	3.827623e-39
4.166744e-08	1.746257e-57	3.601941e-57	2.333055e-57	1.449895e-57	1.513727e-57	6.479441e-21	4.564549e-42
4.555479e-08	2.282024e-57	4.707046e-57	3.048855e-57	1.894735e-57	1.978151e-57	5.703165e-28	3.855889e-41
4.980482e-08	2.982168e-57	6.151207e-57	3.984269e-57	2.476056e-57	2.585064e-57	9.267243e-29	2.063380e-57
5.445135e-08	3.897121e-57	8.038449e-57	5.206676e-57	3.235730e-57	3.378184e-57	2.238555e-57	1.978333e-41
5.953138e-08	5.092791e-57	1.050471e-56	6.804128e-57	4.228479e-57	4.414639e-57	2.925363e-57	3.523733e-57
6.508536e-08	6.655302e-57	1.372765e-56	8.891691e-57	5.525812e-57	5.769086e-57	3.822889e-57	4.604843e-57
7.115748e-08	8.697204e-57	1.793940e-56	1.161974e-56	7.221177e-57	7.539090e-57	4.995783e-57	6.017647e-57
7.779611e-08	1.136558e-56	2.344336e-56	1.518477e-56	9.436694e-57	3.432165e-41	6.528531e-57	7.863912e-57
8.505408e-08	1.485263e-56	5.886174e+20	1.984358e-56	1.233195e-56	1.287487e-56	8.531538e-57	1.027663e-56
9.298919e-08	1.940954e-56	4.003535e-56	2.593176e-56	1.611550e-56	1.682498e-56	1.114909e-56	1.342958e-56
1.016646e-07	2.536455e-56	5.231853e-56	3.388784e-56	2.105986e-56	2.198703e-56	1.456972e-56	1.754989e-56
1.111494e-07	3.314661e-56	6.837029e-56	4.428491e-56	2.752121e-56	2.873283e-56	1.903983e-56	2.293434e-56
1.215191e-07	4.331627e-56	8.934687e-56	2.251438e-40	3.596494e-56	3.754830e-56	2.488141e-56	2.997078e-56
1.328562e-07	5.660606e-56	1.167592e-55	7.562747e-56	4.699929e-56	4.906844e-56	4.899480e-18	3.916607e-56
1.452509e-07	7.397327e-56	4.708344e+17	9.883061e-56	6.141906e-56	6.412304e-56	4.249117e-56	5.118255e-56
1.588021e-07	9.666888e-56	2.982701e-40	1.291527e-55	8.026294e-56	8.379653e-56	5.552782e-56	6.688578e-56
1.736175e-07	1.263277e-55	2.605715e-55	1.687778e-55	1.048883e-55	1.095060e-55	7.256422e-56	8.740690e-56
1.898151e-07	1.650861e-55	3.405170e-55	2.205602e-55	1.370689e-55	1.431034e-55	9.482752e-56	1.142241e-55
2.075239e-07	2.157359e-55	4.449905e-55	2.882299e-55	1.791227e-55	1.118715e-39	1.239214e-55	1.492690e-55
2.268848e-07	2.819255e-55	1.392127e+18	3.766612e-55	2.340791e-55	2.443845e-55	1.619415e-55	1.950659e-55
2.480520e-07	3.684225e-55	7.599316e-55	4.922241e-55	1.849409e-39	3.193637e-55	2.116265e-55	2.549138e-55
2.711940e-07	4.814576e-55	1.081528e+22	6.432425e-55	3.997481e-55	4.173471e-55	1.135588e-06	3.331234e-55
2.964950e-07	6.291729e-55	1.297772e-54	8.405947e-55	5.223942e-55	5.453927e-55	3.614048e-55	4.353285e-55
3.241564e-07	8.222084e-55	1.695939e-54	1.098496e-54	6.826691e-55	7.127237e-55	4.722868e-55	5.688909e-55
3.543986e-07	1.074469e-54	2.216267e-54	1.435524e-54	8.921176e-55	9.313933e-55	6.171883e-55	7.434314e-55
3.874621e-07	1.404125e-54	2.896236e-54	1.875955e-54	1.165827e-54	1.217152e-54	4.503764e-31	9.715223e-55
4.236103e-07	1.834922e-54	3.784826e-54	2.451513e-54	1.523512e-54	1.590585e-54	1.054002e-54	1.269593e-54
4.631310e-07	2.397891e-54	4.946042e-54	3.203658e-54	1.990938e-54	2.078590e-54	1.054293e+23	1.659115e-54
5.063387e-07	3.133584e-54	6.463529e-54	4.186567e-54	2.601775e-54	2.716318e-54	3.645480e-23	2.168146e-54
5.535775e-07	4.094994e-54	1.665012e+21	5.471040e-54	3.400021e-54	3.549708e-54	1.791235e+23	2.833351e-54
6.052235e-07	5.351372e-54	1.002141e+23	7.149601e-54	4.443176e-54	4.638787e-54	3.073895e-54	3.702647e-54
6.616877e-07	6.993218e-54	1.442465e-53	9.343158e-54	5.806379e-54	6.062006e-54	1.640415e-05	2.802903e-38
7.234197e-07	9.138796e-54	4.772893e+21	1.220972e-53	3.620958e-38	7.921880e-54	5.249439e-54	2.864927e-38
7.909111e-07	1.194265e-53	1.670215e+17	1.595576e-53	9.915833e-54	1.035238e-53	3.343734e+00	8.263194e-54
8.646990e-07	1.716063e-38	2.843661e+23	2.085112e-53	1.295809e-53	1.352858e-53	4.145844e+22	1.079841e-53
9.453709e-07	2.039504e-53	4.206811e-53	2.724842e-53	1.693374e-53	1.767926e-53	1.953233e+24	1.411145e-53
1.033569e-06	2.665241e-53	7.876110e+24	3.560846e-53	2.212916e-53	1.092040e-37	8.394241e-10	1.844097e-53
1.129996e-06	3.482960e-53	1.915324e+22	4.653343e-53	2.891857e-53	3.019171e-53	9.647406e+00	2.409881e-53
1.235419e-06	4.551561e-53	1.991684e+22	6.081028e-53	3.779103e-53	3.945478e-53	3.951210e+24	3.149252e-53
1.350677e-06	5.948018e-53	2.548046e+24	7.946738e-53	4.938563e-53	5.155984e-53	4.514293e+23	4.115469e-53
1.476688e-06	7.772919e-53	4.166219e+22	1.038486e-52	3.093127e-37	6.737883e-53	1.707305e+24	5.378129e-53
1.614455e-06	6.420255e-37	1.437401e+25	1.357103e-52	2.980337e-37	8.805121e-53	5.608004e+24	4.124099e-37
1.765076e-06	1.327419e-52	1.071813e+26	1.773473e-52	3.799128e-37	7.075637e-37	7.234928e+01	4.170131e-37
1.929748e-06	1.734682e-52	2.822730e+25	2.317589e-52	1.440284e-52	1.503693e-52	1.317652e+25	1.200237e-52
2.109784e-06	2.415976e-37	9.066785e+23	3.028645e-52	1.135891e-36	1.965038e-52	2.419509e+25	1.152870e-36
2.306616e-06	8.679090e-38	1.932794e+22	9.845100e-36	2.459642e-52	2.567929e-52	2.212743e+24	2.049702e-52
2.521811e-06	3.871288e-52	9.646890e+19	5.172163e-52	1.565805e-36	3.355790e-52	9.511406e+25	2.678568e-52
2.757083e-06	1.823592e-37	2.069816e+16	2.784098e-36	4.200449e-52	4.385375e-52	1.406038e+26	2.089531e-36
3.014305e-06	8.316349e-37	4.296014e+10	2.685001e-36	5.489182e-52	3.740301e-36	5.792202e+25	4.574319e-52
3.295524e-06	3.669664e-37	9.964649e+00	1.154271e-51	7.173309e-52	7.489115e-52	1.766482e+26	5.977758e-52
3.602979e-06	4.289557e-37	2.328796e-51	8.450028e-36	5.902372e-36	9.786838e-52	1.964138e+26	6.448831e-36
3.939118e-06	2.320559e-36	5.376257e-35	8.578364e-36	1.225020e-51	3.990473e-35	1.802491e+26	1.020850e-51
4.306618e-06	1.124440e-36	3.508591e-35	2.575986e-51	8.443018e-36	1.671345e-51	7.687505e+26	8.205638e-36
4.708403e-06	2.023451e-35	5.107395e-35	1.840265e-35	1.342221e-35	3.830828e-35	1.019520e+27	1.743355e-51
5.147673e-06	5.350852e-35	9.995382e-36	4.399135e-51	2.733877e-51	2.854237e-51	1.086271e+27	1.758770e-35
5.627924e-06	6.247622e-36	1.921094e-35	5.748827e-51	1.136357e-34	3.082440e-35	1.682331e+27	2.977212e-51
6.152980e-06	5.386951e-35	1.159853e-50	7.512615e-51	8.354999e-35	3.243129e-35	1.507078e+27	9.672443e-26
6.727022e-06	6.933746e-35	1.515705e-50	5.448389e-35	6.101193e-51	6.369799e-51	7.926400e+27	1.021991e-34
7.354618e-06	1.576642e-34	4.047522e-34	2.356690e-34	1.629373e-34	6.747055e-35	9.963997e+27	6.644241e-51
8.040766e-06	2.063254e-34	2.588442e-50	8.230619e-35	1.041930e-50	1.087801e-50	1.381281e+28	2.147806e-25
8.790928e-06	4.154080e-34	3.935908e-34	1.315083e-34	1.127294e-34	1.147173e-34	1.613914e+28	1.134669e-50
9.611076e-06	4.165814e-34	1.312368e-34	1.694682e-34	1.779354e-50	4.618361e-25	5.339189e+28	3.649525e-25
1.050774e-05	5.124352e-34	5.776625e-50	3.741644e-50	1.923150e-34	2.017534e-34	1.095388e+29	4.745264e-25
1.148806e-05	6.799202e-34	1.733306e-33	2.832421e-34	7.554413e-25	7.847562e-25	1.079653e+29	6.169910e-25
1.255983e-05	9.731094e-34	1.316128e-33	1.252765e-33	3.048979e-34	1.020385e-24	1.150092e+29	8.022168e-25
1.373160e-05	2.389108e-33	4.983820e-34	1.626097e-33	1.283653e-24	1.326747e-24	2.662962e+29	1.043036e-24
1.501269e-05	3.753504e-33	3.933140e-33	7.737914e-34	1.669080e-24	1.725070e-24	2.906012e+29	5.651198e-50
1.641330e-05	3.441076e-33	3.360516e-33	2.711916e-33	4.329480e-24	4.474545e-24	6.917917e+29	7.385033e-50
1.794457e-05	7.176849e-33	4.717568e-33	4.632853e-24	5.600796e-24	1.209084e-49	2.435723e+29	9.650823e-50
1.961871e-05	6.144691e-33	6.034841e-33	6.023979e-24	1.513413e-49	1.580041e-49	1.994377e+29	1.261178e-49
2.144903e-05	6.387278e-33	1.470859e-32	7.832727e-24	1.977741e-49	2.064811e-49	3.862669e+29	1.648117e-49
2.345012e-05	8.609752e-33	1.178692e-32	3.024598e-23	2.584528e-49	2.698313e-49	9.793701e+29	2.153774e-49
2.563789e-05	1.678252e-32	2.678207e-32	5.434774e-49	3.377483e-49	3.526177e-49	3.118419e+29	2.814569e-49
2.802978e-05	1.640464e-32	2.291397e-32	7.102208e-49	4.413723e-49	4.608038e-49	1.171678e+26	3.678103e-49
3.064481e-05	2.217377e-32	4.864140e-32	9.281225e-49	5.767890e-49	6.021822e-49	4.456369e+26	4.806575e-49
3.350381e-05	4.360047e-32	1.389599e-22	1.212878e-48	7.537527e-49	7.869368e-49	1.908850e+26	6.281272e-49
3.662954e-05	5.883963e-23	1.779668e-22	1.584999e-48	9.850103e-49	1.028376e-48	9.924927e+25	8.208419e-49
4.004689e-05	1.509090e-22	7.556984e-23	2.071290e-48	1.287220e-48	1.343890e-48	7.193193e+24	1.072683e-48
4.378306e-05	2.025985e-48	4.178925e-48	2.706779e-48	1.682149e-48	1.756206e-48	2.131718e+25	1.401791e-48
4.786779e-05	2.647574e-48	5.461054e-48	3.537242e-48	2.198247e-48	2.295025e-48	1.520800e-48	1.831872e-48
5.233361e-05	3.459872e-48	7.136550e-48	4.622497e-48	2.872687e-48	2.999158e-48	1.987394e-48	2.393906e-48
5.721607e-05	4.521389e-48	9.326104e-48	6.040718e-48	3.754052e-48	3.919325e-48	2.597143e-48	3.128377e-48
6.255403e-05	5.908589e-48	1.218743e-47	7.894061e-48	4.905826e-48	5.121806e-48	3.393968e-48	4.088189e-48
6.839000e-05	7.721394e-48	1.592664e-47	1.031602e-47	6.410975e-48	6.693219e-48	4.435265e-48	5.342479e-48
