# number of size bins = 100
# 0:size [cm], masses (1:Al2O3, 2:Fe, 3:Fe3O4, 4:MgSiO3, 5:Mg2SiO4, 6:AC, 7:SiO2) [g]
1.000000e-08	2.413892e-59	4.979047e-59	3.225036e-59	2.004224e-59	2.092460e-59	1.386570e-59	1.670187e-59
1.076141e-08	3.008326e-59	6.205164e-59	4.019218e-59	2.497775e-59	2.607740e-59	1.728020e-59	2.081479e-59
1.158079e-08	3.749143e-59	7.733219e-59	5.008972e-59	3.112865e-59	3.249910e-59	2.153555e-59	2.594054e-59
1.246255e-08	4.672389e-59	9.637565e-59	6.242458e-59	3.879425e-59	4.050217e-59	9.182772e+00	3.232854e-59
1.341146e-08	5.822990e-59	1.201087e-58	7.779697e-59	4.834754e-59	5.047605e-59	2.932522e+03	4.028962e-59
1.443262e-08	7.256933e-59	1.496861e-58	9.695489e-59	6.025338e-59	6.290605e-59	1.407359e+21	5.021115e-59
1.553152e-08	9.043991e-59	1.865471e-58	1.208306e-58	7.509110e-59	7.839700e-59	1.915444e+07	6.257592e-59
1.671410e-08	1.127112e-58	2.324853e-58	1.505857e-58	9.358269e-59	9.770268e-59	2.075759e+23	7.798557e-59
1.798673e-08	1.404670e-58	2.897360e-58	1.876683e-58	1.166279e-58	1.217625e-58	5.582732e+23	9.718994e-59
1.935625e-08	1.750577e-58	3.610851e-58	2.338826e-58	1.453482e-58	1.517472e-58	3.820698e+23	1.211235e-58
2.083004e-08	2.181666e-58	4.500042e-58	2.914774e-58	1.811409e-58	1.891157e-58	2.863364e+25	1.509508e-58
2.241605e-08	2.550241e+19	5.608202e-58	3.632553e-58	8.365258e+26	2.356865e-58	3.155246e+26	1.881232e-58
2.412282e-08	3.388460e-58	6.989251e-58	4.527089e-58	3.344583e+28	2.937255e-58	5.279543e+26	1.468256e+27
2.595955e-08	4.222886e-58	8.710392e-58	5.641908e-58	1.104876e+28	4.335071e+26	6.889831e+24	2.592586e+25
2.793613e-08	5.262795e-58	1.085537e-57	2.621419e+26	1.158011e+28	3.593620e+26	7.475591e+24	3.857144e+27
3.006320e-08	6.558786e-58	1.352857e-57	8.762744e-58	1.248511e+28	1.396446e+27	8.579725e+24	2.785502e+27
3.235223e-08	8.173922e-58	1.686005e-57	1.092062e-57	1.697732e+28	2.998669e+27	9.490863e+24	3.713771e+27
3.481555e-08	1.018679e-57	2.101193e-57	7.257161e+26	3.020248e+28	1.249394e+28	9.021383e+24	8.035367e+27
3.746642e-08	1.269535e-57	2.618622e-57	8.216504e+27	6.456599e+28	7.672822e-41	1.646163e+25	1.431798e+29
4.031914e-08	1.582164e-57	3.263472e-57	2.073481e-25	9.586362e+27	1.371485e-57	1.020324e+24	1.094709e-57
4.338906e-08	1.971781e-57	4.067120e-57	6.675888e+25	4.913362e+27	1.709220e-57	9.983831e+23	1.364287e-57
4.669273e-08	2.457342e-57	5.068670e-57	1.317672e+26	2.949131e+27	2.130125e-57	6.114316e+23	1.700250e-57
5.024794e-08	3.062476e-57	6.316857e-57	3.903807e+25	4.000199e+27	2.654679e-57	8.559954e+23	2.118946e-57
5.407385e-08	3.816627e-57	7.872417e-57	1.300459e+26	5.245222e+27	3.308408e-57	8.727024e+23	2.640747e-57
5.819106e-08	4.756492e-57	9.811041e-57	3.377374e+25	1.072521e+29	4.123121e-57	2.064111e+24	3.291046e-57
6.262177e-08	5.927804e-57	1.222706e-56	7.919732e-57	1.524268e+28	5.138462e-57	1.543520e-30	4.101483e-57
6.738982e-08	7.387557e-57	1.523804e-56	9.870008e-57	8.920999e+27	6.403836e-57	1.440644e-36	5.111495e-57
7.252093e-08	9.206783e-57	1.899049e-56	1.230055e-56	7.214988e+27	7.980814e-57	1.097934e+23	6.370228e-57
7.804271e-08	1.147400e-56	2.366700e-56	1.532963e-56	8.355204e+27	9.946133e-57	6.590811e-57	7.938931e-57
8.398493e-08	1.429954e-56	2.949513e-56	1.910463e-56	2.533532e+28	1.239542e-56	8.213833e-57	9.893936e-57
9.037959e-08	1.782087e-56	3.675846e-56	2.380925e-56	3.282009e+28	1.544786e-56	5.014453e+23	1.233037e-56
9.726115e-08	2.220936e-56	4.581043e-56	2.967240e-56	1.430901e+28	1.925198e-56	2.271116e+23	1.536679e-56
1.046667e-07	2.767853e-56	5.709149e-56	3.697939e-56	2.298113e-56	2.399288e-56	7.962286e+18	1.915094e-56
1.126360e-07	3.449452e-56	7.115058e-56	4.608576e-56	2.864036e-56	2.990126e-56	1.271897e-03	2.386697e-56
1.212122e-07	4.298898e-56	8.867179e-56	5.743463e-56	3.569320e-56	3.726460e-56	8.897919e+18	2.974434e-56
1.304414e-07	5.357525e-56	1.105077e-55	7.157821e-56	4.448284e-56	4.644121e-56	1.581259e+19	3.706904e-56
1.403733e-07	6.676844e-56	1.377208e-55	8.920473e-56	5.543698e-56	5.787760e-56	5.104661e+15	4.619749e-56
1.510614e-07	8.321053e-56	1.716353e-55	1.111719e-55	6.908864e-56	7.213027e-56	3.653950e+14	5.757386e-56
1.625633e-07	1.037016e-55	2.139014e-55	1.385485e-55	8.610208e-56	8.989274e-56	5.956748e-56	7.175174e-56
1.749410e-07	1.292386e-55	2.665758e-55	1.726669e-55	1.073052e-55	1.120293e-55	7.423629e-56	8.942099e-56
1.882611e-07	1.610643e-55	3.322215e-55	2.151870e-55	1.337297e-55	1.396171e-55	9.251737e-56	1.114414e-55
2.025954e-07	2.007273e-55	4.140328e-55	2.681780e-55	1.666613e-55	1.739986e-55	1.153003e-55	1.388844e-55
2.180211e-07	2.501575e-55	5.159906e-55	3.342182e-55	2.077025e-55	2.168467e-55	1.436936e-55	1.730855e-55
2.346214e-07	3.117601e-55	6.430560e-55	4.165212e-55	2.588504e-55	2.702463e-55	1.790789e-55	2.157087e-55
2.524856e-07	3.885327e-55	8.014120e-55	5.190918e-55	3.225937e-55	3.367959e-55	2.231780e-55	2.688281e-55
2.717100e-07	4.842109e-55	9.987640e-55	6.469210e-55	4.020341e-55	4.197337e-55	2.781368e-55	3.350284e-55
2.923981e-07	6.034504e-55	1.244715e-54	8.062287e-55	5.010372e-55	5.230954e-55	3.466295e-55	4.175310e-55
3.146615e-07	7.520533e-55	1.551233e-54	1.004767e-54	6.244203e-55	6.519105e-55	4.319889e-55	5.203502e-55
3.386200e-07	9.372505e-55	1.933232e-54	1.252196e-54	7.781871e-55	8.124469e-55	5.383684e-55	6.484893e-55
3.644027e-07	1.168053e-54	2.409301e-54	1.560556e-54	9.698199e-55	1.012516e-54	6.709446e-55	8.081832e-55
3.921486e-07	1.455693e-54	3.002604e-54	1.944851e-54	1.208643e-54	1.261854e-54	8.361682e-55	1.007203e-54
4.220070e-07	1.814165e-54	3.742011e-54	2.423781e-54	1.506278e-54	1.572592e-54	1.042079e-54	1.255232e-54
4.541388e-07	2.260913e-54	4.663502e-54	3.020650e-54	1.877207e-54	1.959851e-54	1.298697e-54	1.564339e-54
4.887172e-07	2.817675e-54	5.811914e-54	3.764502e-54	2.339479e-54	2.442475e-54	1.618508e-54	1.949566e-54
5.259285e-07	3.511542e-54	7.243129e-54	4.691531e-54	2.915589e-54	3.043948e-54	2.017074e-54	2.429657e-54
5.659730e-07	4.376278e-54	9.026788e-54	5.846845e-54	3.633568e-54	3.793536e-54	2.513789e-54	3.027973e-54
6.090665e-07	5.453960e-54	1.124968e-53	7.286662e-54	4.528354e-54	4.727715e-54	3.132823e-54	3.773628e-54
6.554412e-07	6.797027e-54	1.401998e-53	9.081042e-54	5.643485e-54	5.891940e-54	6.225697e-05	4.702904e-54
7.053468e-07	8.470832e-54	1.747247e-53	1.131730e-53	7.033223e-54	7.342862e-54	4.865752e-54	5.861019e-54
7.590524e-07	1.055682e-53	2.177516e-53	1.410424e-53	8.765192e-54	9.151081e-54	6.063969e-54	7.304327e-54
8.168470e-07	1.315649e-53	2.713741e-53	1.757749e-53	1.092367e-53	1.140458e-53	4.679981e+02	9.103056e-54
8.790423e-07	1.639635e-53	3.382015e-53	2.190604e-53	1.361368e-53	1.421302e-53	7.445375e-05	1.134473e-53
9.459731e-07	2.043404e-53	4.214854e-53	2.730052e-53	1.696612e-53	1.771306e-53	1.173757e-53	1.413843e-53
1.018000e-06	2.546603e-53	5.252784e-53	3.402341e-53	2.114412e-53	2.207499e-53	1.462801e-53	1.762010e-53
1.095511e-06	3.173718e-53	6.546310e-53	4.240186e-53	2.635097e-53	2.751108e-53	1.823023e-53	2.195914e-53
1.178924e-06	3.955263e-53	8.158374e-53	5.284355e-53	3.284004e-53	3.428583e-53	2.271952e-53	2.736670e-53
1.268688e-06	4.929267e-53	1.016742e-52	6.585655e-53	4.092707e-53	4.272890e-53	2.225600e-04	3.410590e-53
1.365287e-06	6.143126e-53	1.267120e-52	8.207408e-53	5.100559e-53	5.325111e-53	3.528688e-53	4.250465e-53
1.469240e-06	7.655903e-53	1.579155e-52	1.022853e-52	6.356598e-53	6.636449e-53	6.854359e-04	5.297165e-53
1.581109e-06	9.541210e-53	1.968030e-52	1.274736e-52	7.921945e-53	8.270710e-53	5.480591e-53	6.601621e-53
1.701496e-06	1.189078e-52	2.452668e-52	1.588646e-52	9.872766e-53	1.030742e-52	6.830216e-53	8.227305e-53
1.831049e-06	1.481895e-52	3.056651e-52	1.979859e-52	1.230399e-52	1.284567e-52	1.961717e-03	1.025332e-52
1.970466e-06	1.846820e-52	3.809368e-52	2.467409e-52	1.533391e-52	1.600899e-52	1.060837e-52	1.277826e-52
2.120498e-06	2.301609e-52	4.747445e-52	3.075022e-52	1.910997e-52	1.995129e-52	1.322073e-52	1.592497e-52
2.281954e-06	2.868393e-52	5.916529e-52	3.832263e-52	2.381590e-52	2.486440e-52	1.647641e-52	1.984658e-52
2.455704e-06	3.574750e-52	7.373506e-52	4.775978e-52	2.968069e-52	3.098739e-52	2.053381e-52	2.473391e-52
2.642682e-06	4.455052e-52	9.189271e-52	5.952088e-52	3.698972e-52	3.861820e-52	2.559037e-52	3.082477e-52
2.843898e-06	5.552132e-52	1.145218e-51	7.417822e-52	4.609864e-52	4.812814e-52	3.189214e-52	3.841553e-52
3.060434e-06	6.919374e-52	1.427234e-51	9.244500e-52	5.745068e-52	5.997995e-52	3.974575e-52	4.787556e-52
3.293457e-06	8.623307e-52	1.778698e-51	1.152101e-51	7.159821e-52	7.475034e-52	4.953336e-52	5.966518e-52
3.544223e-06	1.074684e-51	2.216712e-51	1.435812e-51	8.922966e-52	9.315801e-52	6.173121e-52	7.435805e-52
3.814082e-06	1.339331e-51	2.762589e-51	1.789388e-51	1.112029e-51	1.160987e-51	7.693285e-52	9.266911e-52
4.104488e-06	1.669148e-51	3.442891e-51	2.230035e-51	1.385873e-51	1.446886e-51	9.587798e-52	1.154894e-51
4.417006e-06	2.080185e-51	4.290721e-51	2.779193e-51	1.727151e-51	1.803189e-51	1.194884e-51	1.439293e-51
4.753320e-06	2.592442e-51	5.347334e-51	3.463584e-51	2.152471e-51	2.247234e-51	1.489131e-51	1.793726e-51
5.115240e-06	3.230845e-51	6.664144e-51	4.316510e-51	2.682529e-51	2.800628e-51	1.855838e-51	2.235441e-51
5.504718e-06	4.026457e-51	8.305225e-51	5.379473e-51	3.343116e-51	3.490297e-51	2.312848e-51	2.785930e-51
5.923850e-06	5.017994e-51	1.035043e-50	6.704197e-51	4.166376e-51	4.349802e-51	2.882399e-51	3.471980e-51
6.374896e-06	6.253702e-51	1.289928e-50	8.355142e-51	5.192369e-51	5.420964e-51	3.592205e-51	4.326974e-51
6.860284e-06	7.793709e-51	1.607580e-50	1.041264e-50	6.471017e-51	6.755905e-51	4.476804e-51	5.392514e-51
7.382630e-06	9.712952e-51	2.003455e-50	1.297681e-50	8.064540e-51	8.419583e-51	5.579241e-51	6.720450e-51
7.944748e-06	1.210482e-50	2.496816e-50	1.617242e-50	1.005048e-50	1.049295e-50	6.953160e-51	8.375397e-51
8.549666e-06	1.508570e-50	3.111671e-50	2.015496e-50	1.252546e-50	1.307689e-50	8.665412e-51	1.043788e-50
9.200642e-06	1.880063e-50	3.877936e-50	2.511823e-50	1.560992e-50	1.629715e-50	1.079932e-50	1.300827e-50
9.901185e-06	2.343038e-50	4.832899e-50	3.130373e-50	1.945395e-50	2.031041e-50	1.345871e-50	1.621162e-50
1.065507e-05	2.920024e-50	6.023026e-50	3.901244e-50	2.424459e-50	2.531196e-50	1.677298e-50	2.020382e-50
1.146635e-05	3.639096e-50	7.506229e-50	4.861946e-50	3.021495e-50	3.154516e-50	2.090342e-50	2.517912e-50
1.233940e-05	4.535242e-50	9.354678e-50	6.059226e-50	3.765554e-50	3.931333e-50	2.605100e-50	3.137962e-50
1.327893e-05	5.652070e-50	1.165832e-49	7.551343e-50	4.692842e-50	4.899445e-50	3.246620e-50	3.910701e-50
1.429000e-05	7.043923e-50	1.452924e-49	9.410902e-50	5.848479e-50	6.105959e-50	4.046118e-50	4.873732e-50
