# number of size bins = 100
# 0:size [cm], masses (1:Al2O3, 2:Fe, 3:Fe3O4, 4:MgSiO3, 5:Mg2SiO4, 6:AC, 7:SiO2) [g]
1.000000e-08	2.413892e-59	4.979047e-59	3.225036e-59	2.004224e-59	2.092460e-59	1.386570e-59	1.670187e-59
1.094274e-08	3.162981e-59	6.524164e-59	4.225841e-59	2.626182e-59	2.741800e-59	1.816856e-59	2.188485e-59
1.197436e-08	4.144529e-59	8.548767e-59	5.537220e-59	3.441149e-59	3.592646e-59	2.380669e-59	2.867624e-59
1.310324e-08	5.430675e-59	1.120165e-58	7.255552e-59	4.509020e-59	4.707530e-59	1.792951e+11	3.757517e-59
1.433854e-08	7.115943e-59	1.467779e-58	9.507122e-59	5.908276e-59	6.168389e-59	2.204876e+11	4.923563e-59
1.569029e-08	9.324189e-59	1.923266e-58	1.245741e-58	7.741755e-59	8.082587e-59	4.770067e+11	6.451463e-59
1.716949e-08	1.221771e-58	2.520101e-58	1.632324e-58	1.014421e-58	1.059081e-58	2.366072e+11	8.453505e-59
1.878813e-08	1.600915e-58	3.302149e-58	2.138873e-58	1.329219e-58	1.387739e-58	2.786432e+11	1.107683e-58
2.055936e-08	2.097717e-58	4.326885e-58	2.802616e-58	1.741708e-58	1.818387e-58	3.053519e+11	1.451423e-58
2.249759e-08	2.748689e-58	5.669620e-58	3.672335e-58	4.533694e-41	2.382676e-58	5.225900e+11	1.901835e-58
2.461853e-08	9.462093e-30	7.429038e-58	4.811948e-58	1.854755e-41	3.122077e-58	4.762117e+18	2.492019e-58
2.693943e-08	2.223785e-14	9.734445e-58	6.305210e-58	3.987166e-42	4.090931e-58	6.706949e+11	3.265352e-58
2.947912e-08	6.183887e-58	1.275528e-57	8.261866e-58	5.057506e-42	5.360445e-58	2.581719e+16	4.278668e-58
3.225825e-08	6.298351e-29	1.671354e-57	1.082572e-57	3.638221e-42	7.023919e-58	4.303235e+05	5.606441e-58
3.529937e-08	1.061742e-57	2.190015e-57	1.418520e-57	4.555267e-43	1.448275e-39	4.330489e+04	3.844221e-41
3.862720e-08	7.084433e-29	2.869629e-57	1.858720e-57	1.155116e-57	1.506700e-41	2.876014e+01	1.350897e+09
4.226875e-08	6.567234e-14	3.760143e-57	2.435526e-57	1.513577e-57	1.580212e-57	2.358944e+10	5.432188e+07
4.625361e-08	1.057735e-13	4.927005e-57	3.191327e-57	1.983276e-57	2.070590e-57	5.406326e-07	4.919299e-41
5.061413e-08	3.129921e-57	6.455972e-57	4.181672e-57	2.598733e-57	3.424324e-42	5.511416e-14	7.712722e-41
5.538575e-08	1.046910e-13	8.459414e-57	5.479345e-57	3.405182e-57	3.555096e-57	1.146309e-15	3.957366e-41
6.060720e-08	6.792622e-30	1.108457e-56	7.179716e-57	4.461891e-57	4.658327e-57	1.158727e-18	1.592721e+08
6.632091e-08	5.062599e-28	4.035980e+19	9.407753e-57	5.846522e-57	6.103916e-57	4.044764e-57	4.872102e-57
7.257327e-08	1.360572e-41	1.903164e-56	1.232720e-56	7.660837e-57	7.998107e-57	5.299950e-57	6.384031e-57
7.941506e-08	7.906850e-13	2.493761e-56	1.615263e-56	1.003818e-56	1.048011e-56	3.063938e+19	8.365148e-57
8.690186e-08	1.843786e-27	3.267635e-56	2.116517e-56	1.315326e-56	1.373234e-56	9.099742e-57	1.096105e-56
9.509448e-08	2.075792e-56	4.281659e-56	2.773323e-56	1.723503e-56	1.799381e-56	6.591239e-08	1.436253e-56
1.040594e-07	2.719959e-56	5.610360e-56	3.633951e-56	2.258348e-56	2.357772e-56	1.562379e-56	1.881956e-56
1.138696e-07	3.564028e-56	7.351389e-56	4.761653e-56	2.959167e-56	3.089444e-56	2.047222e-56	2.465972e-56
1.246046e-07	8.500087e-41	9.632700e-56	6.239307e-56	3.877466e-56	4.048173e-56	3.219866e+13	3.231222e-56
1.363516e-07	6.119252e-56	1.262196e-55	8.175512e-56	5.080737e-56	5.304417e-56	4.956907e-14	4.233947e-56
1.492060e-07	3.706025e-12	1.653885e-55	1.071257e-55	6.657410e-56	6.950504e-56	4.605756e-56	5.547842e-56
1.632723e-07	9.357087e-27	2.167125e-55	1.403693e-55	8.723363e-56	9.107411e-56	6.035031e-56	7.269469e-56
1.786647e-07	1.376684e-55	2.839635e-55	1.839293e-55	1.143043e-55	1.193366e-55	7.907845e-56	9.525359e-56
1.955082e-07	1.803902e-55	3.720842e-55	2.410069e-55	1.497757e-55	1.563696e-55	1.036184e-55	1.248130e-55
2.139396e-07	2.363695e-55	4.875508e-55	3.157971e-55	1.962546e-55	2.048947e-55	1.357736e-55	1.635455e-55
2.341086e-07	3.097206e-55	6.388494e-55	4.137965e-55	2.571571e-55	2.684785e-55	9.172998e-12	2.142976e-55
2.561791e-07	2.369199e-11	8.370995e-55	5.422074e-55	3.369591e-55	3.517937e-55	2.331163e-55	2.807992e-55
2.803302e-07	4.516407e-26	1.096871e-54	7.104673e-55	4.415255e-55	4.609637e-55	9.495572e+15	3.679379e-55
3.067581e-07	5.804551e-26	1.437257e-54	9.309422e-55	5.785414e-55	6.040117e-55	3.095511e+21	4.821178e-55
3.356775e-07	1.190702e-27	1.883272e-54	1.219836e-54	7.580765e-55	7.914510e-55	5.244555e-55	6.317304e-55
3.673233e-07	5.708764e-11	5.216101e+21	1.598380e-54	9.933257e-55	1.037057e-54	4.305426e+03	8.277714e-55
4.019525e-07	1.872428e-25	8.756196e+22	2.094395e-54	1.301578e-54	1.358881e-54	1.074947e+15	1.084649e-54
4.398463e-07	2.054095e-54	1.460224e+22	2.744336e-54	1.705489e-54	1.780574e-54	6.482874e-06	1.421241e-54
4.813125e-07	2.493238e-10	5.551720e-54	3.595969e-54	2.234743e-54	2.333128e-54	6.868455e+13	1.862286e-54
5.266879e-07	6.539876e-25	2.676956e+22	4.711883e-54	2.928237e-54	3.057153e-54	8.892557e+21	2.440197e-54
5.763410e-07	2.979361e-10	1.302593e+23	6.174093e-54	3.836939e-54	4.005860e-54	6.285795e+15	3.197449e-54
6.306752e-07	2.700939e-10	1.334851e+23	8.090061e-54	5.027632e-54	5.248974e-54	1.519056e+22	1.112075e-39
6.901317e-07	7.983551e-25	1.636598e-53	3.928790e-40	6.587826e-54	6.877856e-54	1.003817e+14	5.489855e-54
7.551934e-07	6.512089e-25	4.691530e+23	1.389022e-53	8.632186e-54	7.715132e-39	4.595624e+22	7.193488e-54
8.263887e-07	7.599550e-38	2.463500e+24	1.820068e-53	1.131096e-53	1.180893e-53	3.400119e+22	9.425799e-54
9.042960e-07	1.248676e-37	2.504789e+24	2.384879e-53	1.482102e-53	1.547352e-53	4.479576e+22	1.235085e-53
9.895479e-07	2.303097e-10	9.329735e+24	3.124964e-53	1.942033e-53	2.027532e-53	4.220482e+17	1.618361e-53
1.082837e-06	3.032077e-37	3.939152e+25	4.094714e-53	2.544692e-53	2.656723e-53	2.113101e+23	2.120577e-53
1.184921e-06	7.659235e-25	4.346872e+25	5.365402e-53	3.334371e-53	2.102944e-38	9.870294e+22	2.778643e-53
1.296628e-06	1.912438e-26	7.511148e+24	7.030414e-53	1.807918e-37	4.561457e-53	3.654979e+23	3.640922e-53
1.418867e-06	2.062828e-37	2.200355e+23	3.092738e-37	5.724944e-53	5.976985e-53	4.679400e+23	4.770786e-53
1.552630e-06	2.604029e-37	3.177450e+21	1.207086e-52	7.501530e-53	1.495490e-38	1.383283e+24	3.246623e-37
1.699003e-06	3.774010e-37	4.384384e+18	1.581673e-52	4.347193e-37	1.238321e-37	2.153162e+24	8.191195e-53
1.859175e-06	5.067001e-37	2.430224e+14	4.577804e-38	1.287974e-52	1.584056e-37	2.664106e+24	1.073312e-52
2.034448e-06	7.601510e-37	3.596159e+07	1.343071e-38	7.597437e-38	2.103165e-37	4.323956e+24	7.480640e-37
2.226244e-06	9.803032e-37	8.557211e-06	4.428946e-38	2.918957e-37	2.308742e-52	6.754160e+24	1.842821e-52
2.436121e-06	2.274891e-36	7.198516e-52	2.057861e-36	1.582778e-36	1.637595e-36	2.568237e+25	1.400414e-36
2.665785e-06	2.670605e-37	9.432388e-52	6.142432e-38	3.796834e-52	4.030100e-37	4.614483e+25	3.164029e-52
2.917100e-06	2.841475e-36	2.145441e-36	6.287233e-36	2.734590e-36	2.846594e-36	5.244240e+25	2.758824e-36
3.192108e-06	3.538716e-36	2.698671e-36	2.307231e-37	3.287001e-36	6.259199e-36	1.052298e+26	3.097743e-36
3.493042e-06	3.980611e-36	3.389320e-36	1.004051e-35	7.518336e-36	8.918022e-52	3.606245e+26	4.755032e-36
3.822346e-06	5.424102e-36	6.220782e-36	1.254725e-36	2.342466e-36	1.227555e-35	5.512904e+26	6.151366e-36
4.182695e-06	6.962682e-36	2.920764e-35	2.893828e-35	2.102391e-35	1.670731e-35	8.151835e+26	1.316607e-35
4.577016e-06	1.045004e-35	2.527392e-35	3.739244e-35	3.939355e-36	2.036180e-35	2.838954e+27	4.747974e-36
5.008511e-06	2.239172e-35	5.246587e-35	3.479406e-35	3.671895e-35	2.907407e-35	4.681773e+27	3.508471e-35
5.480685e-06	4.884063e-35	1.296663e-34	4.704942e-35	5.162041e-35	2.218712e-35	7.779647e+27	3.561653e-35
5.997373e-06	7.401616e-35	1.742766e-34	1.264306e-34	2.704611e-35	7.164879e-35	2.271983e+28	4.507149e-35
6.562771e-06	1.188843e-34	1.855497e-34	1.297259e-34	1.678147e-34	1.262011e-34	3.282195e+28	8.343442e-35
7.181472e-06	1.376288e-34	3.512653e-34	1.794032e-34	5.626331e-35	9.240599e-35	5.098401e+28	1.116849e-34
7.858500e-06	2.674188e-34	5.301883e-34	4.555626e-34	2.086374e-34	2.343103e-34	1.085173e+29	1.943368e-34
8.599355e-06	3.284639e-34	6.656079e-34	3.538241e-34	2.925117e-34	3.190258e-34	3.447445e+29	2.043535e-34
9.410054e-06	5.909972e-34	1.024797e-33	5.739423e-34	4.077221e-34	4.201723e-34	3.138324e+29	4.258448e-34
1.029718e-05	5.421803e-34	1.514392e-33	1.201758e-33	6.441345e-34	5.880843e-34	5.943668e+29	4.006563e-34
1.126794e-05	1.147946e-33	2.013487e-33	1.337483e-33	9.469680e-34	1.161752e-33	5.521656e+29	7.872627e-34
1.233022e-05	2.018054e-33	3.461597e-34	2.646168e-34	1.241359e-33	1.310163e-33	6.584593e+29	1.130881e-33
1.349264e-05	1.754060e-33	1.223030e-49	4.483827e-34	2.367401e-33	7.018512e-34	2.107470e+30	1.751354e-33
1.476465e-05	3.554783e-33	7.507796e-34	1.608286e-35	8.677594e-34	3.581544e-36	4.332312e+29	7.087960e-34
1.615658e-05	6.002391e-33	2.099879e-49	9.276479e-34	6.729238e-35	1.373940e-33	1.531449e+30	1.602604e-33
1.767973e-05	6.445804e-33	3.267499e-33	1.418838e-34	3.323698e-33	3.427373e-33	1.435384e+30	2.797190e-33
1.934647e-05	5.014454e-33	2.495652e-33	8.694073e-33	5.542470e-33	7.991941e-33	1.844891e+30	6.465289e-33
2.117035e-05	3.127512e-33	2.512314e-35	1.833838e-32	1.179416e-32	8.116535e-33	2.280638e+30	7.980329e-33
2.316617e-05	1.595968e-35	3.209967e-32	1.639180e-32	1.453831e-32	1.769954e-32	2.390669e+30	1.422269e-32
2.535014e-05	2.872322e-32	2.663129e-32	2.425031e-32	1.481097e-32	2.139171e-32	9.683479e+29	1.754198e-32
2.774001e-05	3.672141e-32	3.604118e-32	2.658332e-32	3.618817e-32	3.480411e-32	2.180996e+30	1.792069e-32
3.035518e-05	2.468061e-32	6.391155e-32	6.236986e-32	4.455920e-32	4.232852e-32	1.007434e+31	4.353316e-32
3.321690e-05	6.195990e-32	1.105785e-31	9.129191e-32	6.341143e-32	6.531985e-32	5.617292e+30	5.362634e-32
3.634840e-05	1.344477e-31	1.104152e-31	5.956329e-32	1.011285e-31	9.682817e-32	2.377224e+31	7.627148e-32
3.977512e-05	1.479798e-31	4.836518e-32	1.019379e-31	1.250201e-31	1.322481e-31	8.725218e-49	1.214948e-31
4.352489e-05	1.917872e-31	2.088292e-31	2.492576e-31	1.111151e-31	1.185246e-31	1.143286e-48	1.312788e-31
4.762817e-05	2.729821e-31	1.694323e-31	2.655248e-31	2.808842e-31	2.616393e-31	3.476457e+25	1.587536e-31
5.211829e-05	2.089251e-31	5.122051e-32	1.090234e-31	3.641000e-31	3.801296e-31	1.817218e+22	3.034167e-31
5.703170e-05	3.424827e-31	7.922978e-32	5.982512e-48	4.575368e-22	3.831041e-22	1.633198e+22	6.794367e-22
6.240833e-05	4.902721e-31	2.993723e-22	1.939099e-22	4.871626e-48	5.086100e-48	1.141399e+21	4.059688e-48
6.829183e-05	3.813131e-22	1.585815e-47	1.027167e-47	6.383407e-48	6.664438e-48	4.416194e-48	5.319506e-48
7.473000e-05	1.007402e-47	2.077931e-47	1.345921e-47	8.364331e-48	8.732572e-48	5.786644e-48	6.970276e-48
