# number of size bins = 50
# 0:size [cm], masses (1:Al2O3, 2:Fe, 3:Fe3O4, 4:MgSiO3, 5:Mg2SiO4, 6:AC, 7:SiO2) [g]
1.000000e-07	0.000000e+00	6.510832e+24	0.000000e+00	0.000000e+00	0.000000e+00	0.000000e+00	0.000000e+00
1.151395e-07	0.000000e+00	3.137862e+24	0.000000e+00	0.000000e+00	0.000000e+00	0.000000e+00	0.000000e+00
1.325711e-07	0.000000e+00	3.522131e+25	0.000000e+00	0.000000e+00	0.000000e+00	0.000000e+00	0.000000e+00
1.526418e-07	0.000000e+00	5.294094e+24	0.000000e+00	0.000000e+00	0.000000e+00	4.085333e+17	0.000000e+00
1.757511e-07	0.000000e+00	2.322064e+25	0.000000e+00	0.000000e+00	0.000000e+00	4.748156e-09	0.000000e+00
2.023590e-07	0.000000e+00	2.808307e+25	0.000000e+00	0.000000e+00	0.000000e+00	4.177380e+22	0.000000e+00
2.329952e-07	0.000000e+00	1.796124e+26	0.000000e+00	0.000000e+00	0.000000e+00	3.982756e+00	0.000000e+00
2.682696e-07	0.000000e+00	1.598113e+26	0.000000e+00	0.000000e+00	0.000000e+00	1.123520e-12	0.000000e+00
3.088844e-07	0.000000e+00	3.556038e+26	0.000000e+00	0.000000e+00	0.000000e+00	7.652994e+21	0.000000e+00
3.556480e-07	0.000000e+00	3.500676e+26	0.000000e+00	0.000000e+00	0.000000e+00	4.060096e+09	0.000000e+00
4.094915e-07	0.000000e+00	4.802227e+26	0.000000e+00	0.000000e+00	0.000000e+00	6.989268e-08	0.000000e+00
4.714866e-07	0.000000e+00	1.535804e+27	0.000000e+00	0.000000e+00	0.000000e+00	1.239835e-11	0.000000e+00
5.428675e-07	0.000000e+00	1.975591e+27	0.000000e+00	0.000000e+00	0.000000e+00	3.707463e+23	0.000000e+00
6.250552e-07	0.000000e+00	3.623758e+27	0.000000e+00	0.000000e+00	0.000000e+00	1.390387e+25	0.000000e+00
7.196857e-07	0.000000e+00	4.340658e+27	0.000000e+00	0.000000e+00	0.000000e+00	9.594222e+24	0.000000e+00
8.286428e-07	0.000000e+00	1.453820e+28	0.000000e+00	0.000000e+00	0.000000e+00	7.356690e+24	0.000000e+00
9.540955e-07	0.000000e+00	4.724776e+27	0.000000e+00	0.000000e+00	0.000000e+00	2.001462e+25	0.000000e+00
1.098541e-06	0.000000e+00	5.993499e+27	0.000000e+00	0.000000e+00	0.000000e+00	1.343064e+25	0.000000e+00
1.264855e-06	0.000000e+00	6.763719e+27	0.000000e+00	0.000000e+00	0.000000e+00	8.233260e+25	0.000000e+00
1.456348e-06	0.000000e+00	1.672297e+28	0.000000e+00	0.000000e+00	0.000000e+00	1.481453e+26	0.000000e+00
1.676833e-06	0.000000e+00	2.346937e+28	0.000000e+00	0.000000e+00	0.000000e+00	8.500822e+25	0.000000e+00
1.930698e-06	0.000000e+00	4.471388e+28	0.000000e+00	0.000000e+00	0.000000e+00	8.864951e+26	0.000000e+00
2.222996e-06	0.000000e+00	1.013847e+29	0.000000e+00	0.000000e+00	0.000000e+00	1.080933e+27	0.000000e+00
2.559548e-06	9.373847e-37	1.179645e+29	0.000000e+00	0.000000e+00	0.000000e+00	3.509030e+26	0.000000e+00
2.947052e-06	0.000000e+00	1.135104e+29	0.000000e+00	0.000000e+00	0.000000e+00	1.657116e+27	0.000000e+00
3.393222e-06	1.163419e-36	2.026538e+29	0.000000e+00	0.000000e+00	0.000000e+00	6.140911e+27	0.000000e+00
3.906940e-06	1.882668e-35	2.592359e+29	0.000000e+00	0.000000e+00	0.000000e+00	1.112308e+28	0.000000e+00
4.498433e-06	0.000000e+00	2.163362e+29	0.000000e+00	0.000000e+00	0.000000e+00	8.976851e+27	0.000000e+00
5.179475e-06	9.609174e-36	8.805501e+28	0.000000e+00	0.000000e+00	0.000000e+00	3.858896e+28	0.000000e+00
5.963623e-06	7.163767e-36	4.819626e+28	0.000000e+00	0.000000e+00	0.000000e+00	6.336409e+28	0.000000e+00
6.866488e-06	2.894156e-36	1.397968e+28	0.000000e+00	0.000000e+00	0.000000e+00	1.129739e+29	0.000000e+00
7.906043e-06	4.128108e-35	4.913824e+26	0.000000e+00	0.000000e+00	0.000000e+00	1.835760e+29	0.000000e+00
9.102982e-06	0.000000e+00	0.000000e+00	0.000000e+00	0.000000e+00	0.000000e+00	4.533361e+29	9.115856e+00
1.048113e-05	0.000000e+00	0.000000e+00	0.000000e+00	0.000000e+00	0.000000e+00	5.275140e+29	0.000000e+00
1.206793e-05	0.000000e+00	0.000000e+00	0.000000e+00	0.000000e+00	1.287996e-23	1.075827e+30	2.078890e+01
1.389495e-05	0.000000e+00	0.000000e+00	0.000000e+00	0.000000e+00	1.940185e-23	2.036145e+30	3.131515e+01
1.599859e-05	0.000000e+00	0.000000e+00	0.000000e+00	2.298062e-23	2.922578e-23	2.266981e+30	4.717067e+01
1.842070e-05	0.000000e+00	0.000000e+00	0.000000e+00	7.699702e-23	4.402341e-23	3.239530e+30	7.105328e+01
2.120951e-05	0.000000e+00	0.000000e+00	0.000000e+00	5.188304e-23	5.389431e-23	3.212097e+30	1.064844e+02
2.442053e-05	0.000000e+00	0.000000e+00	1.578771e-22	1.733405e-22	8.076903e-23	1.598839e+30	0.000000e+00
2.811769e-05	0.000000e+00	0.000000e+00	4.299110e-22	0.000000e+00	0.000000e+00	3.122978e+28	0.000000e+00
3.237458e-05	0.000000e+00	0.000000e+00	9.289795e-22	0.000000e+00	0.000000e+00	4.494027e+21	0.000000e+00
3.727594e-05	0.000000e+00	0.000000e+00	0.000000e+00	0.000000e+00	0.000000e+00	4.927489e+20	0.000000e+00
4.291934e-05	0.000000e+00	1.280420e-21	0.000000e+00	0.000000e+00	0.000000e+00	1.427139e+18	0.000000e+00
4.941713e-05	1.874875e-21	8.459687e-21	0.000000e+00	0.000000e+00	0.000000e+00	3.123483e-12	0.000000e+00
5.689866e-05	4.797459e-21	0.000000e+00	0.000000e+00	0.000000e+00	0.000000e+00	5.967372e-21	0.000000e+00
6.551286e-05	0.000000e+00	0.000000e+00	0.000000e+00	0.000000e+00	0.000000e+00	9.363253e-22	0.000000e+00
7.543120e-05	0.000000e+00	0.000000e+00	0.000000e+00	0.000000e+00	0.000000e+00	0.000000e+00	0.000000e+00
8.685114e-05	0.000000e+00	0.000000e+00	0.000000e+00	0.000000e+00	0.000000e+00	0.000000e+00	0.000000e+00
1.000000e-04	0.000000e+00	0.000000e+00	0.000000e+00	0.000000e+00	0.000000e+00	0.000000e+00	0.000000e+00
