# number of size bins = 100
# 0:size [cm], masses (1:Al2O3, 2:Fe, 3:Fe3O4, 4:MgSiO3, 5:Mg2SiO4, 6:AC, 7:SiO2) [g]
1.000000e-08	2.413892e-59	4.979047e-59	3.225036e-59	2.004224e-59	2.092460e-59	1.386570e-59	1.670187e-59
1.078036e-08	3.024252e-59	6.238014e-59	4.040496e-59	2.510998e-59	2.621545e-59	1.737168e-59	2.092498e-59
1.162162e-08	3.788944e-59	7.815315e-59	5.062148e-59	3.145912e-59	3.284411e-59	2.176417e-59	2.621593e-59
1.252853e-08	4.746990e-59	9.791441e-59	6.342127e-59	3.941365e-59	4.114884e-59	6.332662e-01	3.284471e-59
1.350621e-08	5.947280e-59	1.226724e-58	7.945753e-59	4.937951e-59	5.155345e-59	1.533492e+02	4.114959e-59
1.456018e-08	7.451068e-59	1.573455e+10	9.954861e-59	6.186527e-59	6.458890e-59	6.820358e+18	5.155439e-59
1.569641e-08	9.335094e-59	3.315319e+10	1.247198e-58	7.750809e-59	8.092039e-59	1.321813e+20	6.459007e-59
1.692130e-08	1.169550e-58	4.272073e+07	1.562556e-58	9.710624e-59	1.013814e-58	1.370023e+03	8.092187e-59
1.824177e-08	1.465274e-58	2.901382e+07	1.957652e-58	1.216599e-58	1.270159e-58	2.006252e+02	1.013832e-58
1.966529e-08	1.835773e-58	2.042891e+07	2.452651e-58	1.524219e-58	1.591323e-58	1.836357e+19	1.270183e-58
2.119990e-08	5.854994e+23	3.433062e+07	3.072811e-58	1.909623e-58	1.993694e-58	2.242675e+02	1.240413e-02
2.285426e-08	8.794562e+24	4.339177e+05	3.849781e-58	2.630222e+27	2.497806e-58	6.229244e+24	2.316464e+14
2.463772e-08	1.003731e+25	7.446424e-58	4.823209e-58	5.742869e+26	3.129383e-58	1.535297e+25	1.116450e+15
2.656036e-08	5.448397e+22	9.329275e-58	3.152754e+19	2.386587e+26	3.837741e+24	7.333865e+21	2.370965e+14
2.863303e-08	2.385749e+22	1.168821e-57	2.025509e+20	2.057044e+26	2.165794e+16	1.957601e+22	6.954233e+14
3.086744e-08	3.450648e+22	1.464361e-57	1.199764e+18	4.720685e+26	1.340132e+07	5.097098e+22	3.717574e+13
3.327622e-08	1.861545e+22	1.834629e-57	4.688376e+17	8.075366e+26	7.167386e+20	7.854924e+22	1.703295e+13
3.587298e-08	1.908876e+22	2.298521e-57	2.355107e+18	1.519062e+27	1.903208e+27	3.182888e+23	5.056975e+11
3.867237e-08	1.346512e+21	2.879709e-57	1.793817e+19	1.635708e+27	1.357287e+27	1.751976e+23	1.027939e+12
4.169022e-08	1.203242e+16	3.607852e-57	1.781443e+18	6.334462e+26	4.671799e+25	8.849935e+22	7.175383e-04
4.494357e-08	1.262483e+12	4.520108e-57	1.515364e+17	1.352071e+27	2.610294e+25	1.031503e+23	3.190486e-14
4.845080e-08	1.618848e+01	5.663031e-57	4.262421e+15	1.988474e+27	3.309539e+25	1.904456e+23	3.722375e-13
5.223172e-08	2.341333e-17	7.094946e-57	3.466993e+13	3.681384e+27	2.883879e+25	2.577115e+23	1.542422e-12
5.630768e-08	4.309441e-57	8.888925e-57	2.804770e+07	5.841760e+27	2.905243e+25	2.458727e+23	1.429489e-18
6.070173e-08	5.399096e-57	1.113652e-56	8.080279e-01	1.881077e+27	6.214804e+24	1.059534e+23	2.142637e-24
6.543866e-08	6.764274e-57	1.395242e-56	9.037281e-57	8.790122e+26	6.747736e+24	4.742094e+22	1.603647e-24
7.054525e-08	8.474641e-57	1.748033e-56	1.132239e-56	3.526235e+26	1.192564e+25	4.057514e+22	5.359905e-32
7.605034e-08	1.061748e-56	2.190028e-56	1.418529e-56	4.464197e+26	1.578687e+25	4.116334e+22	7.346298e-57
8.198503e-08	1.330214e-56	2.743784e-56	1.777208e-56	2.657867e+26	2.743283e+25	3.722092e+22	9.203832e-57
8.838284e-08	1.666563e-56	3.437558e-56	2.226580e-56	2.260230e+26	4.095595e+25	2.486059e+22	1.153105e-56
9.527990e-08	2.087958e-56	4.306755e-56	2.789578e-56	1.847827e+26	1.246494e+26	4.987466e+19	1.444671e-56
1.027152e-07	2.615905e-56	5.395731e-56	3.494931e-56	1.778929e+26	1.277832e+26	1.299760e+13	1.809960e-56
1.107307e-07	3.277344e-56	6.760058e-56	4.378635e-56	1.738258e+26	6.580236e-05	4.047402e+12	2.267614e-56
1.193717e-07	4.106031e-56	8.469359e-56	5.485786e-56	6.621348e+24	3.559275e-56	3.745764e+11	2.840987e-56
1.286870e-07	5.144253e-56	1.061086e-55	6.872884e-56	4.271208e-56	4.459248e-56	2.182674e+10	3.559340e-56
1.387293e-07	6.444993e-56	1.329385e-55	8.610713e-56	5.351196e-56	5.586783e-56	2.221026e+08	4.459330e-56
1.495552e-07	8.074630e-56	1.665524e-55	1.078796e-55	6.704262e-56	6.999418e-56	4.638168e-56	5.586885e-56
1.612260e-07	1.011632e-55	2.086657e-55	1.351573e-55	8.399454e-56	8.769242e-56	5.810943e-56	6.999545e-56
1.738074e-07	1.267427e-55	2.614274e-55	1.693322e-55	1.052328e-55	1.098657e-55	7.280258e-56	8.769402e-56
1.873707e-07	1.587899e-55	3.275302e-55	2.121483e-55	1.318413e-55	1.376456e-55	7.037537e+20	1.098677e-55
2.019924e-07	1.989405e-55	4.103472e-55	2.657907e-55	1.651777e-55	1.724497e-55	1.142739e-55	1.376481e-55
2.177552e-07	2.492432e-55	5.141047e-55	3.329967e-55	2.069434e-55	2.160541e-55	1.431684e-55	1.724528e-55
2.347480e-07	3.122651e-55	6.440976e-55	4.171959e-55	2.592697e-55	2.706841e-55	1.793690e-55	2.160581e-55
2.530668e-07	3.912222e-55	8.069597e-55	5.226852e-55	3.248268e-55	3.391274e-55	2.247229e-55	2.706890e-55
2.728152e-07	4.901440e-55	1.011002e-54	6.548477e-55	4.069603e-55	4.248767e-55	1.985519e+24	3.391335e-55
2.941047e-07	6.140783e-55	1.266637e-54	8.204279e-55	5.098614e-55	5.323081e-55	3.527343e-55	4.248845e-55
3.170555e-07	7.693499e-55	1.586910e-54	1.027876e-54	6.387814e-55	6.669038e-55	4.419242e-55	5.323178e-55
3.417974e-07	9.638824e-55	1.988165e-54	1.287777e-54	8.002992e-55	8.355325e-55	5.536661e-55	6.669160e-55
3.684700e-07	1.207603e-54	2.490878e-54	1.613395e-54	1.002657e-54	1.046799e-54	6.936623e-55	8.355477e-55
3.972240e-07	1.512949e-54	3.120704e-54	2.021347e-54	1.256182e-54	1.311486e-54	5.888073e+24	1.046819e-54
4.282219e-07	1.895503e-54	3.909784e-54	2.532451e-54	1.573812e-54	1.643099e-54	7.859136e+24	1.311510e-54
4.616387e-07	2.374786e-54	4.898385e-54	3.172789e-54	1.971755e-54	2.058562e-54	1.364107e-54	1.643129e-54
4.976633e-07	2.975258e-54	6.136956e-54	3.975039e-54	2.470319e-54	2.579075e-54	1.291306e+25	2.058599e-54
5.364991e-07	3.727562e-54	7.688704e-54	4.980139e-54	3.094947e-54	3.231202e-54	1.581463e+25	2.579122e-54
5.783655e-07	4.670087e-54	9.632816e-54	6.239382e-54	3.877513e-54	4.048222e-54	2.682556e-54	3.231261e-54
6.234990e-07	5.850933e-54	1.206850e-53	7.817029e-54	4.857954e-54	5.071827e-54	2.597102e+25	4.048295e-54
6.721545e-07	7.330359e-54	1.512006e-53	9.793589e-54	6.086303e-54	6.354253e-54	5.808887e+21	1.254614e-28
7.246069e-07	9.183862e-54	1.894321e-53	1.226993e-53	7.625243e-54	7.960946e-54	5.275325e-54	6.354369e-54
7.811526e-07	1.150603e-53	2.373306e-53	1.537242e-53	9.553309e-54	9.973895e-54	6.609208e-54	7.961091e-54
8.421108e-07	1.441536e-53	2.973404e-53	1.925938e-53	1.196889e-53	1.249582e-53	1.560713e+21	9.974077e-54
9.078260e-07	1.806033e-53	3.725238e-53	2.412917e-53	1.499526e-53	1.565543e-53	1.037408e-53	1.249605e-53
9.786694e-07	2.262694e-53	4.667176e-53	3.023030e-53	1.878686e-53	1.961396e-53	9.015576e+25	3.853259e-28
1.055041e-06	2.834823e-53	5.847286e-53	3.787413e-53	2.353718e-53	2.457340e-53	1.628358e-53	1.961431e-53
1.137373e-06	3.551617e-53	7.325790e-53	4.745072e-53	2.948862e-53	3.078686e-53	2.040093e-53	2.457385e-53
1.226129e-06	4.449654e-53	9.178138e-53	5.944877e-53	3.694491e-53	3.857142e-53	4.793434e+21	7.539469e-28
1.321811e-06	5.574763e-53	1.149886e-52	7.448058e-53	4.628654e-53	4.832431e-53	1.783610e+22	9.398261e-28
1.424961e-06	6.984359e-53	1.440638e-52	9.331322e-53	5.799024e-53	6.054326e-53	1.471003e+22	1.171517e-27
1.536159e-06	8.750375e-53	1.804908e-52	1.169077e-52	7.265324e-53	7.585181e-53	5.026325e-53	1.460307e-27
1.656035e-06	1.096293e-52	2.261284e-52	1.464682e-52	9.102384e-53	9.503117e-53	6.297247e-53	7.585320e-53
1.785266e-06	1.373494e-52	2.833057e-52	1.835032e-52	1.140395e-52	1.190601e-52	7.889524e-53	9.503291e-53
1.924582e-06	1.720787e-52	3.549403e-52	2.299025e-52	1.428747e-52	3.708352e-27	9.884415e-53	1.190623e-52
2.074769e-06	2.155893e-52	4.446881e-52	2.880340e-52	1.790010e-52	1.868816e-52	1.238372e-52	1.491675e-52
2.236676e-06	2.701017e-52	5.571288e-52	3.608643e-52	5.575326e-27	5.791677e-27	2.603099e+21	1.868850e-52
2.411218e-06	3.383977e-52	6.980005e-52	4.521100e-52	2.809673e-52	7.219748e-27	1.943799e-52	2.341394e-52
2.599381e-06	4.239626e-52	8.744921e-52	5.664274e-52	8.707502e-27	1.795432e-26	2.431538e+22	2.933423e-52
2.802227e-06	5.311629e-52	1.095610e-51	1.764245e-26	1.085454e-26	2.226749e-26	3.051066e-52	3.675148e-52
3.020902e-06	6.654690e-52	1.372638e-51	4.387552e-26	4.038809e-26	5.768556e-52	3.822537e-52	4.604420e-52
3.256642e-06	8.337349e-52	1.719714e-51	2.727797e-26	1.669655e-26	7.227153e-52	4.789078e-52	5.768662e-52
3.510778e-06	1.044547e-51	2.154549e-51	1.395548e-51	8.672742e-52	9.054561e-52	3.316908e+21	7.227285e-52
3.784746e-06	1.308664e-51	2.699333e-51	1.748416e-51	1.086567e-51	1.134403e-51	7.517131e-52	9.054726e-52
4.080094e-06	1.639564e-51	7.286052e-36	2.190509e-51	1.361309e-51	1.421241e-51	9.417861e-52	1.134424e-51
4.398489e-06	2.054133e-51	4.236984e-51	2.744386e-51	1.705520e-51	1.780606e-51	2.323353e+20	1.421267e-51
4.741731e-06	6.577963e-36	5.308318e-51	3.438312e-51	2.136766e-51	2.230837e-51	1.478266e-51	1.780638e-51
5.111758e-06	3.224250e-51	6.650542e-51	4.307699e-51	2.677054e-51	2.794911e-51	7.410226e+17	2.230878e-51
5.510661e-06	1.363265e-35	8.223710e-25	5.396914e-51	3.353955e-51	3.501613e-51	4.558771e+18	2.794962e-51
5.940692e-06	5.060915e-51	1.043896e-50	6.761540e-51	4.202013e-51	4.387007e-51	2.907053e-51	3.501677e-51
6.404282e-06	9.621159e-36	1.307849e-50	8.471217e-51	5.264504e-51	5.496275e-51	4.341774e+16	4.387087e-51
6.904048e-06	3.215857e-35	1.638542e-50	1.061319e-50	6.595650e-51	6.886025e-51	4.563028e-51	5.496375e-51
7.442814e-06	9.952436e-51	2.052852e-50	1.329677e-50	8.263380e-51	8.627177e-51	9.915426e+13	6.886150e-51
8.023624e-06	9.727788e-35	2.571922e-50	1.665889e-50	1.035280e-50	1.080859e-50	7.162315e-51	8.627334e-51
8.649757e-06	7.747956e-25	3.222241e-50	2.087115e-50	1.297054e-50	1.354157e-50	2.387107e+10	1.080878e-50
9.324752e-06	2.384401e-24	4.036994e-50	2.614848e-50	1.625018e-50	1.696560e-50	2.653481e+05	1.354182e-50
1.005242e-05	2.452053e-50	5.057760e-50	3.276020e-50	2.035909e-50	2.125540e-50	1.408490e-50	1.696590e-50
1.083687e-05	3.072063e-50	6.336630e-50	4.104372e-50	2.550694e-50	2.662989e-50	8.648059e-02	2.125579e-50
1.168254e-05	3.848843e-50	7.938867e-50	5.142175e-50	3.195645e-50	3.336334e-50	2.210824e-50	2.663038e-50
1.259421e-05	4.822035e-50	9.946233e-50	6.442389e-50	4.003674e-50	4.179936e-50	2.769837e-50	3.336395e-50
1.357701e-05	6.041301e-50	1.246117e-49	8.071367e-50	5.016015e-50	5.236845e-50	3.470199e-50	4.180012e-50
1.463651e-05	7.568862e-50	1.561201e-49	1.011224e-49	6.284329e-50	6.560998e-50	4.347649e-50	5.236941e-50
1.577869e-05	9.482672e-50	1.955956e-49	1.266915e-49	7.873341e-50	8.219966e-50	5.446965e-50	6.561117e-50
1.701000e-05	1.188039e-49	2.450525e-49	1.587258e-49	9.864139e-50	1.029841e-49	6.824247e-50	8.220116e-50
