# number of size bins = 100
# 0:size [cm], masses (1:Al2O3, 2:Fe, 3:Fe3O4, 4:MgSiO3, 5:Mg2SiO4, 6:AC, 7:SiO2) [g]
1.000000e-07	2.529958e+21	0.000000e+00	0.000000e+00	3.958646e+21	5.916655e+25	0.000000e+00	0.000000e+00
1.072267e-07	3.690386e+19	0.000000e+00	0.000000e+00	1.113487e+21	2.812291e+26	0.000000e+00	0.000000e+00
1.149757e-07	0.000000e+00	0.000000e+00	0.000000e+00	0.000000e+00	0.000000e+00	0.000000e+00	0.000000e+00
1.232847e-07	3.028535e+13	0.000000e+00	0.000000e+00	1.225245e+18	6.330056e+26	0.000000e+00	0.000000e+00
1.321941e-07	4.077312e+13	0.000000e+00	0.000000e+00	4.150367e+12	1.236731e+26	0.000000e+00	0.000000e+00
1.417474e-07	3.750141e+07	0.000000e+00	0.000000e+00	0.000000e+00	9.800128e+08	0.000000e+00	0.000000e+00
1.519911e-07	0.000000e+00	0.000000e+00	0.000000e+00	0.000000e+00	5.678345e+08	0.000000e+00	0.000000e+00
1.629751e-07	0.000000e+00	0.000000e+00	0.000000e+00	0.000000e+00	0.000000e+00	0.000000e+00	0.000000e+00
1.747528e-07	0.000000e+00	0.000000e+00	0.000000e+00	0.000000e+00	5.234168e+08	0.000000e+00	0.000000e+00
1.873817e-07	1.873501e-23	0.000000e+00	0.000000e+00	0.000000e+00	3.256616e+08	3.335482e+06	0.000000e+00
2.009233e-07	3.633873e-22	0.000000e+00	0.000000e+00	0.000000e+00	8.128237e+07	0.000000e+00	0.000000e+00
2.154435e-07	1.123872e-21	0.000000e+00	0.000000e+00	0.000000e+00	1.717938e+08	0.000000e+00	0.000000e+00
2.310130e-07	0.000000e+00	0.000000e+00	0.000000e+00	0.000000e+00	0.000000e+00	0.000000e+00	0.000000e+00
2.477076e-07	3.122921e-22	0.000000e+00	0.000000e+00	0.000000e+00	9.685964e+07	0.000000e+00	0.000000e+00
2.656088e-07	0.000000e+00	0.000000e+00	0.000000e+00	0.000000e+00	6.098942e+00	0.000000e+00	0.000000e+00
2.848036e-07	0.000000e+00	0.000000e+00	0.000000e+00	0.000000e+00	2.172524e+00	0.000000e+00	0.000000e+00
3.053856e-07	0.000000e+00	0.000000e+00	0.000000e+00	0.000000e+00	5.166659e+00	0.000000e+00	0.000000e+00
3.274549e-07	0.000000e+00	0.000000e+00	0.000000e+00	0.000000e+00	0.000000e+00	0.000000e+00	0.000000e+00
3.511192e-07	0.000000e+00	0.000000e+00	0.000000e+00	0.000000e+00	1.798102e+00	2.054023e+07	0.000000e+00
3.764936e-07	0.000000e+00	0.000000e+00	0.000000e+00	0.000000e+00	2.000096e-01	0.000000e+00	0.000000e+00
4.037017e-07	0.000000e+00	0.000000e+00	0.000000e+00	0.000000e+00	1.396278e+00	0.000000e+00	0.000000e+00
4.328761e-07	0.000000e+00	0.000000e+00	0.000000e+00	0.000000e+00	2.327342e-17	4.463585e+07	0.000000e+00
4.641589e-07	0.000000e+00	0.000000e+00	0.000000e+00	0.000000e+00	2.297529e-18	0.000000e+00	0.000000e+00
4.977024e-07	0.000000e+00	0.000000e+00	0.000000e+00	0.000000e+00	0.000000e+00	0.000000e+00	0.000000e+00
5.336699e-07	0.000000e+00	0.000000e+00	0.000000e+00	0.000000e+00	0.000000e+00	7.475947e+07	0.000000e+00
5.722368e-07	0.000000e+00	0.000000e+00	0.000000e+00	0.000000e+00	0.000000e+00	0.000000e+00	0.000000e+00
6.135907e-07	0.000000e+00	0.000000e+00	0.000000e+00	0.000000e+00	0.000000e+00	1.252111e+08	0.000000e+00
6.579332e-07	0.000000e+00	0.000000e+00	0.000000e+00	0.000000e+00	0.000000e+00	0.000000e+00	0.000000e+00
7.054802e-07	0.000000e+00	0.000000e+00	0.000000e+00	0.000000e+00	0.000000e+00	0.000000e+00	0.000000e+00
7.564633e-07	0.000000e+00	0.000000e+00	0.000000e+00	0.000000e+00	0.000000e+00	0.000000e+00	0.000000e+00
8.111308e-07	0.000000e+00	0.000000e+00	0.000000e+00	0.000000e+00	0.000000e+00	0.000000e+00	0.000000e+00
8.697490e-07	0.000000e+00	0.000000e+00	0.000000e+00	0.000000e+00	0.000000e+00	0.000000e+00	0.000000e+00
9.326033e-07	0.000000e+00	0.000000e+00	0.000000e+00	0.000000e+00	0.000000e+00	0.000000e+00	0.000000e+00
1.000000e-06	0.000000e+00	0.000000e+00	0.000000e+00	0.000000e+00	0.000000e+00	0.000000e+00	0.000000e+00
1.072267e-06	0.000000e+00	0.000000e+00	0.000000e+00	0.000000e+00	0.000000e+00	0.000000e+00	0.000000e+00
1.149757e-06	0.000000e+00	0.000000e+00	0.000000e+00	0.000000e+00	0.000000e+00	4.217780e+11	0.000000e+00
1.232847e-06	0.000000e+00	0.000000e+00	0.000000e+00	0.000000e+00	0.000000e+00	5.444998e+11	0.000000e+00
1.321941e-06	0.000000e+00	0.000000e+00	0.000000e+00	0.000000e+00	0.000000e+00	2.790523e+12	0.000000e+00
1.417474e-06	0.000000e+00	0.000000e+00	0.000000e+00	0.000000e+00	0.000000e+00	0.000000e+00	0.000000e+00
1.519911e-06	0.000000e+00	0.000000e+00	0.000000e+00	0.000000e+00	0.000000e+00	8.937412e+11	0.000000e+00
1.629751e-06	0.000000e+00	0.000000e+00	0.000000e+00	0.000000e+00	0.000000e+00	0.000000e+00	0.000000e+00
1.747528e-06	0.000000e+00	0.000000e+00	0.000000e+00	0.000000e+00	0.000000e+00	1.017256e+14	0.000000e+00
1.873817e-06	0.000000e+00	0.000000e+00	0.000000e+00	0.000000e+00	0.000000e+00	5.213530e+14	0.000000e+00
2.009233e-06	0.000000e+00	0.000000e+00	0.000000e+00	0.000000e+00	0.000000e+00	0.000000e+00	0.000000e+00
2.154435e-06	0.000000e+00	0.000000e+00	0.000000e+00	0.000000e+00	0.000000e+00	3.331204e+14	0.000000e+00
2.310130e-06	0.000000e+00	0.000000e+00	0.000000e+00	0.000000e+00	0.000000e+00	1.835215e+17	0.000000e+00
2.477076e-06	0.000000e+00	0.000000e+00	0.000000e+00	0.000000e+00	0.000000e+00	2.333598e+17	0.000000e+00
2.656088e-06	0.000000e+00	0.000000e+00	0.000000e+00	0.000000e+00	0.000000e+00	1.990574e+18	0.000000e+00
2.848036e-06	0.000000e+00	0.000000e+00	0.000000e+00	0.000000e+00	0.000000e+00	0.000000e+00	0.000000e+00
3.053856e-06	0.000000e+00	0.000000e+00	0.000000e+00	0.000000e+00	0.000000e+00	4.899939e+18	0.000000e+00
3.274549e-06	0.000000e+00	0.000000e+00	0.000000e+00	0.000000e+00	0.000000e+00	1.796614e+20	0.000000e+00
3.511192e-06	0.000000e+00	0.000000e+00	0.000000e+00	0.000000e+00	0.000000e+00	4.573195e+19	0.000000e+00
3.764936e-06	0.000000e+00	0.000000e+00	0.000000e+00	0.000000e+00	0.000000e+00	2.371937e+22	1.335257e-37
4.037017e-06	0.000000e+00	0.000000e+00	0.000000e+00	0.000000e+00	0.000000e+00	0.000000e+00	0.000000e+00
4.328761e-06	0.000000e+00	0.000000e+00	0.000000e+00	2.929107e-37	3.194428e-36	0.000000e+00	0.000000e+00
4.641589e-06	1.283258e-36	0.000000e+00	0.000000e+00	0.000000e+00	0.000000e+00	1.809356e+23	1.322308e-36
4.977024e-06	0.000000e+00	0.000000e+00	0.000000e+00	7.294783e-36	2.149391e-36	1.172168e+24	0.000000e+00
5.336699e-06	0.000000e+00	0.000000e+00	0.000000e+00	0.000000e+00	0.000000e+00	3.703861e+24	4.241039e-36
5.722368e-06	0.000000e+00	0.000000e+00	0.000000e+00	0.000000e+00	0.000000e+00	0.000000e+00	0.000000e+00
6.135907e-06	1.044279e-35	0.000000e+00	0.000000e+00	0.000000e+00	0.000000e+00	7.058657e+24	0.000000e+00
6.579332e-06	1.918916e-35	0.000000e+00	0.000000e+00	0.000000e+00	0.000000e+00	6.995105e+26	0.000000e+00
7.054802e-06	0.000000e+00	0.000000e+00	0.000000e+00	0.000000e+00	0.000000e+00	0.000000e+00	0.000000e+00
7.564633e-06	0.000000e+00	0.000000e+00	0.000000e+00	0.000000e+00	0.000000e+00	4.224555e+27	0.000000e+00
8.111308e-06	0.000000e+00	0.000000e+00	0.000000e+00	0.000000e+00	0.000000e+00	0.000000e+00	0.000000e+00
8.697490e-06	0.000000e+00	0.000000e+00	0.000000e+00	1.710683e-35	1.785996e-35	1.186851e+28	0.000000e+00
9.326033e-06	0.000000e+00	0.000000e+00	0.000000e+00	0.000000e+00	3.611024e-35	5.316281e+27	2.882293e-35
1.000000e-05	3.468346e-35	0.000000e+00	0.000000e+00	0.000000e+00	0.000000e+00	1.365752e+28	0.000000e+00
1.072267e-05	7.012492e-35	0.000000e+00	0.000000e+00	8.097638e-35	8.454137e-35	5.605488e+28	0.000000e+00
1.149757e-05	0.000000e+00	0.000000e+00	0.000000e+00	0.000000e+00	0.000000e+00	0.000000e+00	0.000000e+00
1.232847e-05	0.000000e+00	0.000000e+00	0.000000e+00	1.372600e-34	9.658582e-36	1.472200e+29	1.143833e-34
1.321941e-05	1.445655e-35	0.000000e+00	0.000000e+00	4.250495e-35	4.437624e-35	3.993952e+29	1.863752e-34
1.417474e-05	0.000000e+00	0.000000e+00	8.873981e-35	0.000000e+00	0.000000e+00	2.610620e+29	2.955418e-34
1.519911e-05	8.617723e-35	0.000000e+00	2.052494e-34	1.275538e-34	1.331694e-34	5.363409e+29	0.000000e+00
1.629751e-05	1.993223e-34	0.000000e+00	3.938214e-34	2.447434e-34	2.555183e-34	0.000000e+00	2.039528e-34
1.747528e-05	0.000000e+00	0.000000e+00	0.000000e+00	0.000000e+00	0.000000e+00	0.000000e+00	0.000000e+00
1.873817e-05	3.824488e-34	0.000000e+00	0.000000e+00	4.296873e-34	4.486043e-34	1.439355e+30	3.580727e-34
2.009233e-05	6.714517e-34	0.000000e+00	0.000000e+00	7.161942e-34	7.477247e-34	5.063875e+29	5.968285e-34
2.154435e-05	1.119162e-33	0.000000e+00	0.000000e+00	1.153798e-33	1.204594e-33	3.698864e+29	9.614981e-34
2.310130e-05	0.000000e+00	0.000000e+00	0.000000e+00	0.000000e+00	0.000000e+00	3.314576e+29	1.512321e-33
2.477076e-05	0.000000e+00	0.000000e+00	0.000000e+00	0.000000e+00	0.000000e+00	0.000000e+00	0.000000e+00
2.656088e-05	0.000000e+00	0.000000e+00	0.000000e+00	0.000000e+00	0.000000e+00	2.524170e+29	8.879753e-35
2.848036e-05	1.665116e-34	0.000000e+00	2.224647e-34	3.638440e-33	3.798623e-33	1.360117e+29	1.005531e-34
3.053856e-05	7.145077e-34	0.000000e+00	9.546047e-34	5.932466e-34	6.193644e-34	0.000000e+00	4.621972e-33
3.274549e-05	1.632420e-33	0.000000e+00	0.000000e+00	1.355377e-33	1.415048e-33	7.507732e+28	6.970454e-33
3.511192e-05	0.000000e+00	0.000000e+00	0.000000e+00	0.000000e+00	0.000000e+00	0.000000e+00	0.000000e+00
3.764936e-05	3.116170e-33	0.000000e+00	0.000000e+00	2.587316e-33	2.701223e-33	4.862794e+28	2.156097e-33
4.037017e-05	5.455610e-33	0.000000e+00	0.000000e+00	4.529723e-33	4.729145e-33	0.000000e+00	3.774769e-33
4.328761e-05	0.000000e+00	0.000000e+00	0.000000e+00	7.536730e-33	7.868535e-33	1.036805e+28	6.280608e-33
4.641589e-05	0.000000e+00	0.000000e+00	0.000000e+00	6.030378e-23	0.000000e+00	0.000000e+00	5.025315e-23
4.977024e-05	0.000000e+00	0.000000e+00	0.000000e+00	0.000000e+00	0.000000e+00	0.000000e+00	0.000000e+00
5.336699e-05	0.000000e+00	0.000000e+00	0.000000e+00	0.000000e+00	0.000000e+00	0.000000e+00	0.000000e+00
5.722368e-05	0.000000e+00	0.000000e+00	0.000000e+00	0.000000e+00	0.000000e+00	0.000000e+00	0.000000e+00
6.135907e-05	0.000000e+00	0.000000e+00	0.000000e+00	0.000000e+00	0.000000e+00	0.000000e+00	0.000000e+00
6.579332e-05	0.000000e+00	0.000000e+00	0.000000e+00	0.000000e+00	0.000000e+00	0.000000e+00	0.000000e+00
7.054802e-05	0.000000e+00	0.000000e+00	0.000000e+00	0.000000e+00	0.000000e+00	0.000000e+00	0.000000e+00
7.564633e-05	0.000000e+00	0.000000e+00	0.000000e+00	0.000000e+00	0.000000e+00	0.000000e+00	0.000000e+00
8.111308e-05	0.000000e+00	0.000000e+00	0.000000e+00	0.000000e+00	0.000000e+00	0.000000e+00	0.000000e+00
8.697490e-05	0.000000e+00	0.000000e+00	0.000000e+00	0.000000e+00	0.000000e+00	0.000000e+00	0.000000e+00
9.326033e-05	0.000000e+00	0.000000e+00	0.000000e+00	0.000000e+00	0.000000e+00	0.000000e+00	0.000000e+00
1.000000e-04	1.974869e+26	8.045996e+15	1.949741e+23	2.450146e+25	1.179380e+28	2.367203e+06	5.254757e+15
