# number of size bins = 100
# 0:size [cm], masses (1:Al2O3, 2:Fe, 3:Fe3O4, 4:MgSiO3, 5:Mg2SiO4, 6:AC, 7:SiO2) [g]
1.000000e-07	2.284635e+24	1.835877e-37	0.000000e+00	0.000000e+00	3.277040e+16	8.261121e+17	1.651602e+18
1.072267e-07	3.939305e+22	8.179518e-39	0.000000e+00	0.000000e+00	0.000000e+00	9.533954e-31	5.086720e+16
1.149757e-07	3.327365e+24	5.852223e-40	3.532912e-35	0.000000e+00	0.000000e+00	0.000000e+00	9.519935e+15
1.232847e-07	1.110343e+23	0.000000e+00	3.885688e-35	0.000000e+00	1.129032e+17	0.000000e+00	1.116858e+24
1.321941e-07	7.503528e+22	0.000000e+00	3.622009e-35	0.000000e+00	0.000000e+00	0.000000e+00	3.515816e+12
1.417474e-07	9.642350e+24	0.000000e+00	6.756010e-35	0.000000e+00	0.000000e+00	4.646809e-07	4.119702e+14
1.519911e-07	1.032483e+23	0.000000e+00	1.386613e-34	0.000000e+00	1.382475e+17	2.832427e-30	6.753887e+14
1.629751e-07	9.220512e+24	0.000000e+00	1.284622e-34	0.000000e+00	0.000000e+00	2.592134e-08	4.057466e+13
1.747528e-07	1.148693e+25	0.000000e+00	0.000000e+00	0.000000e+00	0.000000e+00	0.000000e+00	6.515828e+13
1.873817e-07	7.929235e+24	0.000000e+00	2.318480e-34	0.000000e+00	0.000000e+00	0.000000e+00	2.535414e+15
2.009233e-07	2.690958e+22	0.000000e+00	1.455167e-34	0.000000e+00	0.000000e+00	1.123407e-07	3.516925e+14
2.154435e-07	3.987484e+23	0.000000e+00	5.547057e+25	0.000000e+00	0.000000e+00	2.905496e-06	5.825551e+14
2.310130e-07	7.186882e+23	0.000000e+00	1.104418e-25	0.000000e+00	0.000000e+00	0.000000e+00	9.702707e+15
2.477076e-07	1.830688e+25	0.000000e+00	2.775992e-25	0.000000e+00	3.019015e+17	4.438403e-31	9.774401e+13
2.656088e-07	1.170426e+24	0.000000e+00	3.491622e-25	0.000000e+00	0.000000e+00	3.525193e-06	3.287936e+15
2.848036e-07	2.849412e+25	0.000000e+00	2.631952e-25	0.000000e+00	0.000000e+00	0.000000e+00	8.861024e+24
3.053856e-07	3.188974e+24	0.000000e+00	8.982408e-35	0.000000e+00	0.000000e+00	7.228322e-06	3.203932e+16
3.274549e-07	4.527020e+25	0.000000e+00	0.000000e+00	0.000000e+00	0.000000e+00	4.708675e-29	4.952872e+15
3.511192e-07	3.069808e+25	0.000000e+00	4.797404e-35	0.000000e+00	8.460231e+17	6.107710e+19	1.239672e+16
3.764936e-07	1.364794e+26	0.000000e+00	2.893375e+26	0.000000e+00	0.000000e+00	1.314176e+26	8.054810e+16
4.037017e-07	5.606589e+25	0.000000e+00	0.000000e+00	0.000000e+00	0.000000e+00	1.449940e-05	1.544492e+17
4.328761e-07	3.919955e+25	0.000000e+00	0.000000e+00	0.000000e+00	1.566801e+18	1.974074e+20	2.361270e+17
4.641589e-07	1.076677e+26	0.000000e+00	0.000000e+00	0.000000e+00	0.000000e+00	2.433740e+26	1.548192e+17
4.977024e-07	1.074364e+26	0.000000e+00	0.000000e+00	0.000000e+00	0.000000e+00	2.657719e+20	4.621958e+25
5.336699e-07	1.579804e+26	0.000000e+00	0.000000e+00	0.000000e+00	0.000000e+00	6.380606e+26	2.778154e+18
5.722368e-07	3.101534e+26	0.000000e+00	0.000000e+00	0.000000e+00	2.960639e+19	2.860639e+26	3.340469e+18
6.135907e-07	2.944972e+26	0.000000e+00	0.000000e+00	0.000000e+00	0.000000e+00	1.002648e+27	1.510037e+19
6.579332e-07	1.032855e+26	0.000000e+00	0.000000e+00	0.000000e+00	0.000000e+00	1.061663e+27	1.052939e+26
7.054802e-07	9.340321e+25	0.000000e+00	0.000000e+00	0.000000e+00	5.483126e+19	1.283798e+27	6.043135e+19
7.564633e-07	2.280597e+26	0.000000e+00	0.000000e+00	0.000000e+00	6.710976e+19	1.605926e+27	1.585240e+26
8.111308e-07	3.235264e+26	0.000000e+00	0.000000e+00	0.000000e+00	8.213680e+19	2.385967e+28	2.994019e+19
8.697490e-07	5.607772e+25	0.000000e+00	7.214398e+27	0.000000e+00	0.000000e+00	2.962056e+28	5.108400e+26
9.326033e-07	6.863536e+25	0.000000e+00	6.383109e+27	0.000000e+00	2.588378e+20	3.572453e+27	5.827083e+26
1.000000e-06	0.000000e+00	0.000000e+00	0.000000e+00	0.000000e+00	0.000000e+00	1.509445e+27	4.097865e+26
1.072267e-06	5.288901e+26	0.000000e+00	0.000000e+00	0.000000e+00	3.897000e+20	2.872248e+24	0.000000e+00
1.149757e-06	9.772903e+25	0.000000e+00	0.000000e+00	0.000000e+00	4.745698e+20	4.633926e+27	6.169572e+26
1.232847e-06	0.000000e+00	0.000000e+00	5.602510e+27	0.000000e+00	1.158720e+21	1.511109e+27	7.551045e+26
1.321941e-06	1.662609e+26	0.000000e+00	0.000000e+00	0.000000e+00	6.599212e+21	5.520628e+27	1.843680e+27
1.417474e-06	5.210821e+25	0.000000e+00	1.674275e+28	0.000000e+00	7.211434e+21	2.240851e+27	1.125356e+27
1.519911e-06	1.262719e+26	0.000000e+00	0.000000e+00	0.000000e+00	8.781955e+21	0.000000e+00	2.275315e+27
1.629751e-06	0.000000e+00	0.000000e+00	0.000000e+00	0.000000e+00	3.208203e+22	1.232019e+27	2.784867e+27
1.747528e-06	7.332487e+25	0.000000e+00	2.026105e+28	0.000000e+00	0.000000e+00	3.008296e+27	0.000000e+00
1.873817e-06	2.154027e+25	0.000000e+00	2.479847e+28	0.000000e+00	4.261618e+23	7.289897e+27	1.245213e+28
2.009233e-06	7.184502e+24	0.000000e+00	1.198852e+29	0.000000e+00	5.215999e+23	1.020414e+27	8.648521e+27
2.154435e-06	0.000000e+00	0.000000e+00	0.000000e+00	0.000000e+00	2.521612e+24	4.958233e+27	4.399200e+27
2.310130e-06	2.731937e+24	0.000000e+00	0.000000e+00	7.387233e-17	2.189952e+25	3.003624e+27	1.068755e+28
2.477076e-06	0.000000e+00	0.000000e+00	3.225318e+28	8.950891e-17	2.680387e+25	2.293763e+27	1.301427e+28
2.656088e-06	1.433624e+24	0.000000e+00	7.776669e+28	1.974368e-15	1.295801e+26	3.696293e+27	1.952399e+28
2.848036e-06	0.000000e+00	0.000000e+00	7.986424e+27	4.543379e-15	0.000000e+00	1.191694e+27	3.539551e+28
3.053856e-06	2.244705e+23	0.000000e+00	4.819133e+28	8.257127e-15	2.991828e+25	9.650413e+26	3.059923e+28
3.274549e-06	9.219126e+21	0.000000e+00	8.954575e+27	6.614353e-11	1.805316e+26	1.096897e+27	3.953627e+28
3.511192e-06	1.124953e+22	0.000000e+00	5.403331e+28	1.594808e-10	1.165159e+26	1.340703e+26	7.185312e+28
3.764936e-06	1.159405e+21	0.000000e+00	0.000000e+00	0.000000e+00	7.030752e+26	2.160481e+26	0.000000e+00
4.037017e-06	1.383230e+19	0.000000e+00	3.606697e+28	2.897254e-06	4.218311e+26	4.271687e+25	2.067535e+29
4.328761e-06	1.116358e+19	0.000000e+00	1.651711e+28	1.748249e-05	2.545395e+27	4.221361e+25	2.496632e+29
4.641589e-06	0.000000e+00	0.000000e+00	1.577306e+28	8.760646e+01	2.491727e+27	5.903109e+24	0.000000e+00
4.977024e-06	3.533197e+14	0.000000e+00	1.405901e+28	2.112308e+02	6.007885e+27	8.458456e+23	1.111117e+29
5.336699e-06	3.464868e+10	0.000000e+00	8.557555e+26	0.000000e+00	1.655810e+28	2.829575e+22	1.341719e+29
5.722368e-06	4.177100e+10	0.000000e+00	5.163764e+27	1.447950e+05	3.914140e+28	3.416827e+22	1.447585e+29
6.135907e-06	1.226579e+06	0.000000e+00	6.424009e+26	3.491200e+05	3.513991e+28	0.000000e+00	4.297988e+29
6.579332e-06	2.590326e-01	0.000000e+00	7.819355e+25	0.000000e+00	0.000000e+00	1.522980e+19	6.175210e+28
7.054802e-06	2.162591e-11	0.000000e+00	0.000000e+00	4.369669e+06	1.747829e+29	1.602123e+16	3.592127e+29
7.564633e-06	3.804420e-27	0.000000e+00	0.000000e+00	3.440961e+07	0.000000e+00	2.801319e+12	6.920816e+28
8.111308e-06	4.609703e-27	0.000000e+00	0.000000e+00	0.000000e+00	0.000000e+00	2.786340e+08	8.470719e+28
8.697490e-06	0.000000e+00	0.000000e+00	0.000000e+00	0.000000e+00	3.448718e+29	0.000000e+00	4.913511e+28
9.326033e-06	0.000000e+00	0.000000e+00	9.940903e+23	1.885267e+10	1.395196e+29	1.302692e+02	3.504128e+29
1.000000e-05	0.000000e+00	0.000000e+00	3.825976e+22	0.000000e+00	8.949144e+29	3.719552e-07	0.000000e+00
1.072267e-05	0.000000e+00	0.000000e+00	7.640761e+20	3.447736e+12	1.084341e+30	2.728102e-21	1.464119e+29
1.149757e-05	0.000000e+00	0.000000e+00	4.101021e+18	4.177519e+12	0.000000e+00	0.000000e+00	1.272244e+29
1.232847e-05	0.000000e+00	0.000000e+00	0.000000e+00	4.173121e+13	2.734466e+30	0.000000e+00	3.547375e+28
1.321941e-05	0.000000e+00	0.000000e+00	4.409077e+16	1.675979e+14	9.897210e+29	0.000000e+00	4.298249e+28
1.417474e-05	0.000000e+00	0.000000e+00	0.000000e+00	0.000000e+00	2.185102e+30	0.000000e+00	6.673928e+28
1.519911e-05	0.000000e+00	0.000000e+00	1.590314e+09	4.692139e+13	7.378320e+29	0.000000e+00	4.646772e+28
1.629751e-05	0.000000e+00	0.000000e+00	0.000000e+00	0.000000e+00	2.371322e+29	0.000000e+00	1.065620e+28
1.747528e-05	0.000000e+00	0.000000e+00	5.711313e-04	0.000000e+00	1.676591e+30	0.000000e+00	1.011454e+28
1.873817e-05	0.000000e+00	0.000000e+00	4.160063e-15	4.089646e+11	0.000000e+00	0.000000e+00	2.065847e+27
2.009233e-05	0.000000e+00	0.000000e+00	0.000000e+00	0.000000e+00	1.109460e+30	0.000000e+00	2.503125e+27
2.154435e-05	0.000000e+00	0.000000e+00	1.088934e-30	2.866300e+09	0.000000e+00	0.000000e+00	1.908052e+27
2.310130e-05	0.000000e+00	0.000000e+00	0.000000e+00	5.704045e+07	3.934790e+29	0.000000e+00	3.776586e+26
2.477076e-05	0.000000e+00	0.000000e+00	0.000000e+00	7.960188e+05	0.000000e+00	0.000000e+00	1.198000e+26
2.656088e-05	0.000000e+00	0.000000e+00	0.000000e+00	2.148197e+03	0.000000e+00	0.000000e+00	3.100607e+25
2.848036e-05	0.000000e+00	0.000000e+00	0.000000e+00	9.848429e+00	6.985937e+28	0.000000e+00	1.071134e+25
3.053856e-05	0.000000e+00	0.000000e+00	0.000000e+00	0.000000e+00	0.000000e+00	0.000000e+00	0.000000e+00
3.274549e-05	0.000000e+00	0.000000e+00	0.000000e+00	6.337678e-07	2.625443e+28	0.000000e+00	1.088025e+23
3.511192e-05	0.000000e+00	0.000000e+00	0.000000e+00	0.000000e+00	0.000000e+00	0.000000e+00	3.070654e+21
3.764936e-05	0.000000e+00	0.000000e+00	0.000000e+00	0.000000e+00	4.124931e+27	0.000000e+00	0.000000e+00
4.037017e-05	0.000000e+00	0.000000e+00	0.000000e+00	0.000000e+00	1.269969e+27	0.000000e+00	8.299556e+17
4.328761e-05	0.000000e+00	0.000000e+00	0.000000e+00	0.000000e+00	3.364467e+26	0.000000e+00	0.000000e+00
4.641589e-05	0.000000e+00	0.000000e+00	0.000000e+00	0.000000e+00	8.512973e+25	0.000000e+00	0.000000e+00
4.977024e-05	0.000000e+00	0.000000e+00	0.000000e+00	0.000000e+00	0.000000e+00	0.000000e+00	0.000000e+00
5.336699e-05	0.000000e+00	0.000000e+00	0.000000e+00	0.000000e+00	0.000000e+00	0.000000e+00	3.704690e+08
5.722368e-05	0.000000e+00	0.000000e+00	0.000000e+00	0.000000e+00	0.000000e+00	0.000000e+00	0.000000e+00
6.135907e-05	0.000000e+00	0.000000e+00	0.000000e+00	0.000000e+00	0.000000e+00	0.000000e+00	0.000000e+00
6.579332e-05	0.000000e+00	0.000000e+00	0.000000e+00	0.000000e+00	0.000000e+00	0.000000e+00	0.000000e+00
7.054802e-05	0.000000e+00	0.000000e+00	0.000000e+00	0.000000e+00	0.000000e+00	0.000000e+00	0.000000e+00
7.564633e-05	0.000000e+00	0.000000e+00	0.000000e+00	0.000000e+00	0.000000e+00	0.000000e+00	0.000000e+00
8.111308e-05	0.000000e+00	0.000000e+00	0.000000e+00	0.000000e+00	0.000000e+00	0.000000e+00	0.000000e+00
8.697490e-05	0.000000e+00	0.000000e+00	0.000000e+00	0.000000e+00	0.000000e+00	0.000000e+00	0.000000e+00
9.326033e-05	0.000000e+00	0.000000e+00	0.000000e+00	0.000000e+00	0.000000e+00	0.000000e+00	0.000000e+00
1.000000e-04	0.000000e+00	0.000000e+00	0.000000e+00	0.000000e+00	0.000000e+00	0.000000e+00	0.000000e+00
