# number of size bins = 100
# 0:size [cm], masses (1:Al2O3, 2:Fe, 3:Fe3O4, 4:MgSiO3, 5:Mg2SiO4, 6:AC, 7:SiO2) [g]
1.000000e-07	2.413892e-56	4.979047e-56	3.225036e-56	2.004224e-56	2.092460e-56	5.761291e-36	1.670187e-56
1.071470e-07	2.969325e-56	6.124718e-56	3.967112e-56	2.465393e-56	2.573932e-56	1.705618e-56	1.906878e-12
1.148048e-07	1.889870e+23	7.534006e-56	4.879938e-56	3.032676e-56	3.166190e-56	2.098078e-56	2.527230e-56
1.230098e-07	4.493011e-56	9.267569e-56	6.002804e-56	3.730490e-56	3.894725e-56	2.580842e-56	3.108741e-56
1.318013e-07	5.526846e-56	1.140002e-55	2.363773e+24	4.588870e-56	4.790895e-56	3.174690e-56	3.824058e-56
1.412212e-07	6.798565e-56	1.402315e-55	9.083096e-56	5.644761e-56	5.893273e-56	3.549769e+01	4.703968e-56
1.513142e-07	8.362904e-56	1.724985e-55	1.117310e-55	6.943612e-56	7.249306e-56	4.803757e-56	5.786344e-56
1.621286e-07	4.259528e+07	2.121902e-55	1.869876e+23	8.541327e-56	8.917360e-56	5.909094e-56	7.117772e-56
1.737159e-07	1.265426e-55	2.610148e-55	1.336124e+23	1.050667e-55	1.096923e-55	7.268767e-56	8.755561e-56
1.861314e-07	4.166272e+23	3.210739e-55	2.079665e-55	1.292424e-55	8.423140e+16	8.941299e-56	1.077020e-55
1.994342e-07	1.914770e-55	3.949525e-55	2.558193e-55	1.589809e-55	1.659801e-55	1.099868e-55	1.324841e-55
2.136877e-07	2.355356e-55	4.858305e-55	3.783467e+23	1.955622e-55	2.041718e-55	1.352946e-55	1.629685e-55
2.289599e-07	2.897319e-55	5.976194e-55	3.012839e+23	2.405607e-55	2.511514e-55	1.664256e-55	2.004673e-55
2.453237e-07	3.563988e-55	7.351306e-55	4.761599e-55	2.959133e-55	3.089410e-55	2.047199e-55	2.465945e-55
2.628569e-07	4.384056e-55	9.042831e-55	5.857236e-55	3.640026e-55	3.800278e-55	5.759573e+22	3.033355e-55
2.816433e-07	5.392820e-55	1.112357e-54	8.826062e+23	4.477590e-55	4.674716e-55	1.996365e+22	3.731325e-55
3.017723e-07	6.633700e-55	1.368309e-54	1.723786e+24	5.507876e-55	5.750361e-55	1.206971e+24	4.589897e-55
3.233399e-07	8.160104e-55	1.683155e-54	1.090215e-54	6.775230e-55	5.053997e+00	4.687266e-55	5.646025e-55
3.464489e-07	1.003773e-54	2.070446e-54	3.625360e+24	8.334200e-55	8.701114e-55	5.765799e-55	1.428141e+23
3.712096e-07	1.234740e-54	2.546852e-54	9.919538e+24	1.025189e-54	1.594726e+01	7.092500e-55	8.543239e-55
3.977399e-07	1.518851e-54	3.132879e-54	1.115079e+25	1.261083e-54	1.316602e-54	4.335702e+24	7.368086e+23
4.261663e-07	1.732636e+04	3.853750e-54	3.061091e+25	1.551256e-54	6.635735e+16	1.262137e+25	1.292713e-54
4.566243e-07	1.700752e+21	4.740491e-54	2.631470e+25	1.908198e-54	1.992206e-54	1.320137e-54	1.590165e-54
4.892592e-07	3.633747e+24	5.831271e-54	2.681008e+25	4.183761e-02	1.612662e+11	1.317001e+04	6.795013e+23
5.242265e-07	3.477561e-54	7.173037e-54	1.389369e+25	2.617021e-03	1.336669e+22	3.620117e+24	9.006245e+23
5.616929e-07	4.277743e-54	8.823542e-54	3.608094e+25	3.551755e-54	3.708122e-54	5.920045e+25	2.932314e+24
6.018370e-07	2.777609e+25	1.085383e-53	5.394857e+25	4.369008e-54	1.533794e+17	1.585342e+25	3.640840e-54
6.448502e-07	3.918044e+23	1.335127e-53	2.780241e+25	5.374310e-54	6.937792e+20	4.336574e+25	1.497519e+23
6.909375e-07	1.350271e+23	1.642338e-53	2.096682e+26	6.610931e-54	3.390689e+09	2.159306e+03	3.948639e+24
7.403187e-07	9.794316e-54	2.020238e-53	1.805085e+26	8.132096e-54	5.178113e+18	7.414779e+22	3.520540e+24
7.932292e-07	2.040239e+24	2.485091e-53	3.459858e+26	1.000328e-53	3.393743e+03	1.281744e+26	1.670650e+25
8.499212e-07	1.482019e-53	3.056907e-53	1.050662e+27	1.230502e-53	4.092063e+18	1.905785e+26	2.844029e+24
9.106649e-07	1.529212e+05	3.760296e-53	7.084230e+26	1.513638e-53	2.041277e+03	2.197089e+26	1.261365e-53
9.757500e-07	1.789904e+24	4.625535e-53	2.464447e+27	1.861924e-53	2.269620e+16	3.609208e+25	1.038352e+25
1.045487e-06	1.843702e+26	5.689863e-53	3.685447e-53	2.290350e-53	5.947511e+03	4.106198e+24	4.502933e+25
1.120208e-06	2.028301e+23	6.999091e-53	3.302024e+27	2.817356e-53	9.335314e+10	2.210134e+26	4.622585e+25
1.200269e-06	4.174007e-53	8.609572e-53	8.626405e+26	2.088454e-19	6.244785e+10	1.962219e+26	9.412321e+25
1.286052e-06	5.486305e+27	1.059062e-52	8.214445e+27	4.263060e-53	1.385840e+19	4.194575e+25	2.431364e+25
1.377966e-06	6.252070e+27	1.302751e-52	1.598038e+27	5.243983e-53	1.831691e+18	2.898341e+24	6.365566e+25
1.476449e-06	3.788603e+27	1.602511e-52	1.517540e+28	6.450616e-53	5.214235e+12	2.424243e+26	1.032932e+26
1.581970e-06	5.522929e+27	1.971247e-52	1.276819e-52	1.185696e-01	9.493236e+11	4.106303e+26	1.395510e+26
1.695033e-06	2.945675e+27	2.424828e-52	1.685788e+28	9.760699e-53	2.178579e+13	8.300762e+26	2.685316e+26
1.816177e-06	2.828369e+27	2.982777e-52	1.458120e+28	1.200662e-52	1.598866e+19	1.200997e+27	3.978512e+26
1.945979e-06	1.779240e+27	3.669109e-52	2.376561e-52	1.476933e-52	5.649375e+19	1.138376e+27	4.706355e+26
2.085058e-06	1.028849e+27	4.513365e-52	5.307195e+27	4.273557e+00	1.058923e+21	1.005649e+27	1.882454e+26
2.234077e-06	7.031232e+26	5.551884e-52	3.596075e-52	2.234809e-52	8.434296e+19	3.270305e+24	7.146948e+26
2.393746e-06	3.170598e+26	6.829364e-52	4.423526e-52	2.749035e-52	2.887655e+20	3.947639e+26	1.144988e+27
2.564826e-06	2.240395e+26	8.400790e-52	1.010033e+28	1.399939e+00	1.787780e+20	1.605421e+25	2.006902e+27
2.748134e-06	1.054820e+26	1.033380e-51	6.693424e-52	4.159681e-52	2.115722e+19	5.427473e+27	1.648619e+27
2.944543e-06	3.694280e+25	1.271159e-51	8.233570e-52	5.116817e-52	7.517296e+20	5.709637e+27	1.827864e+27
3.154989e-06	2.565864e+25	1.563651e-51	1.012810e-51	6.294189e-52	6.828953e+20	3.941465e+27	3.697615e+27
3.380475e-06	7.741576e+23	1.923444e-51	1.245856e-51	7.742472e-52	8.083335e-52	1.152287e+27	3.293332e+27
3.622078e-06	2.986214e+24	2.366026e-51	1.532526e-51	9.524002e-52	9.943298e-52	1.082214e+27	5.400574e+27
3.880947e-06	2.646571e+00	2.910445e-51	1.885158e-51	1.171546e-51	8.357816e+20	4.379664e+26	1.178762e+27
4.158318e-06	3.443767e+23	3.580133e-51	2.318929e-51	1.441117e-51	1.052679e+21	1.760747e+26	3.554879e+27
4.455512e-06	4.139900e+23	4.403916e-51	2.541986e+28	1.772716e-51	1.850760e-51	5.201056e+25	4.519645e+27
4.773947e-06	3.107232e+01	5.417251e-51	1.976529e+28	2.180615e-51	2.276617e-51	1.039438e+25	1.212701e+28
5.115140e-06	3.230654e-51	6.663752e-51	1.618186e+28	2.682371e-51	3.220794e+18	3.757716e+24	6.479625e-17
5.480718e-06	3.974023e-51	8.197071e-51	1.276183e+28	3.299580e-51	1.142581e+17	8.402098e+23	7.930321e-17
5.872425e-06	4.888439e-51	1.008320e-50	9.957680e+26	4.058809e-51	4.848967e+18	5.793125e+22	3.764542e+27
6.292126e-06	6.356886e+17	1.240333e-50	8.033906e-51	4.992734e-51	5.934582e+18	2.919159e+21	8.520043e-31
6.741823e-06	6.792766e+15	1.525732e-50	9.882495e-51	6.141555e-51	7.263158e+18	9.655351e+20	5.117962e-51
7.223660e-06	5.935955e+12	1.876801e-50	1.215644e-50	8.091979e-08	6.515209e+25	2.541958e-24	6.295597e-51
7.739934e-06	9.302843e+08	2.308650e-50	1.495362e-50	1.580992e-06	1.934288e+26	6.429151e-51	1.577898e-30
8.293106e-06	9.286678e+02	2.839866e-50	1.839443e-50	1.381652e+01	4.189417e+26	7.908489e-51	9.526134e-51
8.885813e-06	1.693595e-50	3.493315e-50	2.262695e-50	1.088012e+03	1.855404e+26	9.728220e-51	2.264314e+28
9.520881e-06	2.083288e-50	4.297122e-50	2.783338e-50	1.098709e+03	5.543858e+24	6.084185e+06	1.133877e+28
1.020134e-05	2.562649e-50	5.285883e-50	3.423780e-50	2.127735e-50	7.280260e+17	1.472018e-50	3.505853e+27
1.093043e-05	3.152311e-50	6.502156e-50	4.211586e-50	2.617324e-50	1.763094e+18	4.114295e+00	3.651348e+27
1.171162e-05	3.877653e-50	7.998292e-50	5.180666e-50	3.219566e-50	8.901763e+15	3.605845e-23	4.872528e+26
1.254865e-05	4.769895e-50	9.838687e-50	6.372729e-50	3.960383e-50	4.134739e-50	2.739887e-50	3.300319e-50
1.344550e-05	5.867440e-50	1.210255e-49	7.839084e-50	4.871661e-50	1.340212e+16	3.370331e-50	4.059717e-50
1.440645e-05	7.217529e-50	1.488733e-49	9.642845e-50	5.992622e-50	1.640308e+16	4.145839e-50	4.993852e-50
1.543607e-05	8.878271e-50	1.831288e-49	1.186165e-49	7.371515e-50	4.017380e+16	5.099790e-50	6.142929e-50
1.653929e-05	1.092115e-49	2.252665e-49	1.459100e-49	9.067689e-50	2.459740e+16	6.273244e-50	7.556408e-50
1.772135e-05	1.343409e-49	2.771000e-49	1.794836e-49	1.115415e-49	1.852811e+14	7.716708e-50	9.295126e-50
1.898789e-05	1.652525e-49	3.408602e-49	2.207825e-49	1.372070e-49	2.267687e+14	9.492310e-50	1.143392e-49
2.034495e-05	2.032768e-49	4.192917e-49	2.715842e-49	1.687782e-49	8.286350e+14	1.167648e-49	1.406485e-49
2.179900e-05	2.500505e-49	5.157700e-49	3.340753e-49	2.076138e-49	2.559935e+11	1.436322e-49	1.730115e-49
2.335697e-05	3.075868e-49	6.344479e-49	4.109455e-49	2.553854e-49	3.133188e+11	1.766817e-49	2.128211e-49
2.502629e-05	3.783620e-49	7.804334e-49	5.055035e-49	3.141491e-49	7.650206e+11	2.173359e-49	6.508324e-23
2.681492e-05	4.654225e-49	9.600099e-49	6.218190e-49	3.864344e-49	9.316476e+11	2.673445e-49	1.589177e-22
2.873138e-05	5.725155e-49	1.180907e-48	7.648986e-49	4.753523e-49	9.605371e+07	3.288601e-49	1.935247e-22
3.078480e-05	7.042504e-49	1.452631e-48	9.409006e-49	1.453684e-22	3.509189e+08	4.045303e-49	2.356559e-22
3.298499e-05	8.662974e-49	1.786880e-48	1.157400e-48	3.549549e-22	2.841583e+08	4.976121e-49	5.993963e-49
3.534242e-05	1.065631e-48	2.198038e-48	3.539469e-22	8.601494e-22	9.237324e-49	6.121118e-49	7.373165e-49
3.786834e-05	1.310831e-48	2.703803e-48	1.293129e-21	1.088366e-48	1.136282e-48	7.529578e-49	9.069719e-49
4.057479e-05	1.612451e-48	3.325944e-48	1.566756e-21	1.338798e-48	1.397738e-48	9.262122e-49	1.115665e-48
4.347466e-05	1.983474e-48	2.798367e-33	2.649983e-48	1.646853e-48	1.719356e-48	1.298904e-33	1.372377e-48
4.658179e-05	5.601991e-34	1.251150e-21	3.259740e-48	2.025791e-48	2.114977e-48	1.401491e-48	1.688159e-48
4.991098e-05	3.001278e-48	9.073299e-21	4.009801e-48	2.491923e-48	2.601630e-48	1.723972e-48	2.076602e-48
5.347811e-05	7.855908e-33	7.615079e-48	4.932450e-48	3.065310e-48	3.200261e-48	4.862205e-33	2.554425e-48
5.730018e-05	3.370130e-21	9.367297e-48	6.067400e-48	3.770633e-48	3.936636e-48	7.647537e-33	3.142194e-48
6.139542e-05	5.430808e-21	1.152270e-47	7.463499e-48	4.638250e-48	4.842450e-48	3.208852e-48	3.865208e-48
6.578334e-05	6.871724e-48	1.417405e-47	9.180838e-48	5.705504e-48	5.956690e-48	8.399238e-33	4.754587e-48
7.048487e-05	8.452897e-48	1.743548e-47	1.129333e-47	7.018332e-48	7.327315e-48	8.323499e-21	5.848610e-48
7.552241e-05	1.039790e-47	2.144736e-47	1.389191e-47	8.633239e-48	9.013319e-48	5.972681e-48	7.194366e-48
8.091999e-05	1.279043e-47	2.638236e-47	1.708842e-47	1.061973e-47	1.108727e-47	7.346986e-48	8.849779e-48
8.670333e-05	1.573349e-47	3.245290e-47	2.102044e-47	1.306332e-47	1.363843e-47	9.037516e-48	1.088610e-47
9.290000e-05	1.935375e-47	3.992026e-47	2.585721e-47	1.606917e-47	1.677662e-47	1.111703e-47	1.339097e-47
