# number of size bins = 100
# 0:size [cm], masses (1:Al2O3, 2:Fe, 3:Fe3O4, 4:MgSiO3, 5:Mg2SiO4, 6:AC, 7:SiO2) [g]
1.000000e-07	1.432208e+23	4.979047e-56	1.569608e+22	5.390307e+06	2.122275e+12	4.453280e+22	1.726605e+10
1.059553e-07	1.635267e+23	5.922622e-56	7.950971e+22	8.399003e+04	7.968532e+14	4.757407e+22	1.879135e+08
1.122652e-07	1.514925e+23	7.045014e-56	2.833647e+22	7.404864e+02	2.637278e+15	6.596606e+22	1.059218e+08
1.189509e-07	2.149677e+23	8.380110e-56	1.414134e+23	1.243994e+00	1.141502e+15	5.728966e+22	1.275516e+06
1.260348e-07	1.048794e+23	9.968218e-56	7.727139e+22	2.543341e-20	1.872053e+14	2.358737e+22	1.004654e+04
1.335405e-07	3.292147e+23	1.185729e-55	1.135657e+23	4.772934e-56	5.110785e-05	8.080234e+20	5.098498e+01
1.414932e-07	5.324296e+23	1.410435e-55	2.532673e+23	5.677449e-56	1.176703e+13	2.094186e+23	1.540575e-07
1.499195e-07	3.840099e+23	1.677726e-55	2.861255e+23	6.753378e-56	9.545043e+13	1.405177e+23	3.719256e-16
1.588477e-07	1.156472e+23	1.995671e-55	5.047855e+22	8.033206e-56	1.235175e+15	2.092767e+23	3.044257e-23
1.683075e-07	2.288749e+23	2.373869e-55	6.664026e+23	9.555572e-56	3.439614e+15	5.919759e+22	6.063102e-29
1.783307e-07	7.129103e+23	2.823739e-55	5.233217e+23	1.136644e-55	1.360201e+15	2.029699e+23	9.472035e-56
1.889508e-07	6.113915e+23	3.358863e-55	3.807901e+23	4.209923e-04	7.356879e+24	9.353797e-56	1.126707e-55
2.002033e-07	6.313703e+23	3.995399e-55	8.620493e+23	1.608275e-55	1.448570e+15	2.337453e+23	1.340229e-55
2.121260e-07	1.503893e+24	4.752564e-55	9.974178e+23	1.913058e-55	1.789380e+16	6.007416e+23	1.594215e-55
2.247587e-07	1.871318e+24	5.653219e-55	8.878605e+23	2.275600e-55	1.509829e+16	2.971886e+23	1.896333e-55
2.381437e-07	1.728969e+24	6.724557e-55	1.896415e+24	2.706847e-55	1.870193e+16	1.872661e-55	2.255706e-55
2.523259e-07	1.908333e+24	7.998923e-55	4.139908e+24	1.403449e-02	2.518656e+16	2.227548e-55	2.683183e-55
2.673526e-07	9.215442e+23	9.514792e-55	2.637560e+24	3.830005e-55	4.145973e+16	4.404220e+23	3.191671e-55
2.832742e-07	3.461155e+24	1.131793e-54	2.550790e+24	4.555827e-55	1.330893e+16	3.151830e-55	3.796522e-55
3.001439e-07	6.311084e+24	1.346279e-54	2.294324e+23	5.419198e-55	1.412062e+17	1.068254e+24	4.515998e-55
3.180184e-07	9.350572e+24	1.601411e-54	3.930802e+24	6.446186e-55	3.489970e+25	2.458061e+24	5.371822e-55
3.369573e-07	9.184686e+24	1.904893e-54	6.420547e+24	7.667798e-55	1.293212e+17	9.786300e+23	6.389832e-55
3.570240e-07	8.271935e+24	2.265888e-54	1.413913e+24	9.120917e-55	4.170625e+17	1.301907e+24	7.600764e-55
3.782858e-07	6.942829e+24	2.695295e-54	8.245069e+23	1.084942e-54	9.592654e+17	4.103922e+24	9.041179e-55
4.008138e-07	4.713279e+25	3.206078e-54	4.239368e+24	1.290548e-54	8.139567e+17	3.179622e+24	1.075457e-54
4.246834e-07	2.224272e+25	3.813660e-54	6.272819e+24	1.535119e-54	2.753263e+18	1.421161e+25	1.279266e-54
4.499745e-07	7.112257e+25	4.536384e-54	2.938313e-54	1.826038e-54	9.777866e+25	7.333076e+24	1.521698e-54
4.767717e-07	9.746848e+25	5.396070e-54	3.495151e-54	2.172089e-54	9.393006e+18	5.031406e+24	1.810074e-54
5.051648e-07	1.864109e+26	6.418676e-54	4.157514e-54	7.972411e-03	1.066764e+19	1.116658e+25	2.153100e-54
5.352488e-07	3.672873e+26	7.635074e-54	4.945402e-54	3.073359e-54	1.187305e+19	8.492521e+24	2.561133e-54
5.671244e-07	3.924413e+26	9.081992e-54	5.882601e-54	3.655789e-54	2.044956e+19	2.076739e+25	3.046491e-54
6.008982e-07	4.080354e+26	1.080311e-53	6.997409e-54	9.241985e-35	2.316895e+26	2.296575e+25	3.623829e-54
6.366834e-07	4.944060e+26	1.285040e-53	8.323483e-54	1.564815e-05	1.637399e+19	5.259936e+25	4.310578e-54
6.745997e-07	3.668605e+26	1.528567e-53	2.531020e+16	2.143514e-34	2.967735e+19	8.176504e+24	5.127473e-54
7.147740e-07	3.950658e+25	1.818245e-53	1.177716e-53	7.511434e-35	1.529981e+19	8.172970e+25	6.099177e-54
7.573408e-07	1.087337e+26	2.162819e-53	1.400905e-53	2.620531e-05	4.592058e+26	6.348306e+25	7.255027e-54
8.024426e-07	4.171793e+23	2.572694e-53	4.238598e+16	1.035591e-53	1.081183e-53	1.762288e+26	8.629922e-54
8.502303e-07	6.035571e+23	3.060243e-53	1.982185e-53	1.231845e-53	1.242112e+27	9.775534e+25	1.026537e-53
9.008639e-07	1.168356e+24	3.640187e-53	2.357828e-53	1.465291e-53	1.526327e+27	4.053146e+26	1.221076e-53
9.545129e-07	6.880840e+23	4.330037e-53	2.804658e-53	1.742977e-53	8.385772e+26	5.156951e+26	1.452481e-53
1.011357e-06	2.497072e-53	5.150619e-53	3.336167e-53	6.147024e-05	2.164564e-53	4.478704e+26	1.727739e-53
1.071586e-06	2.547662e+23	6.126709e-53	7.741529e+14	1.451374e-04	2.574769e-53	4.887931e+26	2.055162e-53
1.135402e-06	4.780085e+22	7.287777e-53	4.720450e-53	2.933561e-53	1.397257e+27	4.429084e+26	2.444634e-53
1.203018e-06	5.657456e+22	8.668878e-53	1.089897e+15	7.779634e-09	4.799980e+27	2.555183e+26	2.907915e-53
1.274661e-06	1.335782e+23	1.031171e-52	6.679117e-53	4.150790e-53	1.947220e+27	1.754443e+26	3.458992e-53
1.350571e-06	1.572916e+23	1.226588e-52	7.944871e-53	1.089744e-08	2.113163e+27	3.828871e+23	4.114502e-53
1.431001e-06	3.357026e+22	1.459037e-52	5.398709e+15	2.572947e-08	6.131650e-53	4.531648e+23	4.894239e-53
1.516222e-06	3.953282e+22	1.735538e-52	1.124146e-52	1.549221e-08	5.905181e+27	1.069968e+24	5.821742e-53
1.606517e-06	6.449744e+22	2.064439e-52	7.705282e+12	3.615888e-10	9.950722e+27	1.259913e+24	6.925017e-53
1.702189e-06	1.190533e-52	2.455669e-52	9.080337e+12	4.258067e-10	3.547406e+27	2.396284e+23	8.237371e-53
1.803560e-06	1.416150e-52	2.921041e-52	3.206215e+13	1.005354e-09	4.177423e+27	2.836150e+23	9.798430e-53
1.910967e-06	6.437348e+20	3.474606e-52	9.434345e+09	6.144734e-10	1.475731e+28	1.661533e+24	1.165532e-52
2.024770e-06	2.003757e-52	4.133076e-52	2.677082e-52	2.493558e-11	4.521766e+27	9.925215e+22	1.386411e-52
2.145351e-06	2.383487e-52	4.916332e-52	3.924940e+10	5.858031e-11	2.066104e-52	2.343532e+23	1.649149e-52
2.273113e-06	2.488696e+19	5.848022e-52	2.682689e+06	6.946790e-11	2.109979e+28	5.491610e+23	1.961678e-52
2.408483e-06	8.284576e+17	6.956277e-52	6.302350e+06	5.777719e-13	3.720652e+28	3.402140e+22	2.333435e-52
2.551915e-06	1.936536e+18	8.274555e-52	7.421170e+06	2.030877e-12	3.477408e-52	1.343103e+23	2.775642e-52
2.703888e-06	2.989444e+16	9.842660e-52	1.014504e+01	7.999820e-13	6.988455e+27	1.580914e+23	3.301652e-52
2.864913e-06	5.240803e+16	1.170794e-51	2.365389e+01	6.735604e-15	8.374907e+27	1.000180e+22	3.927346e-52
3.035526e-06	2.077034e+16	1.392670e-51	4.561755e-07	1.184203e-14	8.024887e+27	2.515341e+22	4.671614e-52
3.216300e-06	4.667900e+14	1.656594e-51	7.997227e-07	5.535542e-18	4.633826e+28	1.097498e+22	5.556928e-52
3.407840e-06	7.315929e+11	1.970533e-51	3.138923e-07	2.587789e-17	3.639836e+27	8.821688e+20	6.610017e-52
3.610787e-06	5.697636e+11	2.343968e-51	5.714693e-17	4.280597e-24	1.158891e+27	5.154858e+20	7.862677e-52
3.825819e-06	5.749018e+08	2.788171e-51	4.467269e-17	9.905166e-24	2.708930e+27	9.755071e+19	9.352727e-52
4.053657e-06	4.595870e+03	3.316556e-51	2.135881e-32	1.432713e-27	3.189831e+27	4.560072e+19	1.112516e-51
4.295064e-06	1.071561e+04	3.945074e-51	6.250888e-33	3.340475e-27	9.094443e+27	1.098628e-51	1.323348e-51
4.550847e-06	7.753922e-03	4.692702e-51	3.039564e-51	2.997219e-31	4.460068e+27	5.498826e+16	1.574134e-51
4.821863e-06	1.165109e-11	5.582012e-51	3.615590e-51	6.988379e-31	1.014410e+28	1.610458e+17	1.872447e-51
5.109018e-06	2.035687e-11	6.639855e-51	4.300777e-51	2.672752e-51	1.986910e+27	2.678993e+15	2.227293e-51
5.413275e-06	7.243903e-23	7.898170e-51	5.115814e-51	3.179263e-51	6.799426e+27	1.125087e+13	2.649386e-51
5.735651e-06	4.554765e-51	9.394946e-51	6.085309e-51	3.781763e-51	1.322293e+28	4.724266e+09	3.151469e-51
6.077225e-06	5.417935e-51	1.117538e-50	7.238531e-51	4.498442e-51	4.696487e-51	8.253556e+09	3.748702e-51
6.439141e-06	6.444684e-51	1.329321e-50	8.610300e-51	5.350939e-51	6.950319e+27	8.551211e+05	4.459116e-51
6.822610e-06	7.666011e-51	1.581240e-50	1.024203e-50	6.364991e-51	3.015482e+26	1.216101e+02	5.304159e-51
7.228915e-06	9.118792e-51	1.880900e-50	1.218299e-50	7.571216e-51	7.904540e-51	8.574357e-05	6.309347e-51
7.659417e-06	1.084689e-50	2.237347e-50	1.449178e-50	9.006032e-51	2.044426e+26	2.447135e-13	7.505026e-51
8.115557e-06	1.290247e-50	2.661346e-50	1.723811e-50	1.071276e-50	3.191185e+26	2.838392e-13	8.927298e-51
8.598862e-06	1.534761e-50	3.165695e-50	2.050489e-50	1.274292e-50	4.080870e+26	7.754091e-24	1.061910e-50
9.110948e-06	1.825613e-50	3.765624e-50	2.439076e-50	1.515783e-50	4.127487e+25	1.048655e-50	1.263152e-50
9.653531e-06	2.171583e-50	4.479244e-50	2.901303e-50	1.803038e-50	4.413422e+25	1.247384e-50	1.502531e-50
1.022843e-05	2.583118e-50	5.328103e-50	3.451127e-50	2.144730e-50	9.576953e+23	1.483775e-50	1.787275e-50
1.083756e-05	3.072643e-50	6.337827e-50	4.105147e-50	2.551176e-50	3.372124e+24	1.764965e-50	2.125980e-50
1.148296e-05	3.654937e-50	7.538904e-50	4.883111e-50	3.034648e-50	4.410258e+23	2.099442e-50	2.528873e-50
1.216681e-05	4.347582e-50	8.967597e-50	5.808505e-50	3.609741e-50	5.037605e+23	2.497305e-50	3.008118e-50
1.289137e-05	5.171489e-50	1.066704e-49	6.909271e-50	4.293821e-50	4.482857e-50	2.970568e-50	3.578184e-50
1.365909e-05	6.151534e-50	1.268854e-49	8.218642e-50	5.107540e-50	8.938110e+22	3.533518e-50	4.256283e-50
1.447253e-05	7.317306e-50	1.509314e-49	9.776151e-50	6.075466e-50	4.073022e+21	4.203153e-50	5.062888e-50
1.533441e-05	8.704004e-50	1.795343e-49	1.162882e-49	7.226823e-50	7.544985e-50	4.999689e-50	6.022352e-50
1.624762e-05	1.035349e-49	2.135577e-49	1.383259e-49	8.596373e-50	9.550915e+18	5.947176e-50	7.163644e-50
1.721521e-05	1.231558e-49	2.540289e-49	1.645400e-49	1.022547e-49	1.067564e-49	7.074221e-50	8.521221e-50
1.824042e-05	1.464949e-49	3.021697e-49	1.957218e-49	1.216329e-49	3.027648e+15	8.414852e-50	1.013607e-49
1.932669e-05	1.742571e-49	3.594336e-49	2.328129e-49	1.446834e-49	3.583448e+15	1.000954e-49	1.205695e-49
2.047765e-05	2.072804e-49	4.275496e-49	2.769331e-49	1.721023e-49	1.796791e-49	1.190645e-49	1.434185e-49
2.169715e-05	2.465619e-49	5.085742e-49	3.294145e-49	2.047172e-49	5.615288e+10	1.416283e-49	1.705977e-49
2.298928e-05	2.932877e-49	6.049538e-49	3.918416e-49	2.435130e-49	2.227043e+07	1.684681e-49	2.029275e-49
2.435835e-05	3.488685e-49	7.195981e-49	4.660992e-49	2.896610e-49	3.024134e-49	2.003944e-49	2.413842e-49
2.580896e-05	4.149823e-49	8.559686e-49	5.544293e-49	3.445545e-49	5.036434e-04	2.383710e-49	2.871287e-49
2.734596e-05	4.936252e-49	1.018183e-48	6.594988e-49	4.098507e-49	4.278945e-49	2.835445e-49	1.693955e-22
2.897449e-05	5.871718e-49	1.211138e-48	7.844799e-49	4.875212e-49	5.089844e-49	2.498765e-22	4.062677e-49
3.070000e-05	6.984463e-49	1.440659e-48	9.331462e-49	5.799110e-49	6.054417e-49	4.011963e-49	4.832592e-49
