# number of size bins = 100
# 0:size [cm], masses (1:Al2O3, 2:Fe, 3:Fe3O4, 4:MgSiO3, 5:Mg2SiO4, 6:AC, 7:SiO2) [g]
1.000000e-07	0.000000e+00	0.000000e+00	0.000000e+00	0.000000e+00	0.000000e+00	0.000000e+00	0.000000e+00
1.072267e-07	1.692103e+25	0.000000e+00	5.386041e+24	5.486957e+26	1.119325e+27	1.306372e+15	2.279951e+24
1.149757e-07	9.918593e+23	0.000000e+00	4.203388e+21	1.952754e+27	7.325075e+26	4.335464e+14	1.801221e+25
1.232847e-07	1.286084e+25	0.000000e+00	0.000000e+00	2.759701e+27	1.872971e+27	6.515839e+24	1.565051e+25
1.321941e-07	2.782049e+25	0.000000e+00	0.000000e+00	6.405286e+27	3.750986e+27	6.786377e+15	3.649130e+25
1.417474e-07	2.040743e+24	0.000000e+00	0.000000e+00	7.203184e+27	4.599302e+27	2.873936e+12	2.616075e+24
1.519911e-07	0.000000e+00	0.000000e+00	0.000000e+00	4.772279e+27	4.810612e+27	2.536821e+15	2.369983e+25
1.629751e-07	0.000000e+00	0.000000e+00	0.000000e+00	0.000000e+00	0.000000e+00	0.000000e+00	0.000000e+00
1.747528e-07	2.140841e+22	0.000000e+00	0.000000e+00	4.753783e+27	7.198935e+27	7.333084e+11	2.027288e+25
1.873817e-07	2.437836e+26	0.000000e+00	0.000000e+00	1.093394e+27	2.485270e+27	2.522082e+11	2.219350e+25
2.009233e-07	1.486698e+25	0.000000e+00	0.000000e+00	1.107957e+26	3.214824e+26	1.014493e+11	4.256677e+25
2.154435e-07	0.000000e+00	0.000000e+00	0.000000e+00	0.000000e+00	0.000000e+00	7.053025e+09	1.827499e+25
2.310130e-07	0.000000e+00	0.000000e+00	0.000000e+00	0.000000e+00	0.000000e+00	4.623020e+25	2.921121e+24
2.477076e-07	4.135037e+20	0.000000e+00	0.000000e+00	0.000000e+00	0.000000e+00	7.363961e+06	2.399992e+23
2.656088e-07	0.000000e+00	0.000000e+00	0.000000e+00	0.000000e+00	0.000000e+00	0.000000e+00	0.000000e+00
2.848036e-07	3.289203e+20	0.000000e+00	0.000000e+00	0.000000e+00	0.000000e+00	7.769404e+16	0.000000e+00
3.053856e-07	0.000000e+00	0.000000e+00	0.000000e+00	0.000000e+00	0.000000e+00	9.560493e+25	0.000000e+00
3.274549e-07	0.000000e+00	0.000000e+00	0.000000e+00	0.000000e+00	0.000000e+00	1.228315e+26	0.000000e+00
3.511192e-07	0.000000e+00	0.000000e+00	0.000000e+00	0.000000e+00	0.000000e+00	1.554426e+26	6.241950e+24
3.764936e-07	0.000000e+00	0.000000e+00	0.000000e+00	0.000000e+00	0.000000e+00	0.000000e+00	0.000000e+00
4.037017e-07	0.000000e+00	0.000000e+00	0.000000e+00	0.000000e+00	0.000000e+00	0.000000e+00	1.014895e+25
4.328761e-07	0.000000e+00	0.000000e+00	0.000000e+00	0.000000e+00	0.000000e+00	0.000000e+00	0.000000e+00
4.641589e-07	0.000000e+00	0.000000e+00	0.000000e+00	0.000000e+00	0.000000e+00	0.000000e+00	0.000000e+00
4.977024e-07	0.000000e+00	0.000000e+00	0.000000e+00	0.000000e+00	0.000000e+00	0.000000e+00	0.000000e+00
5.336699e-07	0.000000e+00	0.000000e+00	0.000000e+00	0.000000e+00	0.000000e+00	3.805281e+18	0.000000e+00
5.722368e-07	0.000000e+00	0.000000e+00	0.000000e+00	0.000000e+00	0.000000e+00	0.000000e+00	0.000000e+00
6.135907e-07	0.000000e+00	0.000000e+00	0.000000e+00	0.000000e+00	0.000000e+00	0.000000e+00	0.000000e+00
6.579332e-07	0.000000e+00	0.000000e+00	0.000000e+00	0.000000e+00	0.000000e+00	0.000000e+00	0.000000e+00
7.054802e-07	0.000000e+00	0.000000e+00	0.000000e+00	0.000000e+00	0.000000e+00	0.000000e+00	0.000000e+00
7.564633e-07	0.000000e+00	0.000000e+00	0.000000e+00	0.000000e+00	0.000000e+00	1.787323e+27	0.000000e+00
8.111308e-07	0.000000e+00	0.000000e+00	0.000000e+00	0.000000e+00	0.000000e+00	0.000000e+00	1.926233e+25
8.697490e-07	0.000000e+00	0.000000e+00	0.000000e+00	0.000000e+00	0.000000e+00	8.674610e+27	0.000000e+00
9.326033e-07	0.000000e+00	0.000000e+00	0.000000e+00	0.000000e+00	0.000000e+00	3.659208e+27	9.348799e+25
1.000000e-06	0.000000e+00	0.000000e+00	0.000000e+00	0.000000e+00	0.000000e+00	0.000000e+00	3.943601e+25
1.072267e-06	0.000000e+00	0.000000e+00	0.000000e+00	0.000000e+00	0.000000e+00	0.000000e+00	0.000000e+00
1.149757e-06	0.000000e+00	0.000000e+00	0.000000e+00	0.000000e+00	0.000000e+00	0.000000e+00	0.000000e+00
1.232847e-06	0.000000e+00	0.000000e+00	0.000000e+00	0.000000e+00	0.000000e+00	0.000000e+00	0.000000e+00
1.321941e-06	0.000000e+00	0.000000e+00	0.000000e+00	0.000000e+00	0.000000e+00	3.406367e+28	1.713580e+25
1.417474e-06	0.000000e+00	0.000000e+00	0.000000e+00	0.000000e+00	0.000000e+00	2.878703e+28	4.337300e+25
1.519911e-06	0.000000e+00	0.000000e+00	0.000000e+00	0.000000e+00	0.000000e+00	0.000000e+00	5.516621e+25
1.629751e-06	0.000000e+00	0.000000e+00	0.000000e+00	0.000000e+00	0.000000e+00	0.000000e+00	0.000000e+00
1.747528e-06	0.000000e+00	0.000000e+00	0.000000e+00	0.000000e+00	0.000000e+00	0.000000e+00	0.000000e+00
1.873817e-06	0.000000e+00	0.000000e+00	0.000000e+00	0.000000e+00	0.000000e+00	1.608020e+29	0.000000e+00
2.009233e-06	0.000000e+00	0.000000e+00	0.000000e+00	0.000000e+00	0.000000e+00	0.000000e+00	4.374754e+25
2.154435e-06	0.000000e+00	0.000000e+00	0.000000e+00	0.000000e+00	0.000000e+00	5.255847e+28	0.000000e+00
2.310130e-06	0.000000e+00	0.000000e+00	0.000000e+00	0.000000e+00	0.000000e+00	1.995483e+29	0.000000e+00
2.477076e-06	0.000000e+00	0.000000e+00	0.000000e+00	0.000000e+00	0.000000e+00	0.000000e+00	7.485145e+24
2.656088e-06	0.000000e+00	0.000000e+00	0.000000e+00	0.000000e+00	0.000000e+00	2.918424e+29	2.525341e+24
2.848036e-06	0.000000e+00	0.000000e+00	0.000000e+00	0.000000e+00	0.000000e+00	0.000000e+00	0.000000e+00
3.053856e-06	0.000000e+00	0.000000e+00	0.000000e+00	0.000000e+00	0.000000e+00	0.000000e+00	1.924185e+23
3.274549e-06	0.000000e+00	0.000000e+00	0.000000e+00	0.000000e+00	0.000000e+00	6.737819e+29	7.293332e+23
3.511192e-06	0.000000e+00	0.000000e+00	0.000000e+00	0.000000e+00	0.000000e+00	5.514281e+29	0.000000e+00
3.764936e-06	0.000000e+00	0.000000e+00	7.572395e-37	4.705925e-37	4.913104e-37	1.762234e+29	6.541446e+22
4.037017e-06	0.000000e+00	0.000000e+00	0.000000e+00	0.000000e+00	0.000000e+00	8.234899e+29	0.000000e+00
4.328761e-06	0.000000e+00	0.000000e+00	3.163236e-36	1.965818e-36	2.052363e-36	0.000000e+00	5.838951e+20
4.641589e-06	0.000000e+00	0.000000e+00	0.000000e+00	0.000000e+00	0.000000e+00	0.000000e+00	0.000000e+00
4.977024e-06	0.000000e+00	0.000000e+00	0.000000e+00	0.000000e+00	0.000000e+00	9.324076e+29	1.609720e+18
5.336699e-06	1.513502e-36	0.000000e+00	0.000000e+00	0.000000e+00	0.000000e+00	7.606589e+29	8.131654e+18
5.722368e-06	4.945835e-36	0.000000e+00	0.000000e+00	9.764496e-36	1.019438e-35	3.469967e+29	6.324978e+15
6.135907e-06	1.049985e-35	0.000000e+00	0.000000e+00	0.000000e+00	0.000000e+00	2.969538e+29	0.000000e+00
6.579332e-06	0.000000e+00	0.000000e+00	0.000000e+00	0.000000e+00	0.000000e+00	5.174160e+29	4.914213e+11
7.054802e-06	0.000000e+00	0.000000e+00	0.000000e+00	0.000000e+00	0.000000e+00	0.000000e+00	0.000000e+00
7.564633e-06	0.000000e+00	0.000000e+00	0.000000e+00	0.000000e+00	0.000000e+00	3.286693e+29	0.000000e+00
8.111308e-06	0.000000e+00	0.000000e+00	0.000000e+00	0.000000e+00	0.000000e+00	1.883515e+29	0.000000e+00
8.697490e-06	0.000000e+00	0.000000e+00	0.000000e+00	0.000000e+00	0.000000e+00	7.650854e+28	9.388572e-03
9.326033e-06	0.000000e+00	0.000000e+00	2.557315e-35	1.059432e-34	1.106074e-34	0.000000e+00	1.545971e-10
1.000000e-05	1.631122e-34	0.000000e+00	5.668965e-35	1.601628e-34	1.672140e-34	1.083435e+28	9.203350e-22
1.072267e-05	1.506583e-34	0.000000e+00	1.057629e-34	2.390534e-34	1.593278e-34	1.975042e+28	0.000000e+00
1.149757e-05	0.000000e+00	0.000000e+00	0.000000e+00	0.000000e+00	0.000000e+00	0.000000e+00	0.000000e+00
1.232847e-05	0.000000e+00	0.000000e+00	0.000000e+00	0.000000e+00	0.000000e+00	5.936728e+27	2.943273e-34
1.321941e-05	1.293599e-34	0.000000e+00	2.318776e-34	2.981869e-34	3.113147e-34	1.387245e+27	0.000000e+00
1.417474e-05	2.218624e-34	0.000000e+00	3.783368e-34	4.488912e-34	2.454716e-34	2.472071e+26	5.513210e-34
1.519911e-05	3.619958e-34	0.000000e+00	1.176545e-34	3.711922e-34	3.875339e-34	1.788179e+25	5.564741e-34
1.629751e-05	5.714944e-34	0.000000e+00	2.557844e-34	5.724960e-34	5.977002e-34	8.398335e+23	8.199620e-34
1.747528e-05	8.814256e-34	0.000000e+00	0.000000e+00	8.677852e-34	9.059896e-34	4.998002e+22	7.231544e-34
1.873817e-05	0.000000e+00	0.000000e+00	0.000000e+00	0.000000e+00	0.000000e+00	0.000000e+00	0.000000e+00
2.009233e-05	1.336059e-33	0.000000e+00	0.000000e+00	0.000000e+00	5.240616e-34	0.000000e+00	1.081602e-33
2.154435e-05	0.000000e+00	0.000000e+00	0.000000e+00	6.314068e-34	0.000000e+00	0.000000e+00	6.804635e-34
2.310130e-05	0.000000e+00	0.000000e+00	0.000000e+00	0.000000e+00	0.000000e+00	0.000000e+00	0.000000e+00
2.477076e-05	0.000000e+00	0.000000e+00	0.000000e+00	0.000000e+00	0.000000e+00	0.000000e+00	0.000000e+00
2.656088e-05	0.000000e+00	0.000000e+00	0.000000e+00	0.000000e+00	0.000000e+00	0.000000e+00	0.000000e+00
2.848036e-05	1.694749e-23	0.000000e+00	2.264237e-23	2.807221e-23	2.930809e-23	1.617402e+00	2.339351e-23
3.053856e-05	0.000000e+00	0.000000e+00	0.000000e+00	0.000000e+00	0.000000e+00	0.000000e+00	0.000000e+00
3.274549e-05	0.000000e+00	0.000000e+00	0.000000e+00	0.000000e+00	0.000000e+00	0.000000e+00	0.000000e+00
3.511192e-05	0.000000e+00	0.000000e+00	0.000000e+00	0.000000e+00	0.000000e+00	0.000000e+00	0.000000e+00
3.764936e-05	0.000000e+00	0.000000e+00	0.000000e+00	0.000000e+00	0.000000e+00	0.000000e+00	0.000000e+00
4.037017e-05	0.000000e+00	0.000000e+00	0.000000e+00	0.000000e+00	0.000000e+00	0.000000e+00	0.000000e+00
4.328761e-05	0.000000e+00	0.000000e+00	0.000000e+00	0.000000e+00	0.000000e+00	0.000000e+00	0.000000e+00
4.641589e-05	0.000000e+00	0.000000e+00	0.000000e+00	0.000000e+00	0.000000e+00	0.000000e+00	0.000000e+00
4.977024e-05	0.000000e+00	0.000000e+00	0.000000e+00	0.000000e+00	0.000000e+00	0.000000e+00	0.000000e+00
5.336699e-05	0.000000e+00	0.000000e+00	0.000000e+00	0.000000e+00	0.000000e+00	0.000000e+00	0.000000e+00
5.722368e-05	0.000000e+00	0.000000e+00	0.000000e+00	0.000000e+00	0.000000e+00	0.000000e+00	0.000000e+00
6.135907e-05	0.000000e+00	0.000000e+00	0.000000e+00	0.000000e+00	0.000000e+00	0.000000e+00	0.000000e+00
6.579332e-05	0.000000e+00	0.000000e+00	0.000000e+00	0.000000e+00	0.000000e+00	0.000000e+00	0.000000e+00
7.054802e-05	0.000000e+00	0.000000e+00	0.000000e+00	0.000000e+00	0.000000e+00	0.000000e+00	0.000000e+00
7.564633e-05	0.000000e+00	0.000000e+00	0.000000e+00	0.000000e+00	0.000000e+00	0.000000e+00	0.000000e+00
8.111308e-05	0.000000e+00	0.000000e+00	0.000000e+00	0.000000e+00	0.000000e+00	0.000000e+00	0.000000e+00
8.697490e-05	0.000000e+00	0.000000e+00	0.000000e+00	0.000000e+00	0.000000e+00	0.000000e+00	0.000000e+00
9.326033e-05	0.000000e+00	0.000000e+00	0.000000e+00	0.000000e+00	0.000000e+00	0.000000e+00	0.000000e+00
1.000000e-04	1.792754e+27	0.000000e+00	4.353634e+27	1.449140e+29	1.421956e+29	4.325863e+24	1.144992e+28
