# number of size bins = 587
# 0:size [cm], masses (1:Al2O3, 2:Fe, 3:Fe3O4, 4:MgSiO3, 5:Mg2SiO4, 6:AC, 7:SiO2) [g]
1.000000e-07	2.236422e+29	1.157281e+19	1.124349e+25	2.393664e+26	1.704331e+26	1.386570e-56	1.311081e+25
3.000000e-07	2.308992e+31	1.344343e-54	4.911381e+26	5.848189e+24	1.755900e+30	9.447714e+30	4.509504e-55
5.000000e-07	2.550695e+31	6.223809e-54	3.757141e+30	9.927080e+25	2.725157e+31	7.886402e+18	2.087733e-54
7.000000e-07	4.811992e+30	1.707813e-53	6.927910e+31	4.523936e+25	7.379612e+31	4.755935e-54	5.728740e-54
9.000000e-07	3.009801e+29	3.629725e-53	1.980476e+32	3.176531e+24	8.423222e+31	1.010810e-53	1.217566e-53
1.100000e-06	5.245463e+27	6.627111e-53	2.421318e+32	6.471849e+22	5.767647e+31	1.845525e-53	2.223018e-53
1.300000e-06	1.508116e+25	1.093897e-52	1.825810e+32	4.077046e+20	3.771578e+31	3.046294e-53	3.669400e-53
1.500000e-06	2.790416e+21	1.680428e-52	9.498674e+31	6.124387e+17	1.684655e+31	4.679674e-53	5.636880e-53
1.700000e-06	6.026906e+15	2.446206e-52	4.581610e+31	1.550991e+14	7.231305e+30	6.812219e-53	8.205627e-53
1.900000e-06	5.758971e+06	3.415128e-52	1.750009e+31	3.116891e+09	2.405075e+30	1.082606e-36	1.145581e-52
2.100000e-06	3.067843e-09	4.611095e-52	5.655724e+30	2.182435e+03	6.664442e+29	3.260018e-19	1.546760e-52
2.300000e-06	2.756036e-37	6.058006e-52	1.627474e+30	1.186123e-05	1.538395e+29	8.009662e-09	2.032116e-52
2.500000e-06	3.771707e-52	7.779761e-52	3.758928e+29	4.359691e-17	2.840073e+28	8.533622e-02	2.609667e-52
2.700000e-06	4.751264e-52	9.800258e-52	7.039059e+28	3.367107e-33	4.052368e+27	1.000666e+04	3.287428e-52
2.900000e-06	5.887242e-52	1.214340e-51	1.028403e+28	4.888102e-52	4.281850e+26	7.543135e+07	4.073418e-52
3.100000e-06	7.191227e-52	1.483308e-51	1.171770e+27	5.970784e-52	3.237784e+25	7.089170e+10	4.975653e-52
3.300000e-06	8.674805e-52	1.789320e-51	9.768499e+25	7.202580e-52	1.628119e+24	1.781039e+13	6.002150e-52
3.500000e-06	1.034956e-51	2.134766e-51	5.624937e+24	8.593110e-52	5.376829e+22	1.391226e+15	7.160925e-52
3.700000e-06	1.222709e-51	2.522037e-51	2.133181e+23	1.015200e-51	1.004490e+21	7.117279e+16	8.459996e-52
3.900000e-06	1.431897e-51	2.953521e-51	5.019176e+21	1.188886e-51	9.741975e+18	1.770427e+18	9.907380e-52
4.100000e-06	1.663679e-51	3.431609e-51	6.528486e+19	1.381331e-51	4.209482e+16	2.787489e+19	1.151109e-51
4.300000e-06	1.919213e-51	3.958691e-51	4.238148e+17	1.593498e-51	6.999879e+13	3.134519e+20	1.327915e-51
4.500000e-06	2.199659e-51	4.537156e-51	1.213123e+15	1.826349e-51	3.518481e+10	2.579976e+21	1.521958e-51
4.700000e-06	2.506175e-51	5.169396e-51	1.142361e+12	2.080845e-51	3.777963e+06	1.609410e+22	1.734038e-51
4.900000e-06	2.839920e-51	5.857799e-51	3.150731e+08	2.357949e-51	6.228208e+01	8.641950e+22	1.964958e-51
5.100000e-06	3.202052e-51	6.604755e-51	1.701525e+04	2.658623e-51	8.704951e-05	3.744477e+23	2.215519e-51
5.300000e-06	3.593731e-51	7.412656e-51	1.180899e-01	2.983828e-51	4.812923e-12	1.468352e+24	2.486524e-51
5.500000e-06	4.016113e-51	8.283889e-51	5.967340e-08	3.334528e-51	3.422798e-21	4.808007e+24	2.778773e-51
5.700000e-06	4.470360e-51	9.220846e-51	9.673082e-16	3.711682e-51	7.524847e-33	1.481948e+25	3.093069e-51
5.900000e-06	4.957628e-51	1.022592e-50	1.588205e-25	4.116255e-51	4.297474e-51	3.758176e+25	3.430213e-51
6.100000e-06	5.479077e-51	1.130149e-50	5.402531e-38	4.549208e-51	4.749487e-51	9.844183e+25	3.791006e-51
6.300000e-06	6.035865e-51	1.244996e-50	8.064105e-51	5.011502e-51	5.232134e-51	2.272914e+26	4.176252e-51
6.500000e-06	6.629152e-51	1.367371e-50	8.856755e-51	5.504100e-51	5.746419e-51	4.841091e+26	4.586750e-51
6.700000e-06	7.260095e-51	1.497513e-50	9.699714e-51	6.027964e-51	6.293346e-51	9.949595e+26	5.023303e-51
6.900000e-06	7.929854e-51	1.635662e-50	1.059453e-50	6.584056e-51	6.873920e-51	1.851063e+27	5.486713e-51
7.100000e-06	8.639586e-51	1.782056e-50	1.154276e-50	7.173338e-51	7.489145e-51	3.606151e+27	5.977782e-51
7.300000e-06	9.390452e-51	1.936934e-50	1.254594e-50	7.796772e-51	8.140026e-51	6.150368e+27	6.497310e-51
7.500000e-06	1.018361e-50	2.100535e-50	1.360562e-50	8.455320e-51	8.827567e-51	1.070360e+28	7.046100e-51
7.700000e-06	1.102022e-50	2.273099e-50	1.472335e-50	9.149944e-51	9.552771e-51	1.697841e+28	7.624953e-51
7.900000e-06	1.190143e-50	2.454864e-50	1.590068e-50	9.881606e-51	1.031664e-50	2.640205e+28	8.234671e-51
8.100000e-06	1.282841e-50	2.646070e-50	1.713916e-50	1.065127e-50	1.112019e-50	4.134297e+28	8.876056e-51
8.300000e-06	1.380232e-50	2.846954e-50	1.844034e-50	1.145989e-50	1.196442e-50	6.079185e+28	9.549910e-51
8.500000e-06	1.482432e-50	3.057757e-50	1.980575e-50	1.230844e-50	1.285032e-50	9.208917e+28	1.025703e-50
8.700000e-06	1.589555e-50	3.278717e-50	2.123696e-50	1.319787e-50	1.377891e-50	1.210165e+29	1.099823e-50
8.900000e-06	1.701719e-50	3.510074e-50	2.273550e-50	1.412916e-50	1.475120e-50	1.864897e+29	1.177430e-50
9.100000e-06	1.819039e-50	3.752065e-50	2.430293e-50	1.510325e-50	1.576817e-50	2.366450e+29	1.258604e-50
9.300000e-06	1.941631e-50	4.004931e-50	2.594080e-50	1.612112e-50	1.683085e-50	3.168143e+29	1.343426e-50
9.500000e-06	2.069611e-50	4.268910e-50	2.765065e-50	1.718372e-50	1.794023e-50	3.987649e+29	1.431976e-50
9.700000e-06	2.203094e-50	4.544242e-50	2.943403e-50	1.829201e-50	1.909732e-50	5.650197e+29	1.524334e-50
9.900000e-06	2.342197e-50	4.831164e-50	3.129249e-50	1.944696e-50	2.030312e-50	6.425218e+29	1.620580e-50
1.010000e-05	2.487036e-50	5.129917e-50	3.322758e-50	2.064954e-50	2.155864e-50	8.715255e+29	1.720795e-50
1.030000e-05	2.637725e-50	5.440739e-50	3.524084e-50	2.190070e-50	2.286488e-50	1.042525e+30	1.825058e-50
1.050000e-05	2.794382e-50	5.763869e-50	3.733382e-50	2.320140e-50	2.422284e-50	1.276076e+30	1.933450e-50
1.070000e-05	2.957122e-50	6.099547e-50	3.950808e-50	2.455261e-50	2.563354e-50	1.434657e+30	2.046050e-50
1.090000e-05	3.126061e-50	6.448010e-50	4.176515e-50	2.595528e-50	2.709797e-50	1.919783e+30	2.162940e-50
1.110000e-05	3.301314e-50	6.809499e-50	4.410659e-50	2.741039e-50	2.861713e-50	2.085633e+30	2.284199e-50
1.130000e-05	3.482998e-50	7.184252e-50	4.653395e-50	2.891889e-50	3.019205e-50	2.322175e+30	2.409907e-50
1.150000e-05	3.671229e-50	7.572508e-50	4.904876e-50	3.048174e-50	3.182370e-50	2.985733e+30	2.540145e-50
1.170000e-05	3.866121e-50	7.974506e-50	5.165259e-50	3.209991e-50	3.351311e-50	3.233242e+30	2.674993e-50
1.190000e-05	4.067792e-50	8.390486e-50	5.434698e-50	3.377436e-50	3.526128e-50	3.656834e+30	2.814530e-50
1.210000e-05	4.276358e-50	8.820685e-50	5.713348e-50	3.550605e-50	3.706921e-50	4.065325e+30	2.958837e-50
1.230000e-05	4.491933e-50	9.265344e-50	6.001363e-50	3.729594e-50	3.893790e-50	4.672400e+30	3.107995e-50
1.250000e-05	4.714634e-50	9.724701e-50	6.298898e-50	3.914500e-50	4.086836e-50	4.929706e+30	3.262083e-50
1.270000e-05	4.944576e-50	1.019900e-49	6.606109e-50	4.105418e-50	4.286160e-50	5.141668e+30	3.421182e-50
1.290000e-05	5.181876e-50	1.068847e-49	6.923149e-50	4.302445e-50	4.491861e-50	6.471632e+30	3.585371e-50
1.310000e-05	5.426650e-50	1.119335e-49	7.250174e-50	4.505678e-50	4.704041e-50	6.662159e+30	3.754732e-50
1.330000e-05	5.679012e-50	1.171389e-49	7.587339e-50	4.715211e-50	4.922799e-50	7.233744e+30	3.929343e-50
1.350000e-05	5.939080e-50	1.225032e-49	7.934797e-50	4.931142e-50	5.148237e-50	7.644021e+30	4.109285e-50
1.370000e-05	6.206969e-50	1.280289e-49	8.292706e-50	5.153567e-50	5.380454e-50	8.391618e+30	4.294639e-50
1.390000e-05	6.482795e-50	1.337182e-49	8.661217e-50	5.382582e-50	5.619551e-50	8.407297e+30	4.485485e-50
1.410000e-05	6.766674e-50	1.395737e-49	9.040488e-50	5.618283e-50	5.865628e-50	9.143552e+30	4.681902e-50
1.430000e-05	7.058721e-50	1.455976e-49	9.430672e-50	5.860766e-50	6.118787e-50	9.518625e+30	4.883971e-50
1.450000e-05	7.359053e-50	1.517925e-49	9.831925e-50	6.110127e-50	6.379127e-50	1.019672e+31	5.091773e-50
1.470000e-05	7.667785e-50	1.581606e-49	1.024440e-49	6.366463e-50	6.646748e-50	1.031895e+31	5.305386e-50
1.490000e-05	7.985033e-50	1.647043e-49	1.066825e-49	6.629871e-50	6.921752e-50	1.087774e+31	5.524892e-50
1.510000e-05	8.310913e-50	1.714261e-49	1.110364e-49	6.900445e-50	7.204238e-50	1.142373e+31	5.750371e-50
1.530000e-05	8.645541e-50	1.783284e-49	1.155071e-49	7.178282e-50	7.494307e-50	1.142522e+31	5.981902e-50
1.550000e-05	8.989033e-50	1.854135e-49	1.200963e-49	7.463479e-50	7.792060e-50	1.202221e+31	6.219566e-50
1.570000e-05	9.341505e-50	1.926838e-49	1.248054e-49	7.756132e-50	8.097597e-50	1.235178e+31	6.463443e-50
1.590000e-05	9.703072e-50	2.001417e-49	1.296361e-49	8.056337e-50	8.411018e-50	1.249416e+31	6.713614e-50
1.610000e-05	1.007385e-49	2.077896e-49	1.345898e-49	8.364190e-50	8.732424e-50	1.261290e+31	6.970158e-50
1.630000e-05	1.045396e-49	2.156299e-49	1.396681e-49	8.679787e-50	9.061916e-50	1.266100e+31	7.233156e-50
1.650000e-05	1.084351e-49	2.236650e-49	1.448726e-49	9.003224e-50	9.399593e-50	1.289097e+31	7.502687e-50
1.670000e-05	1.124261e-49	2.318973e-49	1.502048e-49	9.334599e-50	9.745556e-50	1.308621e+31	7.778832e-50
1.690000e-05	1.165140e-49	2.403291e-49	1.556663e-49	9.674006e-50	1.009991e-49	1.310722e+31	8.061672e-50
1.710000e-05	1.206997e-49	2.489629e-49	1.612586e-49	1.002154e-49	1.046274e-49	1.258195e+31	8.351285e-50
1.730000e-05	1.249845e-49	2.578010e-49	1.669832e-49	1.037730e-49	1.083417e-49	1.413346e+31	8.647754e-50
1.750000e-05	1.293695e-49	2.668458e-49	1.728418e-49	1.074139e-49	1.121428e-49	1.306647e+31	8.951156e-50
1.770000e-05	1.338560e-49	2.760998e-49	1.788358e-49	1.111389e-49	1.160318e-49	1.318045e+31	9.261574e-50
1.790000e-05	1.384449e-49	2.855652e-49	1.849667e-49	1.149490e-49	1.200097e-49	1.277567e+31	9.579086e-50
1.810000e-05	1.431376e-49	2.952446e-49	1.912363e-49	1.188453e-49	1.240775e-49	1.315174e+31	9.903774e-50
1.830000e-05	1.479351e-49	3.051402e-49	1.976459e-49	1.228286e-49	1.282362e-49	1.338907e+31	1.023572e-49
1.850000e-05	1.528386e-49	3.152546e-49	2.041972e-49	1.268999e-49	1.324867e-49	1.315520e+31	1.057500e-49
1.870000e-05	1.578493e-49	3.255900e-49	2.108916e-49	1.310603e-49	1.368302e-49	1.274217e+31	1.092169e-49
1.890000e-05	1.629684e-49	3.361488e-49	2.177308e-49	1.353105e-49	1.412676e-49	1.225396e+31	1.127588e-49
1.910000e-05	1.681969e-49	3.469336e-49	2.247163e-49	1.396517e-49	1.457999e-49	1.353996e+31	1.163764e-49
1.930000e-05	1.735361e-49	3.579465e-49	2.318497e-49	1.440848e-49	1.504282e-49	1.153260e+31	1.200707e-49
1.950000e-05	1.789871e-49	3.691901e-49	2.391324e-49	1.486107e-49	1.551533e-49	1.281926e+31	1.238422e-49
1.970000e-05	1.845511e-49	3.806667e-49	2.465660e-49	1.532304e-49	1.599764e-49	1.157584e+31	1.276920e-49
1.990000e-05	1.902292e-49	3.923787e-49	2.541521e-49	1.579449e-49	1.648984e-49	1.231889e+31	1.316207e-49
2.010000e-05	1.960226e-49	4.043285e-49	2.618923e-49	1.627550e-49	1.699203e-49	1.156218e+31	1.356292e-49
2.030000e-05	2.019324e-49	4.165185e-49	2.697880e-49	1.676619e-49	1.750432e-49	1.078420e+31	1.397182e-49
2.050000e-05	2.079598e-49	4.289511e-49	2.778409e-49	1.726664e-49	1.802681e-49	1.136161e+31	1.438887e-49
2.070000e-05	2.141060e-49	4.416287e-49	2.860524e-49	1.777695e-49	1.855958e-49	1.062635e+31	1.481413e-49
2.090000e-05	2.203722e-49	4.545536e-49	2.944241e-49	1.829722e-49	1.910276e-49	1.076535e+31	1.524768e-49
2.110000e-05	2.267594e-49	4.677282e-49	3.029576e-49	1.882754e-49	1.965643e-49	1.080704e+31	1.568962e-49
2.130000e-05	2.332688e-49	4.811550e-49	3.116545e-49	1.936801e-49	2.022069e-49	1.014959e+31	1.614001e-49
2.150000e-05	2.399017e-49	4.948364e-49	3.205162e-49	1.991873e-49	2.079565e-49	9.319282e+30	1.659894e-49
2.170000e-05	2.466591e-49	5.087746e-49	3.295443e-49	2.047979e-49	2.138141e-49	1.012211e+31	1.706649e-49
2.190000e-05	2.535422e-49	5.229721e-49	3.387403e-49	2.105128e-49	2.197807e-49	9.377801e+30	1.754274e-49
2.210000e-05	2.605522e-49	5.374314e-49	3.481059e-49	2.163331e-49	2.258572e-49	9.017723e+30	1.802776e-49
2.230000e-05	2.676902e-49	5.521547e-49	3.576425e-49	2.222598e-49	2.320448e-49	8.955373e+30	1.852165e-49
2.250000e-05	2.749574e-49	5.671446e-49	3.673517e-49	2.282936e-49	2.383443e-49	8.473512e+30	1.902447e-49
2.270000e-05	2.823550e-49	5.824032e-49	3.772351e-49	2.344357e-49	2.447568e-49	8.230920e+30	1.953631e-49
2.290000e-05	2.898841e-49	5.979332e-49	3.872942e-49	2.406870e-49	2.512833e-49	8.128173e+30	2.005725e-49
2.310000e-05	2.975458e-49	6.137368e-49	3.975305e-49	2.470485e-49	2.579248e-49	7.701436e+30	2.058737e-49
2.330000e-05	3.053414e-49	6.298164e-49	4.079456e-49	2.535210e-49	2.646823e-49	7.433113e+30	2.112675e-49
2.350000e-05	3.132719e-49	6.461745e-49	4.185411e-49	2.601057e-49	2.715569e-49	7.197177e+30	2.167547e-49
2.370000e-05	3.213386e-49	6.628134e-49	4.293185e-49	2.668034e-49	2.785494e-49	7.201204e+30	2.223361e-49
2.390000e-05	3.295426e-49	6.797354e-49	4.402793e-49	2.736150e-49	2.856610e-49	6.714074e+30	2.280125e-49
2.410000e-05	3.378851e-49	6.969431e-49	4.514251e-49	2.805417e-49	2.928926e-49	6.673121e+30	2.337847e-49
2.430000e-05	3.463672e-49	7.144388e-49	4.627574e-49	2.875842e-49	3.002452e-49	6.294163e+30	2.396535e-49
2.450000e-05	3.549900e-49	7.322249e-49	4.742778e-49	2.947437e-49	3.077198e-49	5.926120e+30	2.456197e-49
2.470000e-05	3.637548e-49	7.503037e-49	4.859878e-49	3.020210e-49	3.153175e-49	6.137696e+30	2.516841e-49
2.490000e-05	3.726627e-49	7.686777e-49	4.978891e-49	3.094171e-49	3.230392e-49	5.735200e+30	2.578476e-49
2.510000e-05	3.817149e-49	7.873492e-49	5.099830e-49	3.169330e-49	3.308860e-49	5.119289e+30	2.641108e-49
2.530000e-05	3.909124e-49	8.063206e-49	5.222712e-49	3.245696e-49	3.388588e-49	5.201389e+30	2.704746e-49
2.550000e-05	4.002565e-49	8.255944e-49	5.347553e-49	3.323279e-49	3.469587e-49	5.395672e+30	2.769399e-49
2.570000e-05	4.097484e-49	8.451729e-49	5.474367e-49	3.402089e-49	3.551866e-49	4.911022e+30	2.835074e-49
2.590000e-05	4.193892e-49	8.650586e-49	5.603170e-49	3.482134e-49	3.635436e-49	4.559720e+30	2.901779e-49
2.610000e-05	4.291799e-49	8.852537e-49	5.733979e-49	3.563426e-49	3.720307e-49	4.413203e+30	2.969522e-49
2.630000e-05	4.391219e-49	9.057607e-49	5.866807e-49	3.645973e-49	3.806488e-49	4.026937e+30	3.038311e-49
2.650000e-05	4.492163e-49	9.265820e-49	6.001671e-49	3.729786e-49	3.893990e-49	4.447861e+30	3.108155e-49
2.670000e-05	4.594642e-49	9.477199e-49	6.138586e-49	3.814873e-49	3.982823e-49	3.708929e+30	3.179060e-49
2.690000e-05	4.698668e-49	9.691769e-49	6.277567e-49	3.901244e-49	4.072997e-49	3.817030e+30	3.251036e-49
2.710000e-05	4.804252e-49	9.909554e-49	6.418631e-49	3.988909e-49	4.164521e-49	3.718243e+30	3.324091e-49
2.730000e-05	4.911406e-49	1.013058e-48	6.561792e-49	4.077878e-49	4.257407e-49	3.629318e+30	3.398231e-49
2.750000e-05	5.020142e-49	1.035486e-48	6.707067e-49	4.168159e-49	4.351663e-49	3.336618e+30	3.473466e-49
2.770000e-05	5.130471e-49	1.058243e-48	6.854470e-49	4.259764e-49	4.447301e-49	3.186889e+30	3.549803e-49
2.790000e-05	5.242404e-49	1.081331e-48	7.004016e-49	4.352701e-49	4.544330e-49	2.884157e+30	3.627251e-49
2.810000e-05	5.355954e-49	1.104753e-48	7.155723e-49	4.446980e-49	4.642759e-49	2.942751e+30	3.705817e-49
2.830000e-05	5.471132e-49	1.128510e-48	7.309604e-49	4.542611e-49	4.742600e-49	2.920642e+30	3.785509e-49
2.850000e-05	5.587950e-49	1.152606e-48	7.465676e-49	4.639603e-49	4.843862e-49	2.622429e+30	3.866336e-49
2.870000e-05	5.706418e-49	1.177042e-48	7.623953e-49	4.737966e-49	4.946556e-49	2.379623e+30	3.948305e-49
2.890000e-05	5.826549e-49	1.201821e-48	7.784452e-49	4.837709e-49	5.050690e-49	2.599772e+30	4.031424e-49
2.910000e-05	5.948355e-49	1.226945e-48	7.947188e-49	4.938843e-49	5.156276e-49	2.256041e+30	4.115702e-49
2.930000e-05	6.071846e-49	1.252417e-48	8.112177e-49	5.041376e-49	5.263324e-49	2.222081e+30	4.201147e-49
2.950000e-05	6.197035e-49	1.278240e-48	8.279433e-49	5.145319e-49	5.371842e-49	1.987716e+30	4.287766e-49
2.970000e-05	6.323933e-49	1.304414e-48	8.448972e-49	5.250681e-49	5.481843e-49	2.053500e+30	4.375567e-49
2.990000e-05	6.452551e-49	1.330944e-48	8.620811e-49	5.357471e-49	5.593334e-49	1.998728e+30	4.464559e-49
3.010000e-05	6.582902e-49	1.357831e-48	8.794963e-49	5.465699e-49	5.706328e-49	1.732388e+30	4.554749e-49
3.030000e-05	6.714996e-49	1.385078e-48	8.971446e-49	5.575376e-49	5.820832e-49	1.739285e+30	4.646146e-49
3.050000e-05	6.848846e-49	1.412686e-48	9.150273e-49	5.686509e-49	5.936859e-49	1.726122e+30	4.738758e-49
3.070000e-05	6.984463e-49	1.440659e-48	9.331462e-49	5.799110e-49	6.054417e-49	1.548008e+30	4.832592e-49
3.090000e-05	7.121858e-49	1.469000e-48	9.515026e-49	5.913188e-49	6.173517e-49	1.469138e+30	4.927657e-49
3.110000e-05	7.261044e-49	1.497709e-48	9.700982e-49	6.028752e-49	6.294169e-49	1.421114e+30	5.023960e-49
3.130000e-05	7.402031e-49	1.526790e-48	9.889346e-49	6.145812e-49	6.416382e-49	1.353958e+30	5.121510e-49
3.150000e-05	7.544832e-49	1.556245e-48	1.008013e-48	6.264377e-49	6.540167e-49	1.264097e+30	5.220314e-49
3.170000e-05	7.689457e-49	1.586076e-48	1.027336e-48	6.384458e-49	6.665535e-49	1.196778e+30	5.320382e-49
3.190000e-05	7.835919e-49	1.616286e-48	1.046903e-48	6.506063e-49	6.792494e-49	1.178000e+30	5.421720e-49
3.210000e-05	7.984229e-49	1.646878e-48	1.066718e-48	6.629203e-49	6.921055e-49	1.089508e+30	5.524336e-49
3.230000e-05	8.134399e-49	1.677853e-48	1.086781e-48	6.753887e-49	7.051228e-49	9.968076e+29	5.628239e-49
3.250000e-05	8.286440e-49	1.709213e-48	1.107094e-48	6.880125e-49	7.183024e-49	9.940403e+29	5.733437e-49
3.270000e-05	8.440364e-49	1.740963e-48	1.127659e-48	7.007926e-49	7.316451e-49	8.982647e+29	5.839938e-49
3.290000e-05	8.596182e-49	1.773103e-48	1.148477e-48	7.137300e-49	7.451521e-49	9.410346e+29	5.947750e-49
3.310000e-05	8.753906e-49	1.805636e-48	1.169549e-48	7.268256e-49	7.588242e-49	8.313025e+29	6.056880e-49
3.330000e-05	8.913548e-49	1.838565e-48	1.190878e-48	7.400805e-49	7.726626e-49	7.830073e+29	6.167337e-49
3.350000e-05	9.075119e-49	1.871891e-48	1.212464e-48	7.534955e-49	7.866683e-49	7.477350e+29	6.279129e-49
3.370000e-05	9.238631e-49	1.905618e-48	1.234310e-48	7.670717e-49	8.008421e-49	6.961060e+29	6.392264e-49
3.390000e-05	9.404095e-49	1.939748e-48	1.256417e-48	7.808100e-49	8.151852e-49	6.744277e+29	6.506750e-49
3.410000e-05	9.571523e-49	1.974283e-48	1.278785e-48	7.947113e-49	8.296986e-49	6.066337e+29	6.622594e-49
3.430000e-05	9.740926e-49	2.009225e-48	1.301418e-48	8.087767e-49	8.443832e-49	6.182423e+29	6.739805e-49
3.450000e-05	9.912317e-49	2.044577e-48	1.324317e-48	8.230070e-49	8.592400e-49	5.346229e+29	6.858392e-49
3.470000e-05	1.008571e-48	2.080342e-48	1.347482e-48	8.374033e-49	8.742701e-49	5.293498e+29	6.978361e-49
3.490000e-05	1.026111e-48	2.116521e-48	1.370916e-48	8.519665e-49	8.894745e-49	5.036432e+29	7.099721e-49
3.510000e-05	1.043853e-48	2.153117e-48	1.394620e-48	8.666976e-49	9.048541e-49	4.972447e+29	7.222480e-49
3.530000e-05	1.061798e-48	2.190132e-48	1.418596e-48	8.815975e-49	9.204100e-49	4.506531e+29	7.346646e-49
3.550000e-05	1.079948e-48	2.227570e-48	1.442845e-48	8.966672e-49	9.361432e-49	4.166114e+29	7.472227e-49
3.570000e-05	1.098304e-48	2.265431e-48	1.467368e-48	9.119077e-49	9.520546e-49	4.016448e+29	7.599231e-49
3.590000e-05	1.116866e-48	2.303719e-48	1.492169e-48	9.273199e-49	9.681453e-49	3.727821e+29	7.727666e-49
3.610000e-05	1.135637e-48	2.342436e-48	1.517247e-48	9.429048e-49	9.844163e-49	3.628755e+29	7.857540e-49
3.630000e-05	1.154617e-48	2.381585e-48	1.542604e-48	9.586633e-49	1.000869e-48	3.263087e+29	7.988861e-49
3.650000e-05	1.173806e-48	2.421167e-48	1.568242e-48	9.745965e-49	1.017503e-48	3.232913e+29	8.121637e-49
3.670000e-05	1.193208e-48	2.461186e-48	1.594163e-48	9.907052e-49	1.034321e-48	2.693432e+29	8.255877e-49
3.690000e-05	1.212822e-48	2.501643e-48	1.620368e-48	1.006990e-48	1.051323e-48	2.972743e+29	8.391587e-49
3.710000e-05	1.232650e-48	2.542541e-48	1.646858e-48	1.023453e-48	1.068511e-48	2.614879e+29	8.528776e-49
3.730000e-05	1.252692e-48	2.583882e-48	1.673636e-48	1.040094e-48	1.085885e-48	2.445389e+29	8.667453e-49
3.750000e-05	1.272951e-48	2.625669e-48	1.700702e-48	1.056915e-48	1.103446e-48	2.338515e+29	8.807625e-49
3.770000e-05	1.293427e-48	2.667904e-48	1.728059e-48	1.073916e-48	1.121195e-48	2.186030e+29	8.949300e-49
3.790000e-05	1.314122e-48	2.710590e-48	1.755708e-48	1.091098e-48	1.139134e-48	2.000368e+29	9.092486e-49
3.810000e-05	1.335036e-48	2.753729e-48	1.783649e-48	1.108463e-48	1.157263e-48	1.934810e+29	9.237191e-49
3.830000e-05	1.356170e-48	2.797322e-48	1.811886e-48	1.126011e-48	1.175584e-48	1.806206e+29	9.383424e-49
3.850000e-05	1.377527e-48	2.841374e-48	1.840419e-48	1.143743e-48	1.194096e-48	1.674692e+29	9.531191e-49
3.870000e-05	1.399107e-48	2.885886e-48	1.869250e-48	1.161660e-48	1.212803e-48	1.530355e+29	9.680502e-49
3.890000e-05	1.420910e-48	2.930860e-48	1.898381e-48	1.179764e-48	1.231703e-48	1.510306e+29	9.831365e-49
3.910000e-05	1.442940e-48	2.976299e-48	1.927813e-48	1.198054e-48	1.250799e-48	1.357048e+29	9.983786e-49
3.930000e-05	1.465195e-48	3.022205e-48	1.957547e-48	1.216533e-48	1.270091e-48	1.301352e+29	1.013778e-48
3.950000e-05	1.487679e-48	3.068580e-48	1.987586e-48	1.235201e-48	1.289581e-48	1.257629e+29	1.029334e-48
3.970000e-05	1.510391e-48	3.115428e-48	2.017930e-48	1.254058e-48	1.309269e-48	1.120083e+29	1.045049e-48
3.990000e-05	1.533333e-48	3.162750e-48	2.048581e-48	1.273107e-48	1.329156e-48	1.092873e+29	1.060923e-48
4.010000e-05	1.556507e-48	3.210549e-48	2.079542e-48	1.292348e-48	1.349243e-48	9.880336e+28	1.076956e-48
4.030000e-05	1.579913e-48	3.258827e-48	2.110813e-48	1.311781e-48	1.369533e-48	9.358237e+28	1.093151e-48
4.050000e-05	1.603552e-48	3.307587e-48	2.142395e-48	1.331408e-48	1.390024e-48	8.237523e+28	1.109507e-48
4.070000e-05	1.627426e-48	3.356831e-48	2.174292e-48	1.351231e-48	1.410719e-48	8.737973e+28	1.126026e-48
4.090000e-05	1.651535e-48	3.406561e-48	2.206503e-48	1.371249e-48	1.431618e-48	7.465705e+28	1.142707e-48
4.110000e-05	1.675882e-48	3.456780e-48	2.239030e-48	1.391463e-48	1.452723e-48	7.151942e+28	1.159553e-48
4.130000e-05	1.700466e-48	3.507489e-48	2.271876e-48	1.411875e-48	1.474034e-48	6.498378e+28	1.176563e-48
4.150000e-05	1.725290e-48	3.558693e-48	2.305042e-48	1.432486e-48	1.495552e-48	6.546964e+28	1.193739e-48
4.170000e-05	1.750355e-48	3.610392e-48	2.338529e-48	1.453297e-48	1.517279e-48	5.649481e+28	1.211081e-48
4.190000e-05	1.775661e-48	3.662590e-48	2.372338e-48	1.474308e-48	1.539215e-48	5.485002e+28	1.228590e-48
4.210000e-05	1.801209e-48	3.715288e-48	2.406472e-48	1.495521e-48	1.561362e-48	5.050870e+28	1.246268e-48
4.230000e-05	1.827002e-48	3.768490e-48	2.440932e-48	1.516936e-48	1.583720e-48	4.637586e+28	1.264114e-48
4.250000e-05	1.853040e-48	3.822196e-48	2.475719e-48	1.538555e-48	1.606290e-48	4.138187e+28	1.282129e-48
4.270000e-05	1.879323e-48	3.876411e-48	2.510835e-48	1.560378e-48	1.629074e-48	4.278315e+28	1.300315e-48
4.290000e-05	1.905855e-48	3.931136e-48	2.546282e-48	1.582407e-48	1.652072e-48	3.777670e+28	1.318672e-48
4.310000e-05	1.932634e-48	3.986374e-48	2.582060e-48	1.604642e-48	1.675286e-48	3.486537e+28	1.337201e-48
4.330000e-05	1.959664e-48	4.042127e-48	2.618172e-48	1.627084e-48	1.698716e-48	3.303319e+28	1.355903e-48
4.350000e-05	1.986944e-48	4.098397e-48	2.654620e-48	1.649734e-48	1.722364e-48	3.148167e+28	1.374779e-48
4.370000e-05	2.014477e-48	4.155187e-48	2.691404e-48	1.672594e-48	1.746230e-48	2.695646e+28	1.393828e-48
4.390000e-05	2.042262e-48	4.212499e-48	2.728526e-48	1.695664e-48	1.770316e-48	2.731554e+28	1.413053e-48
4.410000e-05	2.070302e-48	4.270335e-48	2.765988e-48	1.718945e-48	1.794622e-48	2.319415e+28	1.432454e-48
4.430000e-05	2.098597e-48	4.328699e-48	2.803792e-48	1.742438e-48	1.819149e-48	2.376616e+28	1.452032e-48
4.450000e-05	2.127149e-48	4.387592e-48	2.841938e-48	1.766145e-48	1.843899e-48	2.004975e+28	1.471787e-48
4.470000e-05	2.155959e-48	4.447017e-48	2.880429e-48	1.790065e-48	1.868873e-48	2.114290e+28	1.491721e-48
4.490000e-05	2.185028e-48	4.506976e-48	2.919265e-48	1.814200e-48	1.894071e-48	1.820765e+28	1.511834e-48
4.510000e-05	2.214356e-48	4.567471e-48	2.958450e-48	1.838552e-48	1.919494e-48	1.684383e+28	1.532127e-48
4.530000e-05	2.243947e-48	4.628506e-48	2.997983e-48	1.863120e-48	1.945144e-48	1.559262e+28	1.552600e-48
4.550000e-05	2.273799e-48	4.690082e-48	3.037867e-48	1.887906e-48	1.971022e-48	1.442162e+28	1.573255e-48
4.570000e-05	2.303915e-48	4.752201e-48	3.078103e-48	1.912911e-48	1.997128e-48	1.261619e+28	1.594093e-48
4.590000e-05	2.334296e-48	4.814867e-48	3.118693e-48	1.938136e-48	2.023463e-48	1.354754e+28	1.615114e-48
4.610000e-05	2.364943e-48	4.878081e-48	3.159638e-48	1.963582e-48	2.050029e-48	1.078520e+28	1.636318e-48
4.630000e-05	2.395857e-48	4.941846e-48	3.200940e-48	1.989249e-48	2.076826e-48	1.063814e+28	1.657708e-48
4.650000e-05	2.427039e-48	5.006164e-48	3.242600e-48	2.015139e-48	2.103856e-48	1.027384e+28	1.679283e-48
4.670000e-05	2.458491e-48	5.071038e-48	3.284620e-48	2.041253e-48	2.131120e-48	9.112019e+27	1.701044e-48
4.690000e-05	2.490213e-48	5.136470e-48	3.327002e-48	2.067592e-48	2.158618e-48	8.319668e+27	1.722993e-48
4.710000e-05	2.522206e-48	5.202462e-48	3.369747e-48	2.094156e-48	2.186351e-48	7.382219e+27	1.745130e-48
4.730000e-05	2.554473e-48	5.269017e-48	3.412856e-48	2.120946e-48	2.214321e-48	7.722674e+27	1.767455e-48
4.750000e-05	2.587014e-48	5.336138e-48	3.456331e-48	2.147964e-48	2.242529e-48	6.464147e+27	1.789970e-48
4.770000e-05	2.619830e-48	5.403826e-48	3.500174e-48	2.175211e-48	2.270975e-48	6.115226e+27	1.812676e-48
4.790000e-05	2.652922e-48	5.472084e-48	3.544387e-48	2.202687e-48	2.299661e-48	5.687946e+27	1.835572e-48
4.810000e-05	2.686291e-48	5.540914e-48	3.588970e-48	2.230393e-48	2.328587e-48	5.149599e+27	1.858661e-48
4.830000e-05	2.719940e-48	5.610320e-48	3.633925e-48	2.258331e-48	2.357755e-48	4.917052e+27	1.881943e-48
4.850000e-05	2.753868e-48	5.680302e-48	3.679254e-48	2.286501e-48	2.387165e-48	4.372314e+27	1.905418e-48
4.870000e-05	2.788077e-48	5.750864e-48	3.724958e-48	2.314905e-48	2.416819e-48	4.068655e+27	1.929087e-48
4.890000e-05	2.822568e-48	5.822008e-48	3.771040e-48	2.343542e-48	2.446717e-48	3.830841e+27	1.952952e-48
4.910000e-05	2.857343e-48	5.893736e-48	3.817500e-48	2.372415e-48	2.476861e-48	3.286909e+27	1.977013e-48
4.930000e-05	2.892402e-48	5.966051e-48	3.864340e-48	2.401524e-48	2.507252e-48	3.275663e+27	2.001270e-48
4.950000e-05	2.927747e-48	6.038955e-48	3.911561e-48	2.430871e-48	2.537890e-48	2.805304e+27	2.025726e-48
4.970000e-05	2.963378e-48	6.112451e-48	3.959166e-48	2.460455e-48	2.568777e-48	2.727494e+27	2.050379e-48
4.990000e-05	2.999297e-48	6.186540e-48	4.007155e-48	2.490278e-48	2.599913e-48	2.499151e+27	2.075232e-48
5.010000e-05	3.035506e-48	6.261226e-48	4.055531e-48	2.520342e-48	2.631300e-48	2.263865e+27	2.100285e-48
5.030000e-05	3.072005e-48	6.336511e-48	4.104294e-48	2.550646e-48	2.662939e-48	2.086635e+27	2.125538e-48
5.050000e-05	3.108795e-48	6.412396e-48	4.153447e-48	2.581192e-48	2.694830e-48	1.938100e+27	2.150994e-48
5.070000e-05	3.145877e-48	6.488885e-48	4.202991e-48	2.611982e-48	2.726975e-48	1.640567e+27	2.176651e-48
5.090000e-05	3.183254e-48	6.565980e-48	4.252927e-48	2.643015e-48	2.759374e-48	1.653502e+27	2.202512e-48
5.110000e-05	3.220925e-48	6.643683e-48	4.303257e-48	2.674293e-48	2.792029e-48	1.534911e+27	2.228577e-48
5.130000e-05	3.258892e-48	6.721997e-48	4.353982e-48	2.705816e-48	2.824940e-48	1.332804e+27	2.254847e-48
5.150000e-05	3.297157e-48	6.800924e-48	4.405105e-48	2.737587e-48	2.858110e-48	1.251736e+27	2.281323e-48
5.170000e-05	3.335720e-48	6.880466e-48	4.456626e-48	2.769605e-48	2.891538e-48	1.094158e+27	2.308004e-48
5.190000e-05	3.374582e-48	6.960626e-48	4.508547e-48	2.801872e-48	2.925225e-48	9.845021e+26	2.334893e-48
5.210000e-05	3.413745e-48	7.041406e-48	4.560870e-48	2.834389e-48	2.959173e-48	9.854086e+26	2.361991e-48
5.230000e-05	3.453210e-48	7.122809e-48	4.613596e-48	2.867156e-48	2.993383e-48	9.047914e+26	2.389297e-48
5.250000e-05	3.492978e-48	7.204836e-48	4.666728e-48	2.900175e-48	3.027855e-48	7.613429e+26	2.416812e-48
5.270000e-05	3.533050e-48	7.287492e-48	4.720265e-48	2.933446e-48	3.062591e-48	7.418489e+26	2.444538e-48
5.290000e-05	3.573427e-48	7.370776e-48	4.774210e-48	2.966971e-48	3.097592e-48	6.830639e+26	2.472476e-48
5.310000e-05	3.614111e-48	7.454693e-48	4.828565e-48	3.000750e-48	3.132858e-48	6.025191e+26	2.500625e-48
5.330000e-05	3.655102e-48	7.539245e-48	4.883331e-48	3.034785e-48	3.168391e-48	5.559598e+26	2.528987e-48
5.350000e-05	3.696402e-48	7.624433e-48	4.938509e-48	3.069076e-48	3.204192e-48	4.921890e+26	2.557563e-48
5.370000e-05	3.738013e-48	7.710261e-48	4.994102e-48	3.103624e-48	3.240262e-48	4.629553e+26	2.586353e-48
5.390000e-05	3.779934e-48	7.796730e-48	5.050110e-48	3.138431e-48	3.276601e-48	4.197954e+26	2.615359e-48
5.410000e-05	3.822167e-48	7.883844e-48	5.106535e-48	3.173497e-48	3.313210e-48	3.610763e+26	2.644581e-48
5.430000e-05	3.864714e-48	7.971604e-48	5.163379e-48	3.208823e-48	3.350092e-48	3.794018e+26	2.674019e-48
5.450000e-05	3.907576e-48	8.060013e-48	5.220644e-48	3.244410e-48	3.387246e-48	3.070755e+26	2.703675e-48
5.470000e-05	3.950753e-48	8.149073e-48	5.278330e-48	3.280260e-48	3.424674e-48	2.801971e+26	2.733550e-48
5.490000e-05	3.994247e-48	8.238787e-48	5.336439e-48	3.316372e-48	3.462376e-48	2.727910e+26	2.763644e-48
5.510000e-05	4.038059e-48	8.329156e-48	5.394974e-48	3.352749e-48	3.500354e-48	2.361482e+26	2.793958e-48
5.530000e-05	4.082191e-48	8.420185e-48	5.453935e-48	3.389391e-48	3.538609e-48	2.169234e+26	2.824492e-48
5.550000e-05	4.126643e-48	8.511874e-48	5.513324e-48	3.426298e-48	3.577142e-48	1.938141e+26	2.855249e-48
5.570000e-05	4.171416e-48	8.604226e-48	5.573142e-48	3.463473e-48	3.615953e-48	1.737279e+26	2.886228e-48
5.590000e-05	4.216512e-48	8.697244e-48	5.633392e-48	3.500916e-48	3.655044e-48	1.697016e+26	2.917430e-48
5.610000e-05	4.261932e-48	8.790930e-48	5.694074e-48	3.538627e-48	3.694416e-48	1.367634e+26	2.948856e-48
5.630000e-05	4.307677e-48	8.885286e-48	5.755191e-48	3.576609e-48	3.734069e-48	1.450524e+26	2.980507e-48
5.650000e-05	4.353748e-48	8.980315e-48	5.816743e-48	3.614861e-48	3.774006e-48	1.199498e+26	3.012384e-48
5.670000e-05	4.400146e-48	9.076019e-48	5.878733e-48	3.653385e-48	3.814226e-48	1.113061e+26	3.044487e-48
5.690000e-05	4.446873e-48	9.172401e-48	5.941161e-48	3.692182e-48	3.854730e-48	9.353262e+25	3.076818e-48
5.710000e-05	4.493929e-48	9.269462e-48	6.004030e-48	3.731252e-48	3.895521e-48	8.921511e+25	3.109377e-48
5.730000e-05	4.541316e-48	9.367206e-48	6.067341e-48	3.770597e-48	3.936598e-48	8.728286e+25	3.142164e-48
5.750000e-05	4.589036e-48	9.465635e-48	6.131095e-48	3.810218e-48	3.977963e-48	6.938408e+25	3.175181e-48
5.770000e-05	4.637088e-48	9.564751e-48	6.195295e-48	3.850115e-48	4.019617e-48	6.871634e+25	3.208429e-48
5.790000e-05	4.685475e-48	9.664556e-48	6.259941e-48	3.890290e-48	4.061560e-48	5.875432e+25	3.241908e-48
5.810000e-05	4.734197e-48	9.765053e-48	6.325035e-48	3.930743e-48	4.103795e-48	5.814405e+25	3.275619e-48
5.830000e-05	4.783255e-48	9.866245e-48	6.390579e-48	3.971476e-48	4.146321e-48	4.607265e+25	3.309563e-48
5.850000e-05	4.832652e-48	9.968133e-48	6.456574e-48	4.012489e-48	4.189139e-48	4.660023e+25	3.343741e-48
5.870000e-05	4.882387e-48	1.007072e-47	6.523022e-48	4.053783e-48	4.232252e-48	3.865790e+25	3.378153e-48
5.890000e-05	4.932462e-48	1.017401e-47	6.589924e-48	4.095360e-48	4.275659e-48	3.696344e+25	3.412800e-48
5.910000e-05	4.982879e-48	1.027800e-47	6.657282e-48	4.137221e-48	4.319362e-48	3.336903e+25	3.447684e-48
5.930000e-05	5.033638e-48	1.038270e-47	6.725098e-48	4.179365e-48	4.363362e-48	2.881462e+25	3.482804e-48
5.950000e-05	5.084741e-48	1.048811e-47	6.793373e-48	4.221795e-48	4.407660e-48	2.666515e+25	3.518163e-48
5.970000e-05	5.136188e-48	1.059423e-47	6.862108e-48	4.264511e-48	4.452257e-48	2.344998e+25	3.553759e-48
5.990000e-05	5.187981e-48	1.070106e-47	6.931305e-48	4.307514e-48	4.497153e-48	2.091285e+25	3.589595e-48
6.010000e-05	5.240121e-48	1.080860e-47	7.000966e-48	4.350805e-48	4.542350e-48	1.952970e+25	3.625671e-48
6.030000e-05	5.292609e-48	1.091687e-47	7.071092e-48	4.394386e-48	4.587849e-48	1.715499e+25	3.661988e-48
6.050000e-05	5.345447e-48	1.102586e-47	7.141685e-48	4.438256e-48	4.633651e-48	1.467770e+25	3.698547e-48
6.070000e-05	5.398635e-48	1.113557e-47	7.212746e-48	4.482418e-48	4.679757e-48	1.509764e+25	3.735348e-48
6.090000e-05	5.452175e-48	1.124600e-47	7.284276e-48	4.526871e-48	4.726167e-48	1.221612e+25	3.772393e-48
6.110000e-05	5.506067e-48	1.135716e-47	7.356279e-48	4.571617e-48	4.772884e-48	1.056425e+25	3.809681e-48
6.130000e-05	5.560314e-48	1.146906e-47	7.428754e-48	4.616658e-48	4.819907e-48	1.067041e+25	3.847215e-48
6.150000e-05	5.614916e-48	1.158168e-47	7.501703e-48	4.661993e-48	4.867238e-48	8.966716e+24	3.884994e-48
6.170000e-05	5.669874e-48	1.169504e-47	7.575129e-48	4.707624e-48	4.914878e-48	8.041045e+24	3.923020e-48
6.190000e-05	5.725189e-48	1.180914e-47	7.649032e-48	4.753551e-48	4.962827e-48	7.169212e+24	3.961293e-48
6.210000e-05	5.780863e-48	1.192397e-47	7.723414e-48	4.799777e-48	5.011088e-48	6.352803e+24	3.999814e-48
6.230000e-05	5.836897e-48	1.203955e-47	7.798277e-48	4.846301e-48	5.059660e-48	5.802643e+24	4.038584e-48
6.250000e-05	5.893292e-48	1.215588e-47	7.873623e-48	4.893125e-48	5.108545e-48	5.200056e+24	4.077604e-48
6.270000e-05	5.950049e-48	1.227295e-47	7.949452e-48	4.940249e-48	5.157745e-48	4.425851e+24	4.116874e-48
6.290000e-05	6.007169e-48	1.239077e-47	8.025766e-48	4.987675e-48	5.207259e-48	4.337337e+24	4.156396e-48
6.310000e-05	6.064653e-48	1.250934e-47	8.102567e-48	5.035404e-48	5.257088e-48	3.531000e+24	4.196170e-48
6.330000e-05	6.122503e-48	1.262866e-47	8.179856e-48	5.083436e-48	5.307235e-48	3.456856e+24	4.236197e-48
6.350000e-05	6.180720e-48	1.274874e-47	8.257636e-48	5.131773e-48	5.357700e-48	2.885584e+24	4.276477e-48
6.370000e-05	6.239305e-48	1.286958e-47	8.335907e-48	5.180415e-48	5.408483e-48	2.564533e+24	4.317012e-48
6.390000e-05	6.298258e-48	1.299119e-47	8.414671e-48	5.229363e-48	5.459587e-48	2.364240e+24	4.357803e-48
6.410000e-05	6.357582e-48	1.311355e-47	8.493929e-48	5.278619e-48	5.511011e-48	1.994015e+24	4.398849e-48
6.430000e-05	6.417277e-48	1.323668e-47	8.573684e-48	5.328183e-48	5.562757e-48	1.850949e+24	4.440153e-48
6.450000e-05	6.477345e-48	1.336058e-47	8.653936e-48	5.378057e-48	5.614827e-48	1.654204e+24	4.481714e-48
6.470000e-05	6.537787e-48	1.348525e-47	8.734688e-48	5.428241e-48	5.667220e-48	1.408648e+24	4.523534e-48
6.490000e-05	6.598603e-48	1.361070e-47	8.815940e-48	5.478736e-48	5.719938e-48	1.290041e+24	4.565613e-48
6.510000e-05	6.659795e-48	1.373691e-47	8.897695e-48	5.529543e-48	5.772982e-48	1.129190e+24	4.607952e-48
6.530000e-05	6.721364e-48	1.386391e-47	8.979953e-48	5.580663e-48	5.826352e-48	1.069628e+24	4.650552e-48
6.550000e-05	6.783312e-48	1.399169e-47	9.062717e-48	5.632097e-48	5.880051e-48	9.003629e+23	4.693414e-48
6.570000e-05	6.845639e-48	1.412025e-47	9.145988e-48	5.683847e-48	5.934079e-48	8.121024e+23	4.736539e-48
6.590000e-05	6.908347e-48	1.424959e-47	9.229768e-48	5.735912e-48	5.988437e-48	7.087982e+23	4.779927e-48
6.610000e-05	6.971437e-48	1.437973e-47	9.314058e-48	5.788295e-48	6.043125e-48	6.224106e+23	4.823579e-48
6.630000e-05	7.034909e-48	1.451065e-47	9.398859e-48	5.840995e-48	6.098146e-48	5.558346e+23	4.867496e-48
6.650000e-05	7.098766e-48	1.464236e-47	9.484173e-48	5.894014e-48	6.153499e-48	4.944268e+23	4.911679e-48
6.670000e-05	7.163007e-48	1.477487e-47	9.570002e-48	5.947353e-48	6.209187e-48	4.020946e+23	4.956128e-48
6.690000e-05	7.227636e-48	1.490818e-47	9.656348e-48	6.001013e-48	6.265209e-48	4.134123e+23	5.000845e-48
6.710000e-05	7.292651e-48	1.504228e-47	9.743211e-48	6.054995e-48	6.321567e-48	3.441753e+23	5.045829e-48
6.730000e-05	7.358056e-48	1.517719e-47	9.830593e-48	6.109300e-48	6.378263e-48	3.041677e+23	5.091083e-48
6.750000e-05	7.423851e-48	1.531290e-47	9.918497e-48	6.163928e-48	6.435296e-48	2.556703e+23	5.136607e-48
6.770000e-05	7.490036e-48	1.544942e-47	1.000692e-47	6.218881e-48	6.492668e-48	2.367568e+23	5.182401e-48
6.790000e-05	7.556614e-48	1.558675e-47	1.009587e-47	6.274160e-48	6.550381e-48	2.066188e+23	5.228466e-48
6.810000e-05	7.623585e-48	1.572489e-47	1.018535e-47	6.329765e-48	6.608434e-48	1.705985e+23	5.274804e-48
6.830000e-05	7.690950e-48	1.586384e-47	1.027535e-47	6.385698e-48	6.666829e-48	1.544948e+23	5.321415e-48
6.850000e-05	7.758712e-48	1.600361e-47	1.036588e-47	6.441959e-48	6.725567e-48	1.486630e+23	5.368299e-48
6.870000e-05	7.826870e-48	1.614420e-47	1.045694e-47	6.498550e-48	6.784650e-48	1.241155e+23	5.415458e-48
6.890000e-05	7.895426e-48	1.628560e-47	1.054854e-47	6.555471e-48	6.844077e-48	1.109802e+23	5.462893e-48
6.910000e-05	7.964381e-48	1.642784e-47	1.064066e-47	6.612724e-48	6.903850e-48	9.474165e+22	5.510603e-48
6.930000e-05	8.033737e-48	1.657089e-47	1.073332e-47	6.670309e-48	6.963970e-48	8.209220e+22	5.558591e-48
6.950000e-05	8.103494e-48	1.671478e-47	1.082652e-47	6.728227e-48	7.024439e-48	7.549502e+22	5.606856e-48
6.970000e-05	8.173654e-48	1.685949e-47	1.092026e-47	6.786480e-48	7.085256e-48	6.330851e+22	5.655400e-48
6.990000e-05	8.244217e-48	1.700504e-47	1.101453e-47	6.845068e-48	7.146423e-48	5.758452e+22	5.704223e-48
7.010000e-05	8.315186e-48	1.715143e-47	1.110935e-47	6.903992e-48	7.207942e-48	4.809011e+22	5.753327e-48
7.030000e-05	8.386560e-48	1.729865e-47	1.120471e-47	6.963254e-48	7.269812e-48	4.322323e+22	5.802711e-48
7.050000e-05	8.458342e-48	1.744671e-47	1.130061e-47	7.022853e-48	7.332036e-48	3.495612e+22	5.852378e-48
7.070000e-05	8.530532e-48	1.759562e-47	1.139706e-47	7.082792e-48	7.394613e-48	3.504843e+22	5.902327e-48
7.090000e-05	8.603132e-48	1.774536e-47	1.149405e-47	7.143071e-48	7.457546e-48	2.758940e+22	5.952559e-48
7.110000e-05	8.676143e-48	1.789596e-47	1.159160e-47	7.203691e-48	7.520834e-48	2.697690e+22	6.003075e-48
7.130000e-05	8.749566e-48	1.804741e-47	1.168969e-47	7.264652e-48	7.584480e-48	2.207839e+22	6.053877e-48
7.150000e-05	8.823401e-48	1.819970e-47	1.178834e-47	7.325957e-48	7.648484e-48	1.855174e+22	6.104964e-48
7.170000e-05	8.897651e-48	1.835286e-47	1.188754e-47	7.387606e-48	7.712846e-48	1.702595e+22	6.156338e-48
7.190000e-05	8.972316e-48	1.850687e-47	1.198730e-47	7.449599e-48	7.777569e-48	1.410889e+22	6.207999e-48
7.210000e-05	9.047398e-48	1.866173e-47	1.208761e-47	7.511939e-48	7.842653e-48	1.307808e+22	6.259949e-48
7.230000e-05	9.122897e-48	1.881746e-47	1.218848e-47	7.574625e-48	7.908099e-48	1.035124e+22	6.312188e-48
7.250000e-05	9.198816e-48	1.897406e-47	1.228991e-47	7.637659e-48	7.973908e-48	9.708685e+21	6.364716e-48
7.270000e-05	9.275154e-48	1.913152e-47	1.239190e-47	7.701042e-48	8.040081e-48	8.768587e+21	6.417535e-48
7.290000e-05	9.351914e-48	1.928985e-47	1.249445e-47	7.764774e-48	8.106620e-48	7.188032e+21	6.470645e-48
7.310000e-05	9.429095e-48	1.944905e-47	1.259757e-47	7.828857e-48	8.173524e-48	6.070870e+21	6.524048e-48
7.330000e-05	9.506701e-48	1.960912e-47	1.270125e-47	7.893292e-48	8.240795e-48	5.496582e+21	6.577743e-48
7.350000e-05	9.584731e-48	1.977007e-47	1.280550e-47	7.958079e-48	8.308435e-48	4.537552e+21	6.631733e-48
7.370000e-05	9.663187e-48	1.993190e-47	1.291032e-47	8.023220e-48	8.376444e-48	4.187846e+21	6.686017e-48
7.390000e-05	9.742069e-48	2.009461e-47	1.301571e-47	8.088715e-48	8.444822e-48	3.403932e+21	6.740596e-48
7.410000e-05	9.821380e-48	2.025820e-47	1.312167e-47	8.154566e-48	8.513572e-48	3.166682e+21	6.795472e-48
7.430000e-05	9.901120e-48	2.042268e-47	1.322821e-47	8.220774e-48	8.582694e-48	2.609135e+21	6.850645e-48
7.450000e-05	9.981291e-48	2.058804e-47	1.333532e-47	8.287338e-48	8.652190e-48	2.239499e+21	6.906115e-48
7.470000e-05	1.006189e-47	2.075430e-47	1.344300e-47	8.354261e-48	8.722059e-48	1.900659e+21	6.961884e-48
7.490000e-05	1.014293e-47	2.092144e-47	1.355127e-47	8.421544e-48	8.792303e-48	1.766277e+21	7.017953e-48
7.510000e-05	1.022440e-47	2.108949e-47	1.366011e-47	8.489186e-48	8.862924e-48	1.401795e+21	7.074322e-48
7.530000e-05	1.030630e-47	2.125843e-47	1.376954e-47	8.557190e-48	8.933922e-48	1.260415e+21	7.130992e-48
7.550000e-05	1.038864e-47	2.142827e-47	1.387955e-47	8.625556e-48	9.005297e-48	1.145569e+21	7.187963e-48
7.570000e-05	1.047142e-47	2.159901e-47	1.399014e-47	8.694285e-48	9.077053e-48	9.415423e+20	7.245238e-48
7.590000e-05	1.055464e-47	2.177066e-47	1.410132e-47	8.763379e-48	9.149188e-48	8.049899e+20	7.302815e-48
7.610000e-05	1.063829e-47	2.194321e-47	1.421309e-47	8.832837e-48	9.221704e-48	6.585098e+20	7.360697e-48
7.630000e-05	1.072239e-47	2.211667e-47	1.432545e-47	8.902661e-48	9.294603e-48	5.855150e+20	7.418885e-48
7.650000e-05	1.080693e-47	2.229105e-47	1.443839e-47	8.972853e-48	9.367884e-48	5.154098e+20	7.477377e-48
7.670000e-05	1.089191e-47	2.246634e-47	1.455193e-47	9.043412e-48	9.441550e-48	4.312352e+20	7.536177e-48
7.690000e-05	1.097734e-47	2.264254e-47	1.466606e-47	9.114341e-48	9.515601e-48	3.539955e+20	7.595284e-48
7.710000e-05	1.106321e-47	2.281967e-47	1.478079e-47	9.185639e-48	9.590038e-48	3.340782e+20	7.654699e-48
7.730000e-05	1.114953e-47	2.299772e-47	1.489612e-47	9.257308e-48	9.664863e-48	2.755988e+20	7.714424e-48
7.750000e-05	1.123629e-47	2.317669e-47	1.501204e-47	9.329349e-48	9.740075e-48	2.320676e+20	7.774458e-48
7.770000e-05	1.132351e-47	2.335658e-47	1.512856e-47	9.401763e-48	9.815677e-48	2.012873e+20	7.834803e-48
7.790000e-05	1.141117e-47	2.353741e-47	1.524568e-47	9.474551e-48	9.891669e-48	1.691152e+20	7.895459e-48
7.810000e-05	1.149929e-47	2.371916e-47	1.536341e-47	9.547713e-48	9.968052e-48	1.391819e+20	7.956427e-48
7.830000e-05	1.158786e-47	2.390185e-47	1.548174e-47	9.621251e-48	1.004483e-47	1.201328e+20	8.017709e-48
7.850000e-05	1.167688e-47	2.408547e-47	1.560068e-47	9.695165e-48	1.012200e-47	1.093504e+20	8.079304e-48
7.870000e-05	1.176636e-47	2.427004e-47	1.572022e-47	9.769457e-48	1.019956e-47	8.463706e+19	8.141214e-48
7.890000e-05	1.185629e-47	2.445554e-47	1.584038e-47	9.844128e-48	1.027752e-47	8.290007e+19	8.203440e-48
7.910000e-05	1.194668e-47	2.464198e-47	1.596114e-47	9.919178e-48	1.035587e-47	6.340965e+19	8.265982e-48
7.930000e-05	1.203753e-47	2.482937e-47	1.608252e-47	9.994609e-48	1.043462e-47	5.163224e+19	8.328841e-48
7.950000e-05	1.212884e-47	2.501771e-47	1.620451e-47	1.007042e-47	1.051377e-47	4.775270e+19	8.392018e-48
7.970000e-05	1.222061e-47	2.520700e-47	1.632712e-47	1.014662e-47	1.059332e-47	4.096227e+19	8.455513e-48
7.990000e-05	1.231284e-47	2.539724e-47	1.645034e-47	1.022319e-47	1.067327e-47	3.105277e+19	8.519328e-48
8.010000e-05	1.240553e-47	2.558844e-47	1.657418e-47	1.030016e-47	1.075362e-47	3.035534e+19	8.583463e-48
8.030000e-05	1.249869e-47	2.578059e-47	1.669864e-47	1.037750e-47	1.083437e-47	2.299038e+19	8.647919e-48
8.050000e-05	1.259231e-47	2.597370e-47	1.682373e-47	1.045524e-47	1.091553e-47	2.080120e+19	8.712698e-48
8.070000e-05	1.268640e-47	2.616778e-47	1.694943e-47	1.053336e-47	1.099709e-47	1.698955e+19	8.777798e-48
8.090000e-05	1.278096e-47	2.636281e-47	1.707576e-47	1.061187e-47	1.107906e-47	1.434932e+19	8.843223e-48
8.110000e-05	1.287598e-47	2.655882e-47	1.720272e-47	1.069077e-47	1.116143e-47	1.227618e+19	8.908971e-48
8.130000e-05	1.297148e-47	2.675579e-47	1.733030e-47	1.077005e-47	1.124421e-47	1.013143e+19	8.975045e-48
8.150000e-05	1.306745e-47	2.695374e-47	1.745852e-47	1.084973e-47	1.132739e-47	8.616606e+18	9.041445e-48
8.170000e-05	1.316388e-47	2.715266e-47	1.758736e-47	1.092981e-47	1.141099e-47	7.231783e+18	9.108171e-48
8.190000e-05	1.326080e-47	2.735256e-47	1.771684e-47	1.101027e-47	1.149500e-47	6.063891e+18	9.175225e-48
8.210000e-05	1.335818e-47	2.755343e-47	1.784695e-47	1.109113e-47	1.157942e-47	5.127783e+18	9.242607e-48
8.230000e-05	1.345604e-47	2.775529e-47	1.797770e-47	1.117238e-47	1.166425e-47	4.233787e+18	9.310318e-48
8.250000e-05	1.355438e-47	2.795813e-47	1.810908e-47	1.125403e-47	1.174949e-47	3.586096e+18	9.378359e-48
8.270000e-05	1.365320e-47	2.816195e-47	1.824110e-47	1.133608e-47	1.183515e-47	2.971880e+18	9.446731e-48
8.290000e-05	1.375249e-47	2.836676e-47	1.837376e-47	1.141852e-47	1.192122e-47	2.431507e+18	9.515434e-48
8.310000e-05	1.385227e-47	2.857257e-47	1.850707e-47	1.150136e-47	1.200771e-47	2.156886e+18	9.584469e-48
8.330000e-05	1.395253e-47	2.877937e-47	1.864101e-47	1.158461e-47	1.209462e-47	1.841385e+18	9.653838e-48
8.350000e-05	1.405327e-47	2.898716e-47	1.877561e-47	1.166825e-47	1.218195e-47	1.434422e+18	9.723540e-48
8.370000e-05	1.415449e-47	2.919595e-47	1.891084e-47	1.175229e-47	1.226969e-47	1.232387e+18	9.793578e-48
8.390000e-05	1.425620e-47	2.940574e-47	1.904673e-47	1.183674e-47	1.235785e-47	1.013834e+18	9.863950e-48
8.410000e-05	1.435839e-47	2.961653e-47	1.918327e-47	1.192159e-47	1.244644e-47	8.892258e+17	9.934659e-48
8.430000e-05	1.446108e-47	2.982833e-47	1.932045e-47	1.200685e-47	1.253545e-47	6.549774e+17	1.000571e-47
8.450000e-05	1.456425e-47	3.004114e-47	1.945829e-47	1.209251e-47	1.262488e-47	6.389661e+17	1.007709e-47
8.470000e-05	1.466791e-47	3.025495e-47	1.959678e-47	1.217858e-47	1.271474e-47	4.773037e+17	1.014881e-47
8.490000e-05	1.477206e-47	3.046978e-47	1.973593e-47	1.226505e-47	1.280502e-47	4.126878e+17	1.022087e-47
8.510000e-05	1.487670e-47	3.068562e-47	1.987574e-47	1.235193e-47	1.289573e-47	3.464802e+17	1.029328e-47
8.530000e-05	1.498183e-47	3.090248e-47	2.001620e-47	1.243923e-47	1.298686e-47	2.579305e+17	1.036602e-47
8.550000e-05	1.508746e-47	3.112036e-47	2.015732e-47	1.252693e-47	1.307843e-47	2.448536e+17	1.043911e-47
8.570000e-05	1.519359e-47	3.133926e-47	2.029911e-47	1.261504e-47	1.317042e-47	1.953294e+17	1.051254e-47
8.590000e-05	1.530021e-47	3.155918e-47	2.044156e-47	1.270357e-47	1.326285e-47	1.598042e+17	1.058631e-47
8.610000e-05	1.540733e-47	3.178013e-47	2.058467e-47	1.279251e-47	1.335570e-47	1.237204e+17	1.066042e-47
8.630000e-05	1.551495e-47	3.200211e-47	2.072845e-47	1.288186e-47	1.344899e-47	1.100286e+17	1.073488e-47
8.650000e-05	1.562306e-47	3.222512e-47	2.087290e-47	1.297163e-47	1.354271e-47	8.706763e+16	1.080969e-47
8.670000e-05	1.573168e-47	3.244916e-47	2.101802e-47	1.306182e-47	1.363686e-47	7.570668e+16	1.088485e-47
8.690000e-05	1.584080e-47	3.267424e-47	2.116381e-47	1.315242e-47	1.373145e-47	6.239861e+16	1.096035e-47
8.710000e-05	1.595043e-47	3.290036e-47	2.131027e-47	1.324344e-47	1.382648e-47	4.657439e+16	1.103620e-47
8.730000e-05	1.606056e-47	3.312752e-47	2.145741e-47	1.333488e-47	1.392195e-47	4.074635e+16	1.111240e-47
8.750000e-05	1.617119e-47	3.335572e-47	2.160522e-47	1.342673e-47	1.401785e-47	3.538232e+16	1.118895e-47
8.770000e-05	1.628233e-47	3.358497e-47	2.175371e-47	1.351901e-47	1.411419e-47	2.724432e+16	1.126585e-47
8.790000e-05	1.639398e-47	3.381527e-47	2.190288e-47	1.361172e-47	1.421097e-47	2.137460e+16	1.134310e-47
8.810000e-05	1.650614e-47	3.404662e-47	2.205273e-47	1.370484e-47	1.430820e-47	1.897438e+16	1.142070e-47
8.830000e-05	1.661881e-47	3.427901e-47	2.220326e-47	1.379839e-47	1.440586e-47	1.544143e+16	1.149866e-47
8.850000e-05	1.673199e-47	3.451247e-47	2.235447e-47	1.389236e-47	1.450397e-47	1.201675e+16	1.157697e-47
8.870000e-05	1.684569e-47	3.474698e-47	2.250637e-47	1.398676e-47	1.460253e-47	9.598416e+15	1.165563e-47
8.890000e-05	1.695990e-47	3.498255e-47	2.265895e-47	1.408158e-47	1.470153e-47	8.344090e+15	1.173465e-47
8.910000e-05	1.707462e-47	3.521919e-47	2.281223e-47	1.417684e-47	1.480097e-47	6.537340e+15	1.181403e-47
8.930000e-05	1.718986e-47	3.545689e-47	2.296619e-47	1.427252e-47	1.490087e-47	5.143374e+15	1.189377e-47
8.950000e-05	1.730561e-47	3.569565e-47	2.312084e-47	1.436863e-47	1.500121e-47	4.558734e+15	1.197386e-47
8.970000e-05	1.742189e-47	3.593549e-47	2.327619e-47	1.446517e-47	1.510200e-47	3.533342e+15	1.205431e-47
8.990000e-05	1.753868e-47	3.617640e-47	2.343223e-47	1.456214e-47	1.520324e-47	2.856200e+15	1.213512e-47
9.010000e-05	1.765600e-47	3.641838e-47	2.358897e-47	1.465955e-47	1.530494e-47	2.176612e+15	1.221629e-47
9.030000e-05	1.777384e-47	3.666144e-47	2.374640e-47	1.475739e-47	1.540708e-47	1.881268e+15	1.229782e-47
9.050000e-05	1.789220e-47	3.690557e-47	2.390453e-47	1.485566e-47	1.550968e-47	1.612212e+15	1.237972e-47
9.070000e-05	1.801108e-47	3.715079e-47	2.406337e-47	1.495437e-47	1.561274e-47	1.211031e+15	1.246197e-47
9.090000e-05	1.813049e-47	3.739709e-47	2.422290e-47	1.505351e-47	1.571625e-47	9.353709e+14	1.254460e-47
9.110000e-05	1.825043e-47	3.764448e-47	2.438314e-47	1.515310e-47	1.582021e-47	7.882833e+14	1.262758e-47
9.130000e-05	1.837089e-47	3.789296e-47	2.454409e-47	1.525312e-47	1.592464e-47	6.578448e+14	1.271093e-47
9.150000e-05	1.849188e-47	3.814253e-47	2.470574e-47	1.535358e-47	1.602952e-47	5.362108e+14	1.279465e-47
9.170000e-05	1.861341e-47	3.839319e-47	2.486810e-47	1.545447e-47	1.613486e-47	4.264901e+14	1.287873e-47
9.190000e-05	1.873546e-47	3.864495e-47	2.503117e-47	1.555582e-47	1.624066e-47	3.139522e+14	1.296318e-47
9.210000e-05	1.885805e-47	3.889781e-47	2.519495e-47	1.565760e-47	1.634693e-47	2.803343e+14	1.304800e-47
9.230000e-05	1.898117e-47	3.915176e-47	2.535944e-47	1.575982e-47	1.645365e-47	2.080351e+14	1.313319e-47
9.250000e-05	1.910483e-47	3.940682e-47	2.552465e-47	1.586249e-47	1.656084e-47	1.662819e+14	1.321874e-47
9.270000e-05	1.922902e-47	3.966299e-47	2.569057e-47	1.596561e-47	1.666850e-47	1.349506e+14	1.330467e-47
9.290000e-05	1.935375e-47	3.992026e-47	2.585721e-47	1.606917e-47	1.677662e-47	1.072591e+14	1.339097e-47
9.310000e-05	1.947901e-47	4.017864e-47	2.602457e-47	1.617318e-47	1.688520e-47	8.586831e+13	1.347765e-47
9.330000e-05	1.960482e-47	4.043814e-47	2.619265e-47	1.627763e-47	1.699426e-47	6.934562e+13	1.356469e-47
9.350000e-05	1.973117e-47	4.069875e-47	2.636145e-47	1.638253e-47	1.710378e-47	5.400465e+13	1.365211e-47
9.370000e-05	1.985805e-47	4.096048e-47	2.653098e-47	1.648789e-47	1.721377e-47	4.076817e+13	1.373991e-47
9.390000e-05	1.998548e-47	4.122332e-47	2.670123e-47	1.659369e-47	1.732423e-47	3.670075e+13	1.382808e-47
9.410000e-05	2.011346e-47	4.148729e-47	2.687221e-47	1.669995e-47	1.743517e-47	2.704530e+13	1.391662e-47
9.430000e-05	2.024198e-47	4.175239e-47	2.704392e-47	1.680666e-47	1.754657e-47	1.999460e+13	1.400555e-47
9.450000e-05	2.037105e-47	4.201861e-47	2.721636e-47	1.691382e-47	1.765845e-47	1.726243e+13	1.409485e-47
9.470000e-05	2.050066e-47	4.228596e-47	2.738952e-47	1.702144e-47	1.777081e-47	1.363747e+13	1.418453e-47
9.490000e-05	2.063082e-47	4.255444e-47	2.756342e-47	1.712951e-47	1.788364e-47	1.118995e+13	1.427459e-47
9.510000e-05	2.076153e-47	4.282405e-47	2.773806e-47	1.723804e-47	1.799694e-47	7.667974e+12	1.436503e-47
9.530000e-05	2.089280e-47	4.309480e-47	2.791343e-47	1.734702e-47	1.811073e-47	6.913997e+12	1.445585e-47
9.550000e-05	2.102461e-47	4.336670e-47	2.808954e-47	1.745647e-47	1.822499e-47	5.338352e+12	1.454706e-47
9.570000e-05	2.115698e-47	4.363973e-47	2.826639e-47	1.756637e-47	1.833973e-47	3.956705e+12	1.463864e-47
9.590000e-05	2.128990e-47	4.391390e-47	2.844398e-47	1.767674e-47	1.845496e-47	3.091147e+12	1.473061e-47
9.610000e-05	2.142338e-47	4.418922e-47	2.862231e-47	1.778756e-47	1.857066e-47	2.566733e+12	1.482297e-47
9.630000e-05	2.155742e-47	4.446569e-47	2.880139e-47	1.789885e-47	1.868685e-47	1.895854e+12	1.491571e-47
9.650000e-05	2.169201e-47	4.474331e-47	2.898121e-47	1.801060e-47	1.880352e-47	1.512614e+12	1.500883e-47
9.670000e-05	2.182716e-47	4.502209e-47	2.916178e-47	1.812282e-47	1.892068e-47	1.216894e+12	1.510235e-47
9.690000e-05	2.196288e-47	4.530202e-47	2.934309e-47	1.823550e-47	1.903832e-47	8.488664e+11	1.519625e-47
9.710000e-05	2.209915e-47	4.558311e-47	2.952516e-47	1.834864e-47	1.915644e-47	7.506218e+11	1.529054e-47
9.730000e-05	2.223599e-47	4.586535e-47	2.970798e-47	1.846226e-47	1.927506e-47	5.323519e+11	1.538521e-47
9.750000e-05	2.237339e-47	4.614876e-47	2.989155e-47	1.857634e-47	1.939416e-47	4.276520e+11	1.548028e-47
9.770000e-05	2.251135e-47	4.643334e-47	3.007587e-47	1.869089e-47	1.951376e-47	3.395303e+11	1.557574e-47
9.790000e-05	2.264988e-47	4.671908e-47	3.026095e-47	1.880591e-47	1.963384e-47	2.503286e+11	1.567159e-47
9.810000e-05	2.278898e-47	4.700599e-47	3.044679e-47	1.892140e-47	1.975442e-47	2.096376e+11	1.576783e-47
9.830000e-05	2.292865e-47	4.729408e-47	3.063339e-47	1.903736e-47	1.987549e-47	1.536021e+11	1.586447e-47
9.850000e-05	2.306888e-47	4.758334e-47	3.082075e-47	1.915380e-47	1.999705e-47	1.185300e+11	1.596150e-47
9.870000e-05	2.320969e-47	4.787378e-47	3.100887e-47	1.927071e-47	2.011911e-47	8.606488e+10	1.605892e-47
9.890000e-05	2.335107e-47	4.816539e-47	3.119776e-47	1.938809e-47	2.024166e-47	7.477372e+10	1.615675e-47
9.910000e-05	2.349302e-47	4.845819e-47	3.138741e-47	1.950595e-47	2.036471e-47	5.438416e+10	1.625496e-47
9.930000e-05	2.363555e-47	4.875217e-47	3.157783e-47	1.962429e-47	2.048825e-47	3.969116e+10	1.635358e-47
9.950000e-05	2.377865e-47	4.904734e-47	3.176902e-47	1.974311e-47	2.061230e-47	3.092619e+10	1.645259e-47
9.970000e-05	2.392232e-47	4.934370e-47	3.196097e-47	1.986240e-47	2.073685e-47	2.549551e+10	1.655200e-47
9.990000e-05	2.406658e-47	4.964125e-47	3.215370e-47	1.998217e-47	2.086189e-47	1.911067e+10	1.665181e-47
1.001000e-04	2.421141e-47	4.993999e-47	3.234721e-47	2.010243e-47	2.098744e-47	1.341015e+10	1.675202e-47
1.003000e-04	2.435683e-47	5.023993e-47	3.254148e-47	2.022316e-47	2.111349e-47	1.058528e+10	1.685263e-47
1.005000e-04	2.450282e-47	5.054107e-47	3.273654e-47	2.034438e-47	2.124004e-47	8.429676e+09	1.695365e-47
1.007000e-04	2.464940e-47	5.084341e-47	3.293237e-47	2.046608e-47	2.136710e-47	6.146810e+09	1.705507e-47
1.009000e-04	2.479656e-47	5.114695e-47	3.312898e-47	2.058826e-47	2.149467e-47	4.633861e+09	1.715689e-47
1.011000e-04	2.494430e-47	5.145169e-47	3.332637e-47	2.071094e-47	2.162274e-47	3.567011e+09	1.725911e-47
1.013000e-04	2.509263e-47	5.175765e-47	3.352454e-47	2.083409e-47	2.175132e-47	2.667521e+09	1.736174e-47
1.015000e-04	2.524155e-47	5.206482e-47	3.372350e-47	2.095774e-47	2.188040e-47	2.034336e+09	1.746478e-47
1.017000e-04	2.539106e-47	5.237320e-47	3.392325e-47	2.108187e-47	2.201000e-47	1.494127e+09	1.756822e-47
1.019000e-04	2.554115e-47	5.268279e-47	3.412378e-47	2.120649e-47	2.214011e-47	1.155391e+09	1.767208e-47
1.021000e-04	2.569184e-47	5.299360e-47	3.432510e-47	2.133160e-47	2.227073e-47	8.257010e+08	1.777633e-47
1.023000e-04	2.584311e-47	5.330563e-47	3.452721e-47	2.145720e-47	2.240186e-47	6.484545e+08	1.788100e-47
1.025000e-04	2.599498e-47	5.361889e-47	3.473011e-47	2.158330e-47	2.253351e-47	5.189454e+08	1.798608e-47
1.027000e-04	2.614744e-47	5.393337e-47	3.493380e-47	2.170989e-47	2.266567e-47	3.640191e+08	1.809157e-47
1.029000e-04	2.630050e-47	5.424908e-47	3.513829e-47	2.183697e-47	2.279835e-47	2.492211e+08	1.819747e-47
1.031000e-04	2.645416e-47	5.456601e-47	3.534358e-47	2.196455e-47	2.293154e-47	2.193181e+08	1.830379e-47
1.033000e-04	2.660841e-47	5.488418e-47	3.554966e-47	2.209262e-47	2.306525e-47	1.463875e+08	1.841052e-47
1.035000e-04	2.676326e-47	5.520358e-47	3.575655e-47	2.222119e-47	2.319948e-47	1.166703e+08	1.851766e-47
1.037000e-04	2.691871e-47	5.552422e-47	3.596423e-47	2.235026e-47	2.333423e-47	7.966210e+07	1.862521e-47
1.039000e-04	2.707476e-47	5.584610e-47	3.617272e-47	2.247982e-47	2.346950e-47	6.242645e+07	1.873319e-47
1.041000e-04	2.723141e-47	5.616922e-47	3.638201e-47	2.260989e-47	2.360529e-47	4.357836e+07	1.884157e-47
1.043000e-04	2.738866e-47	5.649359e-47	3.659211e-47	2.274046e-47	2.374161e-47	3.328257e+07	1.895038e-47
1.045000e-04	2.754652e-47	5.681920e-47	3.680302e-47	2.287152e-47	2.387845e-47	2.579427e+07	1.905960e-47
1.047000e-04	2.770499e-47	5.714606e-47	3.701473e-47	2.300310e-47	2.401581e-47	1.832059e+07	1.916925e-47
1.049000e-04	2.786406e-47	5.747417e-47	3.722725e-47	2.313517e-47	2.415370e-47	1.422976e+07	1.927931e-47
1.051000e-04	2.802374e-47	5.780353e-47	3.744059e-47	2.326775e-47	2.429212e-47	9.253521e+06	1.938979e-47
1.053000e-04	2.818402e-47	5.813415e-47	3.765474e-47	2.340084e-47	2.443106e-47	7.742204e+06	1.950070e-47
1.055000e-04	2.834492e-47	5.846603e-47	3.786970e-47	2.353443e-47	2.457053e-47	5.195284e+06	1.961202e-47
1.057000e-04	2.850643e-47	5.879917e-47	3.808549e-47	2.366853e-47	2.471054e-47	3.822163e+06	1.972377e-47
1.059000e-04	2.866855e-47	5.913357e-47	3.830209e-47	2.380313e-47	2.485107e-47	2.856268e+06	1.983594e-47
1.061000e-04	2.883129e-47	5.946924e-47	3.851950e-47	2.393825e-47	2.499214e-47	1.981726e+06	1.994854e-47
1.063000e-04	2.899464e-47	5.980617e-47	3.873774e-47	2.407388e-47	2.513373e-47	1.520918e+06	2.006156e-47
1.065000e-04	2.915860e-47	6.014438e-47	3.895681e-47	2.421002e-47	2.527587e-47	9.846299e+05	2.017501e-47
1.067000e-04	2.932319e-47	6.048386e-47	3.917670e-47	2.434667e-47	2.541853e-47	8.473233e+05	2.028889e-47
1.069000e-04	2.948839e-47	6.082461e-47	3.939741e-47	2.448383e-47	2.556173e-47	5.410883e+05	2.040319e-47
1.071000e-04	2.965421e-47	6.116664e-47	3.961895e-47	2.462151e-47	2.570547e-47	3.976231e+05	2.051792e-47
1.073000e-04	2.982065e-47	6.150995e-47	3.984132e-47	2.475970e-47	2.584975e-47	3.068070e+05	2.063308e-47
1.075000e-04	2.998771e-47	6.185454e-47	4.006452e-47	2.489841e-47	2.599457e-47	2.068105e+05	2.074868e-47
1.077000e-04	3.015539e-47	6.220042e-47	4.028855e-47	2.503764e-47	2.613992e-47	1.417562e+05	2.086470e-47
1.079000e-04	3.032370e-47	6.254759e-47	4.051342e-47	2.517738e-47	2.628582e-47	1.114747e+05	2.098115e-47
1.081000e-04	3.049264e-47	6.289604e-47	4.073912e-47	2.531765e-47	2.643226e-47	7.338598e+04	2.109804e-47
1.083000e-04	3.066220e-47	6.324578e-47	4.096566e-47	2.545843e-47	2.657924e-47	5.669687e+04	2.121536e-47
1.085000e-04	3.083238e-47	6.359682e-47	4.119303e-47	2.559973e-47	2.672677e-47	3.956484e+04	2.133311e-47
1.087000e-04	3.100320e-47	6.394916e-47	4.142125e-47	2.574156e-47	2.687484e-47	2.776961e+04	2.145130e-47
1.089000e-04	3.117465e-47	6.430280e-47	4.165030e-47	2.588391e-47	2.702345e-47	1.866220e+04	2.156993e-47
1.091000e-04	3.134672e-47	6.465773e-47	4.188020e-47	2.602678e-47	2.717262e-47	1.447458e+04	2.168899e-47
1.093000e-04	3.151943e-47	6.501397e-47	4.211095e-47	2.617018e-47	2.732233e-47	9.901335e+03	2.180848e-47
1.095000e-04	3.169277e-47	6.537152e-47	4.234254e-47	2.631410e-47	2.747259e-47	6.919336e+03	2.192842e-47
1.097000e-04	3.186675e-47	6.573037e-47	4.257498e-47	2.645856e-47	2.762340e-47	4.488563e+03	2.204880e-47
1.099000e-04	3.204136e-47	6.609054e-47	4.280826e-47	2.660353e-47	2.777476e-47	3.711209e+03	2.216961e-47
1.101000e-04	3.221661e-47	6.645202e-47	4.304240e-47	2.674904e-47	2.792667e-47	2.240476e+03	2.229087e-47
1.103000e-04	3.239250e-47	6.681481e-47	4.327739e-47	2.689508e-47	2.807914e-47	1.746825e+03	2.241256e-47
1.105000e-04	3.256902e-47	6.717893e-47	4.351324e-47	2.704164e-47	2.823216e-47	1.238253e+03	2.253470e-47
1.107000e-04	3.274619e-47	6.754436e-47	4.374993e-47	2.718874e-47	2.838573e-47	7.995639e+02	2.265728e-47
1.109000e-04	3.292400e-47	6.791111e-47	4.398749e-47	2.733637e-47	2.853986e-47	5.634742e+02	2.278031e-47
1.111000e-04	3.310245e-47	6.827920e-47	4.422590e-47	2.748454e-47	2.869455e-47	4.010195e+02	2.290378e-47
1.113000e-04	3.328154e-47	6.864860e-47	4.446518e-47	2.763324e-47	2.884979e-47	2.564968e+02	2.302770e-47
1.115000e-04	3.346128e-47	6.901934e-47	4.470531e-47	2.778247e-47	2.900560e-47	1.965036e+02	2.315206e-47
1.117000e-04	3.364166e-47	6.939141e-47	4.494631e-47	2.793224e-47	2.916196e-47	1.324279e+02	2.327687e-47
1.119000e-04	3.382269e-47	6.976482e-47	4.518817e-47	2.808255e-47	2.931889e-47	8.782170e+01	2.340212e-47
1.121000e-04	3.400437e-47	7.013956e-47	4.543090e-47	2.823339e-47	2.947637e-47	6.277140e+01	2.352783e-47
1.123000e-04	3.418670e-47	7.051565e-47	4.567450e-47	2.838478e-47	2.963442e-47	4.035035e+01	2.365398e-47
1.125000e-04	3.436968e-47	7.089307e-47	4.591897e-47	2.853670e-47	2.979304e-47	3.061432e+01	2.378059e-47
1.127000e-04	3.455331e-47	7.127184e-47	4.616430e-47	2.868917e-47	2.995222e-47	1.980775e+01	2.390764e-47
1.129000e-04	3.473759e-47	7.165195e-47	4.641051e-47	2.884218e-47	3.011196e-47	1.266727e+01	2.403515e-47
1.131000e-04	3.492253e-47	7.203342e-47	4.665760e-47	2.899573e-47	3.027227e-47	9.041001e+00	2.416311e-47
1.133000e-04	3.510812e-47	7.241624e-47	4.690555e-47	2.914983e-47	3.043315e-47	6.568042e+00	2.429152e-47
1.135000e-04	3.529437e-47	7.280041e-47	4.715439e-47	2.930447e-47	3.059460e-47	3.882058e+00	2.442039e-47
1.137000e-04	3.548128e-47	7.318593e-47	4.740410e-47	2.945965e-47	3.075662e-47	2.968957e+00	2.454971e-47
1.139000e-04	3.566885e-47	7.357282e-47	4.765470e-47	2.961539e-47	3.091921e-47	1.842609e+00	2.467949e-47
1.141000e-04	3.585707e-47	7.396106e-47	4.790617e-47	2.977167e-47	3.108237e-47	1.289451e+00	2.480972e-47
1.143000e-04	3.604596e-47	7.435067e-47	4.815853e-47	2.992850e-47	3.124611e-47	8.604657e-01	2.494042e-47
1.145000e-04	3.623551e-47	7.474165e-47	4.841177e-47	3.008588e-47	3.141041e-47	5.557639e-01	2.507157e-47
1.147000e-04	3.642572e-47	7.513399e-47	4.866590e-47	3.024381e-47	3.157530e-47	3.737013e-01	2.520317e-47
1.149000e-04	3.661660e-47	7.552771e-47	4.892092e-47	3.040229e-47	3.174076e-47	2.509075e-01	2.533524e-47
1.151000e-04	3.680814e-47	7.592279e-47	4.917683e-47	3.056133e-47	3.190679e-47	1.685081e-01	2.546777e-47
1.153000e-04	3.700035e-47	7.631926e-47	4.943363e-47	3.072092e-47	3.207341e-47	1.114295e-01	2.560076e-47
1.155000e-04	3.719323e-47	7.671710e-47	4.969132e-47	3.088106e-47	3.224060e-47	7.387473e-02	2.573422e-47
1.157000e-04	3.738677e-47	7.711632e-47	4.994990e-47	3.104176e-47	3.240838e-47	4.787861e-02	2.586813e-47
1.159000e-04	3.758099e-47	7.751692e-47	5.020938e-47	3.120301e-47	3.257673e-47	3.096410e-02	2.600251e-47
1.161000e-04	3.777588e-47	7.791891e-47	5.046976e-47	3.136483e-47	3.274567e-47	1.961678e-02	2.613736e-47
1.163000e-04	3.797144e-47	7.832229e-47	5.073103e-47	3.152720e-47	3.291519e-47	1.484770e-02	2.627267e-47
1.165000e-04	3.816767e-47	7.872705e-47	5.099321e-47	3.169013e-47	3.308529e-47	8.187549e-03	2.640844e-47
1.167000e-04	3.836458e-47	7.913321e-47	5.125628e-47	3.185362e-47	3.325598e-47	6.241713e-03	2.654468e-47
1.169000e-04	3.856217e-47	7.954076e-47	5.152026e-47	3.201767e-47	3.342726e-47	3.577298e-03	2.668140e-47
1.171000e-04	3.876043e-47	7.994971e-47	5.178515e-47	3.218229e-47	3.359912e-47	2.509043e-03	2.681857e-47
1.173000e-04	3.895937e-47	8.036006e-47	5.205094e-47	3.234747e-47	3.377157e-47	1.536989e-03	2.695622e-47
