# number of size bins = 50
# 0:size [cm], masses (1:Al2O3, 2:Fe, 3:Fe3O4, 4:MgSiO3, 5:Mg2SiO4, 6:AC, 7:SiO2) [g]
1.000000e-07	0.000000e+00	0.000000e+00	0.000000e+00	0.000000e+00	0.000000e+00	0.000000e+00	0.000000e+00
1.151395e-07	0.000000e+00	0.000000e+00	0.000000e+00	0.000000e+00	0.000000e+00	0.000000e+00	0.000000e+00
1.325711e-07	0.000000e+00	0.000000e+00	0.000000e+00	0.000000e+00	0.000000e+00	0.000000e+00	0.000000e+00
1.526418e-07	0.000000e+00	0.000000e+00	0.000000e+00	0.000000e+00	0.000000e+00	0.000000e+00	0.000000e+00
1.757511e-07	0.000000e+00	0.000000e+00	0.000000e+00	0.000000e+00	0.000000e+00	0.000000e+00	0.000000e+00
2.023590e-07	0.000000e+00	0.000000e+00	0.000000e+00	0.000000e+00	0.000000e+00	0.000000e+00	0.000000e+00
2.329952e-07	0.000000e+00	0.000000e+00	0.000000e+00	0.000000e+00	0.000000e+00	0.000000e+00	0.000000e+00
2.682696e-07	0.000000e+00	0.000000e+00	0.000000e+00	0.000000e+00	0.000000e+00	0.000000e+00	0.000000e+00
3.088844e-07	0.000000e+00	0.000000e+00	0.000000e+00	0.000000e+00	0.000000e+00	0.000000e+00	0.000000e+00
3.556480e-07	0.000000e+00	0.000000e+00	0.000000e+00	0.000000e+00	0.000000e+00	0.000000e+00	0.000000e+00
4.094915e-07	0.000000e+00	0.000000e+00	0.000000e+00	0.000000e+00	0.000000e+00	0.000000e+00	0.000000e+00
4.714866e-07	0.000000e+00	0.000000e+00	0.000000e+00	0.000000e+00	0.000000e+00	0.000000e+00	0.000000e+00
5.428675e-07	0.000000e+00	0.000000e+00	0.000000e+00	0.000000e+00	0.000000e+00	0.000000e+00	0.000000e+00
6.250552e-07	0.000000e+00	0.000000e+00	0.000000e+00	0.000000e+00	0.000000e+00	0.000000e+00	0.000000e+00
7.196857e-07	0.000000e+00	0.000000e+00	0.000000e+00	0.000000e+00	0.000000e+00	0.000000e+00	0.000000e+00
8.286428e-07	0.000000e+00	0.000000e+00	0.000000e+00	0.000000e+00	0.000000e+00	0.000000e+00	0.000000e+00
9.540955e-07	0.000000e+00	0.000000e+00	0.000000e+00	0.000000e+00	0.000000e+00	0.000000e+00	0.000000e+00
1.098541e-06	0.000000e+00	0.000000e+00	0.000000e+00	0.000000e+00	0.000000e+00	0.000000e+00	0.000000e+00
1.264855e-06	6.380056e+13	0.000000e+00	0.000000e+00	0.000000e+00	0.000000e+00	0.000000e+00	0.000000e+00
1.456348e-06	6.774280e+07	0.000000e+00	0.000000e+00	0.000000e+00	0.000000e+00	0.000000e+00	0.000000e+00
1.676833e-06	0.000000e+00	6.232657e+28	0.000000e+00	0.000000e+00	0.000000e+00	0.000000e+00	0.000000e+00
1.930698e-06	0.000000e+00	3.151311e+27	0.000000e+00	0.000000e+00	0.000000e+00	0.000000e+00	0.000000e+00
2.222996e-06	0.000000e+00	4.749865e+24	0.000000e+00	0.000000e+00	0.000000e+00	0.000000e+00	0.000000e+00
2.559548e-06	0.000000e+00	1.138828e+20	0.000000e+00	0.000000e+00	0.000000e+00	0.000000e+00	0.000000e+00
2.947052e-06	0.000000e+00	3.918709e+11	0.000000e+00	0.000000e+00	0.000000e+00	0.000000e+00	0.000000e+00
3.393222e-06	0.000000e+00	8.942397e-10	0.000000e+00	0.000000e+00	0.000000e+00	0.000000e+00	0.000000e+00
3.906940e-06	0.000000e+00	0.000000e+00	0.000000e+00	0.000000e+00	0.000000e+00	0.000000e+00	0.000000e+00
4.498433e-06	0.000000e+00	0.000000e+00	0.000000e+00	0.000000e+00	0.000000e+00	0.000000e+00	0.000000e+00
5.179475e-06	0.000000e+00	0.000000e+00	0.000000e+00	0.000000e+00	0.000000e+00	0.000000e+00	0.000000e+00
5.963623e-06	0.000000e+00	0.000000e+00	0.000000e+00	0.000000e+00	0.000000e+00	0.000000e+00	0.000000e+00
6.866488e-06	0.000000e+00	0.000000e+00	0.000000e+00	0.000000e+00	0.000000e+00	0.000000e+00	0.000000e+00
7.906043e-06	0.000000e+00	0.000000e+00	0.000000e+00	0.000000e+00	0.000000e+00	1.292654e-33	0.000000e+00
9.102982e-06	0.000000e+00	0.000000e+00	0.000000e+00	0.000000e+00	0.000000e+00	1.235481e-20	0.000000e+00
1.048113e-05	0.000000e+00	0.000000e+00	0.000000e+00	0.000000e+00	0.000000e+00	9.294949e-10	0.000000e+00
1.206793e-05	0.000000e+00	0.000000e+00	0.000000e+00	0.000000e+00	0.000000e+00	1.082297e+00	0.000000e+00
1.389495e-05	0.000000e+00	0.000000e+00	0.000000e+00	0.000000e+00	0.000000e+00	9.952870e+19	0.000000e+00
1.599859e-05	0.000000e+00	0.000000e+00	0.000000e+00	0.000000e+00	0.000000e+00	1.315509e+29	0.000000e+00
1.842070e-05	0.000000e+00	0.000000e+00	0.000000e+00	0.000000e+00	0.000000e+00	7.249477e+29	0.000000e+00
2.120951e-05	0.000000e+00	0.000000e+00	0.000000e+00	0.000000e+00	0.000000e+00	4.794964e+30	0.000000e+00
2.442053e-05	0.000000e+00	0.000000e+00	0.000000e+00	0.000000e+00	0.000000e+00	8.353184e+30	0.000000e+00
2.811769e-05	0.000000e+00	0.000000e+00	0.000000e+00	0.000000e+00	0.000000e+00	4.709198e+31	0.000000e+00
3.237458e-05	0.000000e+00	0.000000e+00	0.000000e+00	0.000000e+00	0.000000e+00	1.214223e+32	0.000000e+00
3.727594e-05	0.000000e+00	0.000000e+00	0.000000e+00	0.000000e+00	0.000000e+00	1.173819e+32	0.000000e+00
4.291934e-05	0.000000e+00	0.000000e+00	0.000000e+00	0.000000e+00	0.000000e+00	9.061345e+31	0.000000e+00
4.941713e-05	0.000000e+00	0.000000e+00	0.000000e+00	0.000000e+00	0.000000e+00	4.416291e+28	0.000000e+00
5.689866e-05	0.000000e+00	0.000000e+00	0.000000e+00	0.000000e+00	0.000000e+00	5.126417e+27	0.000000e+00
6.551286e-05	0.000000e+00	0.000000e+00	0.000000e+00	0.000000e+00	0.000000e+00	6.731719e+26	0.000000e+00
7.543120e-05	0.000000e+00	0.000000e+00	0.000000e+00	0.000000e+00	0.000000e+00	0.000000e+00	0.000000e+00
8.685114e-05	0.000000e+00	0.000000e+00	0.000000e+00	0.000000e+00	0.000000e+00	0.000000e+00	0.000000e+00
1.000000e-04	0.000000e+00	0.000000e+00	0.000000e+00	0.000000e+00	0.000000e+00	1.469824e+05	0.000000e+00
