# number of size bins = 44
# 0:size [cm], masses (1:Al2O3, 2:Fe, 3:Fe3O4, 4:MgSiO3, 5:Mg2SiO4, 6:AC, 7:SiO2) [g]
1.000000e-07	1.311601e+27	5.711940e-13	1.369868e+29	4.388286e+27	2.908627e+26	2.685519e+23	3.183843e+26
3.000000e-07	2.184764e-02	1.344343e-54	1.026001e+32	4.356926e-18	2.856888e+08	9.368897e+27	4.509504e-55
5.000000e-07	3.017365e-54	6.223809e-54	6.272001e+32	2.505280e-54	2.615575e-54	9.854110e+29	2.087733e-54
7.000000e-07	8.279651e-54	1.707813e-53	7.646681e+29	6.874488e-54	7.177139e-54	9.189556e+30	5.728740e-54
9.000000e-07	1.759728e-53	3.629725e-53	1.270784e+23	1.461079e-53	1.525403e-53	2.841815e+31	1.217566e-53
1.100000e-06	3.212891e-53	6.627111e-53	5.455253e+04	2.667622e-53	2.785065e-53	4.873200e+31	2.223018e-53
1.300000e-06	5.303322e-53	1.093897e-52	7.085404e-53	4.403280e-53	4.597135e-53	5.925617e+31	3.669400e-53
1.500000e-06	8.146887e-53	1.680428e-52	1.088450e-52	6.764256e-53	7.062053e-53	5.645717e+31	5.636880e-53
1.700000e-06	1.185945e-52	2.446206e-52	1.584460e-52	9.846752e-53	1.028026e-52	4.665092e+31	8.205627e-53
1.900000e-06	1.655689e-52	3.415128e-52	2.212052e-52	1.374697e-52	1.435218e-52	3.456570e+31	1.145581e-52
2.100000e-06	2.235506e-52	4.611095e-52	2.986706e-52	1.856112e-52	1.937827e-52	2.371612e+31	1.546760e-52
2.300000e-06	2.936983e-52	6.058006e-52	3.923901e-52	2.438539e-52	2.545896e-52	1.506063e+31	2.032116e-52
2.500000e-06	3.771707e-52	7.779761e-52	5.039118e-52	3.131600e-52	3.269469e-52	9.009764e+30	2.609667e-52
2.700000e-06	4.751264e-52	9.800258e-52	6.347838e-52	3.944914e-52	4.118589e-52	5.066187e+30	3.287428e-52
2.900000e-06	5.887242e-52	1.214340e-51	7.865540e-52	4.888102e-52	5.103301e-52	2.681202e+30	4.073418e-52
3.100000e-06	7.191227e-52	1.483308e-51	9.607704e-52	5.970784e-52	6.233648e-52	1.334540e+30	4.975653e-52
3.300000e-06	8.674805e-52	1.789320e-51	1.158981e-51	7.202580e-52	7.519674e-52	6.243565e+29	6.002150e-52
3.500000e-06	1.034956e-51	2.134766e-51	1.382734e-51	8.593110e-52	8.971423e-52	2.739657e+29	7.160925e-52
3.700000e-06	1.222709e-51	2.522037e-51	1.633577e-51	1.015200e-51	1.059894e-51	1.124373e+29	8.459996e-52
3.900000e-06	1.431897e-51	2.953521e-51	1.913059e-51	1.188886e-51	1.241226e-51	4.300256e+28	9.907380e-52
4.100000e-06	1.663679e-51	3.431609e-51	2.222727e-51	1.381331e-51	1.442145e-51	1.520365e+28	1.151109e-51
4.300000e-06	1.919213e-51	3.958691e-51	2.564129e-51	1.593498e-51	1.663652e-51	4.986316e+27	1.327915e-51
4.500000e-06	2.199659e-51	4.537156e-51	2.938814e-51	1.826349e-51	1.906754e-51	1.506392e+27	1.521958e-51
4.700000e-06	2.506175e-51	5.169396e-51	3.348329e-51	2.080845e-51	2.172455e-51	4.148700e+26	1.734038e-51
4.900000e-06	2.839920e-51	5.857799e-51	3.794222e-51	2.357949e-51	2.461759e-51	1.034598e+26	1.964958e-51
5.100000e-06	3.202052e-51	6.604755e-51	4.278042e-51	2.658623e-51	2.775669e-51	2.340563e+25	2.215519e-51
5.300000e-06	3.593731e-51	7.412656e-51	4.801337e-51	2.983828e-51	3.115192e-51	4.702281e+24	2.486524e-51
5.500000e-06	4.016113e-51	8.283889e-51	5.365653e-51	3.334528e-51	3.481331e-51	8.346432e+23	2.778773e-51
5.700000e-06	4.470360e-51	9.220846e-51	5.972541e-51	3.711682e-51	3.875090e-51	1.303095e+23	3.093069e-51
5.900000e-06	4.957628e-51	1.022592e-50	6.623546e-51	4.116255e-51	4.297474e-51	1.747218e+22	3.430213e-51
6.100000e-06	5.479077e-51	1.130149e-50	7.320219e-51	4.549208e-51	4.749487e-51	2.010123e+21	3.791006e-51
6.300000e-06	6.035865e-51	1.244996e-50	8.064105e-51	5.011502e-51	5.232134e-51	1.943176e+20	4.176252e-51
6.500000e-06	6.629152e-51	1.367371e-50	8.856755e-51	5.504100e-51	5.746419e-51	1.563387e+19	4.586750e-51
6.700000e-06	7.260095e-51	1.497513e-50	9.699714e-51	6.027964e-51	6.293346e-51	1.010634e+18	5.023303e-51
6.900000e-06	7.929854e-51	1.635662e-50	1.059453e-50	6.584056e-51	6.873920e-51	5.166474e+16	5.486713e-51
7.100000e-06	8.639586e-51	1.782056e-50	1.154276e-50	7.173338e-51	7.489145e-51	2.061581e+15	5.977782e-51
7.300000e-06	9.390452e-51	1.936934e-50	1.254594e-50	7.796772e-51	8.140026e-51	6.103984e+13	6.497310e-51
7.500000e-06	1.018361e-50	2.100535e-50	1.360562e-50	8.455320e-51	8.827567e-51	1.326979e+12	7.046100e-51
7.700000e-06	1.102022e-50	2.273099e-50	1.472335e-50	9.149944e-51	9.552771e-51	2.016412e+10	7.624953e-51
7.900000e-06	1.190143e-50	2.454864e-50	1.590068e-50	9.881606e-51	1.031664e-50	2.049122e+08	8.234671e-51
8.100000e-06	1.282841e-50	2.646070e-50	1.713916e-50	1.065127e-50	1.112019e-50	1.345480e+06	8.876056e-51
8.300000e-06	1.380232e-50	2.846954e-50	1.844034e-50	1.145989e-50	1.196442e-50	5.208561e+03	9.549910e-51
8.500000e-06	1.482432e-50	3.057757e-50	1.980575e-50	1.230844e-50	1.285032e-50	1.147398e+01	1.025703e-50
8.700000e-06	1.589555e-50	3.278717e-50	2.123696e-50	1.319787e-50	1.377891e-50	1.303067e-02	1.099823e-50
