# number of size bins = 100
# 0:size [cm], masses (1:Al2O3, 2:Fe, 3:Fe3O4, 4:MgSiO3, 5:Mg2SiO4, 6:AC, 7:SiO2) [g]
1.000000e-07	2.072056e+24	0.000000e+00	1.418079e+24	3.974954e+02	5.668769e+19	3.031718e+19	1.936613e+07
1.072267e-07	5.172702e+18	0.000000e+00	0.000000e+00	1.113033e-14	2.922084e+19	2.237988e+18	1.204847e+03
1.149757e-07	7.424128e+23	0.000000e+00	0.000000e+00	0.000000e+00	8.209641e+19	3.415491e+16	7.993590e-01
1.232847e-07	1.792456e+24	0.000000e+00	2.588208e+24	1.526952e-10	0.000000e+00	5.518329e+15	1.044335e-02
1.321941e-07	2.068703e+24	0.000000e+00	2.645138e+24	1.614258e+00	0.000000e+00	1.602146e+23	1.624102e-19
1.417474e-07	1.589676e+24	0.000000e+00	0.000000e+00	7.436390e-01	1.568473e+20	0.000000e+00	0.000000e+00
1.519911e-07	1.616097e+24	0.000000e+00	1.276028e+23	0.000000e+00	0.000000e+00	0.000000e+00	0.000000e+00
1.629751e-07	0.000000e+00	0.000000e+00	2.837168e+24	0.000000e+00	4.869347e+20	0.000000e+00	0.000000e+00
1.747528e-07	0.000000e+00	0.000000e+00	0.000000e+00	4.423762e-10	2.164601e+22	3.271695e+23	0.000000e+00
1.873817e-07	7.187101e+24	0.000000e+00	1.716709e+25	1.626621e+00	2.993250e+20	0.000000e+00	0.000000e+00
2.009233e-07	1.411755e+25	0.000000e+00	2.444431e+25	0.000000e+00	0.000000e+00	0.000000e+00	0.000000e+00
2.154435e-07	0.000000e+00	0.000000e+00	0.000000e+00	1.658087e-09	6.062265e+20	5.240421e+23	0.000000e+00
2.310130e-07	6.954322e+24	0.000000e+00	1.612592e+25	4.074789e-08	1.705032e+21	0.000000e+00	0.000000e+00
2.477076e-07	8.448229e+24	0.000000e+00	1.632339e+25	0.000000e+00	0.000000e+00	1.807551e+08	0.000000e+00
2.656088e-07	3.756302e+25	0.000000e+00	4.823687e+23	7.530336e-05	3.359510e+23	1.282482e+24	0.000000e+00
2.848036e-07	2.975194e+25	0.000000e+00	2.815182e+25	1.488926e-03	3.102823e+21	0.000000e+00	0.000000e+00
3.053856e-07	1.629602e+25	0.000000e+00	8.049522e+25	4.078198e+00	2.167031e+22	2.462199e+24	0.000000e+00
3.274549e-07	2.085722e+25	0.000000e+00	4.296098e+25	2.473726e-07	2.778150e+22	1.840532e+24	0.000000e+00
3.511192e-07	2.401379e+25	0.000000e+00	5.208753e+25	1.278368e-07	1.611613e+22	2.234469e+24	0.000000e+00
3.764936e-07	1.258438e+26	0.000000e+00	1.569385e+26	2.235666e+00	1.002845e+24	3.226150e+24	0.000000e+00
4.037017e-07	3.800380e+25	0.000000e+00	0.000000e+00	1.440503e-05	2.568727e+24	3.915050e+24	0.000000e+00
4.328761e-07	6.492235e+25	0.000000e+00	1.727528e+26	1.635172e-05	3.531469e+23	0.000000e+00	0.000000e+00
4.641589e-07	1.889949e+26	0.000000e+00	1.220211e+26	4.267656e-05	7.593843e+22	8.373426e+19	0.000000e+00
4.977024e-07	1.260714e+26	0.000000e+00	3.529115e+26	2.136803e+00	2.588912e+24	1.730095e+25	0.000000e+00
5.336699e-07	4.886184e+26	0.000000e+00	2.974852e+26	3.968167e-01	1.106662e+24	2.258653e+25	0.000000e+00
5.722368e-07	4.300461e+24	0.000000e+00	3.897743e+26	1.059317e-01	3.914182e+23	2.558609e+25	0.000000e+00
6.135907e-07	6.333205e+26	0.000000e+00	1.613099e+26	4.501498e-03	3.685002e+23	9.208475e+24	0.000000e+00
6.579332e-07	1.976359e+23	0.000000e+00	2.544477e+26	8.348180e+01	4.701920e+24	2.262427e+25	0.000000e+00
7.054802e-07	6.627550e+26	0.000000e+00	2.394429e+26	4.316802e-02	9.421518e+24	1.069401e+25	0.000000e+00
7.564633e-07	1.172754e+27	0.000000e+00	2.216830e+26	2.814120e+01	2.738137e+25	5.992477e+25	0.000000e+00
8.111308e-07	6.057354e+26	0.000000e+00	4.965802e+24	2.303708e+00	3.029021e+24	9.070764e+25	0.000000e+00
8.697490e-07	5.504440e+26	0.000000e+00	8.053518e+24	1.439241e+01	3.555777e+24	4.818182e+25	0.000000e+00
9.326033e-07	6.042277e+26	0.000000e+00	2.530910e+26	2.229583e+02	5.132969e+24	1.464385e+26	0.000000e+00
1.000000e-06	1.319416e+27	0.000000e+00	4.552257e+26	1.367951e+03	3.053510e+25	1.007369e+26	0.000000e+00
1.072267e-06	1.187665e+27	0.000000e+00	5.659222e+23	8.193730e+01	1.481436e+25	6.923701e+25	0.000000e+00
1.149757e-06	5.713344e+26	0.000000e+00	2.772891e+25	2.231230e+03	4.080995e+25	7.800096e+25	0.000000e+00
1.232847e-06	7.519765e+26	0.000000e+00	7.280232e+26	7.174763e+02	3.276512e+25	1.120887e+26	0.000000e+00
1.321941e-06	3.147757e+26	0.000000e+00	3.679156e+25	1.365065e+03	2.957272e+25	1.779959e+26	0.000000e+00
1.417474e-06	6.675523e+26	0.000000e+00	7.005417e+26	1.295428e+04	1.364623e+26	2.180872e+26	0.000000e+00
1.519911e-06	2.180055e+26	0.000000e+00	0.000000e+00	0.000000e+00	1.955864e+25	1.356480e+26	0.000000e+00
1.629751e-06	7.730414e+25	0.000000e+00	2.430388e+26	8.500185e+03	9.365088e+25	4.097666e+25	0.000000e+00
1.747528e-06	1.076905e+26	0.000000e+00	3.276354e+25	1.563514e+02	8.013122e+25	1.361625e+26	0.000000e+00
1.873817e-06	1.435800e+24	0.000000e+00	5.767271e+25	8.122280e+02	0.000000e+00	8.653253e+25	0.000000e+00
2.009233e-06	2.714392e+25	0.000000e+00	1.040220e+26	5.946856e+02	7.048858e+26	7.427433e+25	0.000000e+00
2.154435e-06	1.144929e+25	0.000000e+00	0.000000e+00	3.022422e+02	3.972336e+26	4.696893e+25	0.000000e+00
2.310130e-06	1.722432e+25	0.000000e+00	0.000000e+00	8.179120e+02	7.521724e+26	1.522111e+25	0.000000e+00
2.477076e-06	2.006693e+24	0.000000e+00	0.000000e+00	1.002544e+04	1.242509e+27	1.418999e+25	0.000000e+00
2.656088e-06	5.966901e+24	0.000000e+00	0.000000e+00	0.000000e+00	4.172962e+26	3.191544e+24	0.000000e+00
2.848036e-06	1.158563e+24	0.000000e+00	0.000000e+00	7.382894e+03	1.378910e+27	3.492214e+24	0.000000e+00
3.053856e-06	0.000000e+00	0.000000e+00	0.000000e+00	1.440443e+03	4.980966e+26	4.314660e+23	0.000000e+00
3.274549e-06	0.000000e+00	0.000000e+00	0.000000e+00	1.350804e+02	1.862900e+25	3.613344e+21	0.000000e+00
3.511192e-06	0.000000e+00	0.000000e+00	0.000000e+00	2.931459e+00	2.037463e+18	9.353581e+22	0.000000e+00
3.764936e-06	0.000000e+00	0.000000e+00	0.000000e+00	0.000000e+00	4.750356e+18	2.964435e+22	0.000000e+00
4.037017e-06	0.000000e+00	0.000000e+00	0.000000e+00	0.000000e+00	2.841507e+18	2.139453e+22	0.000000e+00
4.328761e-06	0.000000e+00	0.000000e+00	0.000000e+00	0.000000e+00	5.313481e+16	1.020042e+19	0.000000e+00
4.641589e-06	0.000000e+00	0.000000e+00	0.000000e+00	0.000000e+00	1.255224e+17	3.602516e+20	0.000000e+00
4.977024e-06	0.000000e+00	0.000000e+00	0.000000e+00	0.000000e+00	2.134370e+17	1.546674e+19	0.000000e+00
5.336699e-06	0.000000e+00	0.000000e+00	0.000000e+00	0.000000e+00	0.000000e+00	0.000000e+00	0.000000e+00
5.722368e-06	0.000000e+00	0.000000e+00	0.000000e+00	0.000000e+00	1.113774e+14	0.000000e+00	0.000000e+00
6.135907e-06	0.000000e+00	0.000000e+00	0.000000e+00	0.000000e+00	1.318220e+14	0.000000e+00	0.000000e+00
6.579332e-06	0.000000e+00	0.000000e+00	0.000000e+00	0.000000e+00	0.000000e+00	0.000000e+00	0.000000e+00
7.054802e-06	0.000000e+00	0.000000e+00	0.000000e+00	0.000000e+00	1.856556e+14	0.000000e+00	0.000000e+00
7.564633e-06	0.000000e+00	0.000000e+00	0.000000e+00	0.000000e+00	1.188151e+12	0.000000e+00	0.000000e+00
8.111308e-06	0.000000e+00	0.000000e+00	0.000000e+00	0.000000e+00	1.402660e+12	0.000000e+00	0.000000e+00
8.697490e-06	0.000000e+00	0.000000e+00	0.000000e+00	0.000000e+00	4.135540e+09	0.000000e+00	0.000000e+00
9.326033e-06	0.000000e+00	0.000000e+00	0.000000e+00	0.000000e+00	4.870009e+09	0.000000e+00	0.000000e+00
1.000000e-05	0.000000e+00	0.000000e+00	0.000000e+00	0.000000e+00	1.971249e+06	0.000000e+00	0.000000e+00
1.072267e-05	0.000000e+00	0.000000e+00	0.000000e+00	0.000000e+00	5.080640e+06	0.000000e+00	0.000000e+00
1.149757e-05	0.000000e+00	0.000000e+00	0.000000e+00	0.000000e+00	1.097937e+02	0.000000e+00	0.000000e+00
1.232847e-05	0.000000e+00	0.000000e+00	0.000000e+00	0.000000e+00	1.292930e+02	0.000000e+00	8.895641e-24
1.321941e-05	0.000000e+00	0.000000e+00	0.000000e+00	0.000000e+00	1.489429e-04	0.000000e+00	1.052854e-23
1.417474e-05	0.000000e+00	0.000000e+00	0.000000e+00	1.510408e-23	8.747776e-05	0.000000e+00	1.239840e-23
1.519911e-05	0.000000e+00	0.000000e+00	6.860583e-23	3.557422e-23	0.000000e+00	0.000000e+00	0.000000e+00
1.629751e-05	0.000000e+00	0.000000e+00	4.029385e-23	0.000000e+00	0.000000e+00	0.000000e+00	0.000000e+00
1.747528e-05	0.000000e+00	0.000000e+00	0.000000e+00	0.000000e+00	0.000000e+00	0.000000e+00	0.000000e+00
1.873817e-05	0.000000e+00	1.782691e-22	0.000000e+00	0.000000e+00	0.000000e+00	0.000000e+00	0.000000e+00
2.009233e-05	0.000000e+00	1.047017e-22	0.000000e+00	0.000000e+00	0.000000e+00	0.000000e+00	0.000000e+00
2.154435e-05	1.826680e-22	0.000000e+00	0.000000e+00	0.000000e+00	0.000000e+00	0.000000e+00	0.000000e+00
2.310130e-05	0.000000e+00	0.000000e+00	0.000000e+00	0.000000e+00	0.000000e+00	1.484643e-22	0.000000e+00
2.477076e-05	0.000000e+00	0.000000e+00	0.000000e+00	0.000000e+00	0.000000e+00	0.000000e+00	0.000000e+00
2.656088e-05	0.000000e+00	0.000000e+00	0.000000e+00	0.000000e+00	0.000000e+00	0.000000e+00	0.000000e+00
2.848036e-05	0.000000e+00	0.000000e+00	0.000000e+00	0.000000e+00	0.000000e+00	0.000000e+00	0.000000e+00
3.053856e-05	0.000000e+00	0.000000e+00	0.000000e+00	0.000000e+00	0.000000e+00	0.000000e+00	0.000000e+00
3.274549e-05	0.000000e+00	0.000000e+00	0.000000e+00	0.000000e+00	0.000000e+00	0.000000e+00	0.000000e+00
3.511192e-05	0.000000e+00	0.000000e+00	0.000000e+00	0.000000e+00	0.000000e+00	0.000000e+00	0.000000e+00
3.764936e-05	0.000000e+00	0.000000e+00	0.000000e+00	0.000000e+00	0.000000e+00	0.000000e+00	0.000000e+00
4.037017e-05	0.000000e+00	0.000000e+00	0.000000e+00	0.000000e+00	0.000000e+00	0.000000e+00	0.000000e+00
4.328761e-05	0.000000e+00	0.000000e+00	0.000000e+00	0.000000e+00	0.000000e+00	0.000000e+00	0.000000e+00
4.641589e-05	0.000000e+00	0.000000e+00	0.000000e+00	0.000000e+00	0.000000e+00	0.000000e+00	0.000000e+00
4.977024e-05	0.000000e+00	0.000000e+00	0.000000e+00	0.000000e+00	0.000000e+00	0.000000e+00	0.000000e+00
5.336699e-05	0.000000e+00	0.000000e+00	0.000000e+00	0.000000e+00	0.000000e+00	0.000000e+00	0.000000e+00
5.722368e-05	0.000000e+00	0.000000e+00	0.000000e+00	0.000000e+00	0.000000e+00	0.000000e+00	0.000000e+00
6.135907e-05	0.000000e+00	0.000000e+00	0.000000e+00	0.000000e+00	0.000000e+00	0.000000e+00	0.000000e+00
6.579332e-05	0.000000e+00	0.000000e+00	0.000000e+00	0.000000e+00	0.000000e+00	0.000000e+00	0.000000e+00
7.054802e-05	0.000000e+00	0.000000e+00	0.000000e+00	0.000000e+00	0.000000e+00	0.000000e+00	0.000000e+00
7.564633e-05	0.000000e+00	0.000000e+00	0.000000e+00	0.000000e+00	0.000000e+00	0.000000e+00	0.000000e+00
8.111308e-05	0.000000e+00	0.000000e+00	0.000000e+00	0.000000e+00	0.000000e+00	0.000000e+00	0.000000e+00
8.697490e-05	0.000000e+00	0.000000e+00	0.000000e+00	0.000000e+00	0.000000e+00	0.000000e+00	0.000000e+00
9.326033e-05	0.000000e+00	0.000000e+00	0.000000e+00	0.000000e+00	0.000000e+00	0.000000e+00	0.000000e+00
1.000000e-04	0.000000e+00	0.000000e+00	0.000000e+00	0.000000e+00	0.000000e+00	0.000000e+00	0.000000e+00
