# number of size bins = 100
# 0:size [cm], masses (1:Al2O3, 2:Fe, 3:Fe3O4, 4:MgSiO3, 5:Mg2SiO4, 6:AC, 7:SiO2) [g]
1.000000e-07	0.000000e+00	0.000000e+00	0.000000e+00	0.000000e+00	0.000000e+00	0.000000e+00	0.000000e+00
1.072267e-07	0.000000e+00	0.000000e+00	0.000000e+00	0.000000e+00	0.000000e+00	0.000000e+00	0.000000e+00
1.149757e-07	0.000000e+00	0.000000e+00	0.000000e+00	0.000000e+00	0.000000e+00	0.000000e+00	0.000000e+00
1.232847e-07	0.000000e+00	0.000000e+00	0.000000e+00	0.000000e+00	0.000000e+00	0.000000e+00	0.000000e+00
1.321941e-07	0.000000e+00	0.000000e+00	0.000000e+00	0.000000e+00	0.000000e+00	0.000000e+00	0.000000e+00
1.417474e-07	0.000000e+00	0.000000e+00	0.000000e+00	0.000000e+00	0.000000e+00	0.000000e+00	0.000000e+00
1.519911e-07	0.000000e+00	0.000000e+00	0.000000e+00	0.000000e+00	0.000000e+00	0.000000e+00	0.000000e+00
1.629751e-07	0.000000e+00	0.000000e+00	0.000000e+00	0.000000e+00	0.000000e+00	0.000000e+00	0.000000e+00
1.747528e-07	0.000000e+00	0.000000e+00	0.000000e+00	0.000000e+00	0.000000e+00	0.000000e+00	0.000000e+00
1.873817e-07	0.000000e+00	0.000000e+00	0.000000e+00	0.000000e+00	0.000000e+00	0.000000e+00	0.000000e+00
2.009233e-07	0.000000e+00	0.000000e+00	0.000000e+00	0.000000e+00	0.000000e+00	0.000000e+00	0.000000e+00
2.154435e-07	0.000000e+00	0.000000e+00	0.000000e+00	0.000000e+00	0.000000e+00	0.000000e+00	0.000000e+00
2.310130e-07	0.000000e+00	0.000000e+00	0.000000e+00	0.000000e+00	0.000000e+00	0.000000e+00	0.000000e+00
2.477076e-07	0.000000e+00	0.000000e+00	0.000000e+00	0.000000e+00	0.000000e+00	0.000000e+00	0.000000e+00
2.656088e-07	0.000000e+00	0.000000e+00	0.000000e+00	0.000000e+00	0.000000e+00	0.000000e+00	0.000000e+00
2.848036e-07	0.000000e+00	0.000000e+00	0.000000e+00	0.000000e+00	0.000000e+00	0.000000e+00	0.000000e+00
3.053856e-07	0.000000e+00	0.000000e+00	0.000000e+00	0.000000e+00	0.000000e+00	0.000000e+00	0.000000e+00
3.274549e-07	0.000000e+00	0.000000e+00	0.000000e+00	0.000000e+00	0.000000e+00	0.000000e+00	0.000000e+00
3.511192e-07	0.000000e+00	0.000000e+00	0.000000e+00	0.000000e+00	0.000000e+00	0.000000e+00	0.000000e+00
3.764936e-07	0.000000e+00	0.000000e+00	0.000000e+00	0.000000e+00	0.000000e+00	0.000000e+00	0.000000e+00
4.037017e-07	0.000000e+00	0.000000e+00	0.000000e+00	0.000000e+00	0.000000e+00	0.000000e+00	0.000000e+00
4.328761e-07	0.000000e+00	0.000000e+00	0.000000e+00	0.000000e+00	0.000000e+00	0.000000e+00	0.000000e+00
4.641589e-07	0.000000e+00	0.000000e+00	0.000000e+00	0.000000e+00	0.000000e+00	0.000000e+00	0.000000e+00
4.977024e-07	0.000000e+00	0.000000e+00	0.000000e+00	0.000000e+00	0.000000e+00	0.000000e+00	0.000000e+00
5.336699e-07	0.000000e+00	0.000000e+00	0.000000e+00	0.000000e+00	0.000000e+00	0.000000e+00	0.000000e+00
5.722368e-07	0.000000e+00	0.000000e+00	0.000000e+00	0.000000e+00	0.000000e+00	0.000000e+00	0.000000e+00
6.135907e-07	0.000000e+00	0.000000e+00	0.000000e+00	0.000000e+00	0.000000e+00	0.000000e+00	0.000000e+00
6.579332e-07	0.000000e+00	0.000000e+00	0.000000e+00	0.000000e+00	0.000000e+00	0.000000e+00	0.000000e+00
7.054802e-07	0.000000e+00	0.000000e+00	0.000000e+00	0.000000e+00	0.000000e+00	0.000000e+00	0.000000e+00
7.564633e-07	0.000000e+00	0.000000e+00	0.000000e+00	0.000000e+00	0.000000e+00	0.000000e+00	0.000000e+00
8.111308e-07	0.000000e+00	0.000000e+00	0.000000e+00	0.000000e+00	0.000000e+00	0.000000e+00	0.000000e+00
8.697490e-07	0.000000e+00	0.000000e+00	0.000000e+00	0.000000e+00	0.000000e+00	0.000000e+00	0.000000e+00
9.326033e-07	0.000000e+00	2.495476e+27	0.000000e+00	0.000000e+00	0.000000e+00	0.000000e+00	0.000000e+00
1.000000e-06	0.000000e+00	1.008544e+27	0.000000e+00	0.000000e+00	0.000000e+00	0.000000e+00	0.000000e+00
1.072267e-06	0.000000e+00	1.239616e+26	0.000000e+00	0.000000e+00	0.000000e+00	0.000000e+00	0.000000e+00
1.149757e-06	0.000000e+00	9.783097e+24	0.000000e+00	0.000000e+00	0.000000e+00	0.000000e+00	0.000000e+00
1.232847e-06	0.000000e+00	1.314426e+23	0.000000e+00	0.000000e+00	0.000000e+00	0.000000e+00	0.000000e+00
1.321941e-06	0.000000e+00	2.062788e+21	0.000000e+00	0.000000e+00	0.000000e+00	0.000000e+00	0.000000e+00
1.417474e-06	0.000000e+00	3.444821e+18	0.000000e+00	0.000000e+00	0.000000e+00	0.000000e+00	0.000000e+00
1.519911e-06	0.000000e+00	9.864138e+14	0.000000e+00	0.000000e+00	0.000000e+00	0.000000e+00	0.000000e+00
1.629751e-06	0.000000e+00	2.566248e+10	0.000000e+00	0.000000e+00	0.000000e+00	0.000000e+00	0.000000e+00
1.747528e-06	0.000000e+00	6.365510e+02	0.000000e+00	0.000000e+00	0.000000e+00	0.000000e+00	0.000000e+00
1.873817e-06	0.000000e+00	3.585290e-11	0.000000e+00	0.000000e+00	0.000000e+00	0.000000e+00	0.000000e+00
2.009233e-06	0.000000e+00	4.294934e-29	0.000000e+00	0.000000e+00	0.000000e+00	0.000000e+00	0.000000e+00
2.154435e-06	0.000000e+00	0.000000e+00	0.000000e+00	0.000000e+00	0.000000e+00	0.000000e+00	0.000000e+00
2.310130e-06	0.000000e+00	0.000000e+00	0.000000e+00	0.000000e+00	0.000000e+00	0.000000e+00	0.000000e+00
2.477076e-06	0.000000e+00	0.000000e+00	0.000000e+00	0.000000e+00	0.000000e+00	0.000000e+00	0.000000e+00
2.656088e-06	0.000000e+00	0.000000e+00	0.000000e+00	0.000000e+00	0.000000e+00	1.058059e-41	0.000000e+00
2.848036e-06	0.000000e+00	0.000000e+00	0.000000e+00	0.000000e+00	0.000000e+00	2.521007e-31	0.000000e+00
3.053856e-06	0.000000e+00	0.000000e+00	0.000000e+00	0.000000e+00	0.000000e+00	2.056286e-19	0.000000e+00
3.274549e-06	0.000000e+00	0.000000e+00	0.000000e+00	0.000000e+00	0.000000e+00	8.231337e-12	0.000000e+00
3.511192e-06	0.000000e+00	0.000000e+00	0.000000e+00	0.000000e+00	0.000000e+00	4.415843e-08	0.000000e+00
3.764936e-06	0.000000e+00	0.000000e+00	0.000000e+00	0.000000e+00	0.000000e+00	5.055846e-01	0.000000e+00
4.037017e-06	0.000000e+00	0.000000e+00	0.000000e+00	0.000000e+00	0.000000e+00	4.968168e+08	0.000000e+00
4.328761e-06	0.000000e+00	0.000000e+00	0.000000e+00	0.000000e+00	0.000000e+00	1.439107e+11	0.000000e+00
4.641589e-06	0.000000e+00	0.000000e+00	0.000000e+00	0.000000e+00	0.000000e+00	8.266487e+11	0.000000e+00
4.977024e-06	0.000000e+00	0.000000e+00	0.000000e+00	0.000000e+00	0.000000e+00	2.483789e+14	0.000000e+00
5.336699e-06	0.000000e+00	0.000000e+00	0.000000e+00	0.000000e+00	0.000000e+00	3.032372e+15	0.000000e+00
5.722368e-06	0.000000e+00	0.000000e+00	0.000000e+00	0.000000e+00	0.000000e+00	1.711867e+17	0.000000e+00
6.135907e-06	0.000000e+00	0.000000e+00	0.000000e+00	0.000000e+00	0.000000e+00	4.807598e+18	0.000000e+00
6.579332e-06	0.000000e+00	0.000000e+00	0.000000e+00	0.000000e+00	0.000000e+00	2.517585e+21	0.000000e+00
7.054802e-06	0.000000e+00	0.000000e+00	0.000000e+00	0.000000e+00	0.000000e+00	1.326563e+22	0.000000e+00
7.564633e-06	0.000000e+00	0.000000e+00	0.000000e+00	0.000000e+00	0.000000e+00	1.360485e+23	0.000000e+00
8.111308e-06	0.000000e+00	0.000000e+00	0.000000e+00	0.000000e+00	0.000000e+00	9.213396e+23	0.000000e+00
8.697490e-06	0.000000e+00	0.000000e+00	0.000000e+00	0.000000e+00	0.000000e+00	7.629722e+24	0.000000e+00
9.326033e-06	0.000000e+00	0.000000e+00	0.000000e+00	0.000000e+00	0.000000e+00	6.949608e+25	0.000000e+00
1.000000e-05	0.000000e+00	0.000000e+00	0.000000e+00	0.000000e+00	0.000000e+00	7.737158e+26	0.000000e+00
1.072267e-05	0.000000e+00	0.000000e+00	0.000000e+00	0.000000e+00	0.000000e+00	2.164260e+27	0.000000e+00
1.149757e-05	0.000000e+00	0.000000e+00	0.000000e+00	0.000000e+00	0.000000e+00	8.665769e+27	0.000000e+00
1.232847e-05	0.000000e+00	0.000000e+00	0.000000e+00	0.000000e+00	0.000000e+00	3.523940e+28	0.000000e+00
1.321941e-05	0.000000e+00	0.000000e+00	0.000000e+00	6.692268e+16	0.000000e+00	1.205027e+29	0.000000e+00
1.417474e-05	0.000000e+00	0.000000e+00	0.000000e+00	0.000000e+00	0.000000e+00	3.426507e+29	0.000000e+00
1.519911e-05	0.000000e+00	0.000000e+00	0.000000e+00	0.000000e+00	0.000000e+00	9.591775e+29	0.000000e+00
1.629751e-05	0.000000e+00	0.000000e+00	0.000000e+00	0.000000e+00	0.000000e+00	2.332135e+30	0.000000e+00
1.747528e-05	0.000000e+00	0.000000e+00	0.000000e+00	0.000000e+00	0.000000e+00	8.978833e+30	0.000000e+00
1.873817e-05	0.000000e+00	0.000000e+00	0.000000e+00	0.000000e+00	8.939200e+19	8.681053e+30	0.000000e+00
2.009233e-05	0.000000e+00	0.000000e+00	0.000000e+00	0.000000e+00	0.000000e+00	1.204626e+31	0.000000e+00
2.154435e-05	0.000000e+00	0.000000e+00	0.000000e+00	0.000000e+00	0.000000e+00	4.073270e+31	0.000000e+00
2.310130e-05	0.000000e+00	0.000000e+00	0.000000e+00	0.000000e+00	0.000000e+00	2.346401e+31	0.000000e+00
2.477076e-05	0.000000e+00	0.000000e+00	0.000000e+00	0.000000e+00	0.000000e+00	3.497128e+31	0.000000e+00
2.656088e-05	0.000000e+00	0.000000e+00	0.000000e+00	0.000000e+00	0.000000e+00	5.628059e+31	0.000000e+00
2.848036e-05	0.000000e+00	0.000000e+00	0.000000e+00	0.000000e+00	0.000000e+00	7.417381e+31	0.000000e+00
3.053856e-05	0.000000e+00	0.000000e+00	0.000000e+00	0.000000e+00	0.000000e+00	8.406143e+31	0.000000e+00
3.274549e-05	0.000000e+00	0.000000e+00	0.000000e+00	0.000000e+00	0.000000e+00	6.023437e+31	0.000000e+00
3.511192e-05	0.000000e+00	0.000000e+00	0.000000e+00	0.000000e+00	0.000000e+00	4.292890e+31	0.000000e+00
3.764936e-05	0.000000e+00	0.000000e+00	0.000000e+00	0.000000e+00	0.000000e+00	3.200101e+31	0.000000e+00
4.037017e-05	0.000000e+00	0.000000e+00	0.000000e+00	0.000000e+00	0.000000e+00	3.538746e+31	0.000000e+00
4.328761e-05	0.000000e+00	0.000000e+00	0.000000e+00	0.000000e+00	0.000000e+00	3.328188e+31	0.000000e+00
4.641589e-05	0.000000e+00	0.000000e+00	0.000000e+00	0.000000e+00	0.000000e+00	3.068296e+31	0.000000e+00
4.977024e-05	0.000000e+00	0.000000e+00	0.000000e+00	0.000000e+00	0.000000e+00	3.761799e+31	0.000000e+00
5.336699e-05	0.000000e+00	0.000000e+00	0.000000e+00	0.000000e+00	0.000000e+00	2.077370e+31	0.000000e+00
5.722368e-05	0.000000e+00	0.000000e+00	0.000000e+00	0.000000e+00	0.000000e+00	0.000000e+00	0.000000e+00
6.135907e-05	0.000000e+00	0.000000e+00	0.000000e+00	0.000000e+00	0.000000e+00	0.000000e+00	0.000000e+00
6.579332e-05	0.000000e+00	0.000000e+00	0.000000e+00	0.000000e+00	0.000000e+00	0.000000e+00	0.000000e+00
7.054802e-05	0.000000e+00	0.000000e+00	0.000000e+00	0.000000e+00	0.000000e+00	0.000000e+00	0.000000e+00
7.564633e-05	0.000000e+00	0.000000e+00	0.000000e+00	0.000000e+00	0.000000e+00	0.000000e+00	0.000000e+00
8.111308e-05	0.000000e+00	0.000000e+00	0.000000e+00	0.000000e+00	0.000000e+00	0.000000e+00	0.000000e+00
8.697490e-05	0.000000e+00	0.000000e+00	0.000000e+00	0.000000e+00	0.000000e+00	0.000000e+00	0.000000e+00
9.326033e-05	0.000000e+00	0.000000e+00	0.000000e+00	0.000000e+00	0.000000e+00	0.000000e+00	0.000000e+00
1.000000e-04	0.000000e+00	0.000000e+00	0.000000e+00	0.000000e+00	0.000000e+00	3.936099e+08	0.000000e+00
