# number of size bins = 513
# 0:size [cm], masses (1:Al2O3, 2:Fe, 3:Fe3O4, 4:MgSiO3, 5:Mg2SiO4, 6:AC, 7:SiO2) [g]
1.000000e-08	2.413892e-59	4.979047e-59	3.225036e-59	2.004224e-59	2.092460e-59	1.183823e+07	1.670187e-59
3.000000e-08	6.517509e-58	1.344343e-57	8.707597e-58	5.411405e-58	5.649643e-58	2.712905e+06	3.691582e+24
5.000000e-08	3.017365e-57	2.802416e-36	4.031295e-57	8.003911e+25	6.659043e+26	8.630964e-13	1.219843e+27
7.000000e-08	8.279651e-57	1.707813e-56	1.106187e-56	9.117090e+27	4.897932e+28	7.327082e-42	2.918518e+28
9.000000e-08	1.759728e-56	3.629725e-56	2.351051e-56	1.117555e+29	3.164898e+29	1.010810e-56	1.130068e+29
1.100000e-07	3.212891e-56	6.627111e-56	4.292523e-56	4.330222e+29	1.043066e+30	3.552753e+09	3.044777e+29
1.300000e-07	5.303322e-56	1.093897e-55	7.085404e-56	1.083271e+30	2.433085e+30	5.663305e+14	6.869155e+29
1.500000e-07	7.363859e+27	1.680428e-55	1.088450e-55	2.278930e+30	4.204016e+30	5.112828e+17	1.251857e+30
1.700000e-07	3.465071e+26	2.446206e-55	1.584460e-55	3.947241e+30	6.580699e+30	4.766839e+19	1.950828e+30
1.900000e-07	1.376893e+20	3.415128e-55	2.212052e-55	6.106372e+30	8.566782e+30	1.410898e+21	3.171515e+30
2.100000e-07	1.267265e+10	4.611095e-55	2.986706e-55	8.409979e+30	1.029116e+31	1.904673e+22	4.468013e+30
2.300000e-07	5.516312e-05	6.058006e-55	3.923901e-55	1.138017e+31	1.160029e+31	1.719959e+23	5.735198e+30
2.500000e-07	1.277430e-24	7.779761e-55	5.039118e-55	1.349541e+31	1.183131e+31	9.537576e+23	7.614225e+30
2.700000e-07	4.751264e-55	9.800258e-55	6.347838e-55	1.581456e+31	1.211361e+31	4.413543e+24	9.209462e+30
2.900000e-07	5.887242e-55	1.214340e-54	7.865540e-55	1.800040e+31	1.218978e+31	1.430114e+25	1.118236e+31
3.100000e-07	7.191227e-55	1.483308e-54	4.692291e+29	1.934127e+31	1.127952e+31	4.388509e+25	1.288783e+31
3.300000e-07	8.674805e-55	1.789320e-54	5.422882e+26	2.042975e+31	1.116584e+31	1.258172e+26	1.508655e+31
3.500000e-07	1.034956e-54	2.134766e-54	1.572274e+21	2.049206e+31	9.898777e+30	2.612152e+26	1.626746e+31
3.700000e-07	1.222709e-54	2.522037e-54	4.451383e+13	1.583582e+31	8.084059e+30	6.276843e+26	1.906800e+31
3.900000e-07	1.431897e-54	2.953521e-54	2.589245e+03	1.545375e+31	3.896049e+30	1.197187e+27	2.011515e+31
4.100000e-07	1.663679e-54	3.431609e-54	8.481761e-11	1.445287e+31	3.624320e+30	2.209371e+27	2.212701e+31
4.300000e-07	1.919213e-54	3.958691e-54	1.263572e-27	1.318756e+31	2.942104e+30	4.084258e+27	2.017365e+31
4.500000e-07	2.199659e-54	4.537156e-54	2.938814e-54	1.197998e+31	2.226991e+30	6.436016e+27	1.213766e+31
4.700000e-07	2.506175e-54	5.169396e-54	3.348329e-54	1.088717e+31	1.724499e+30	1.100727e+28	1.352113e+31
4.900000e-07	2.839920e-54	5.857799e-54	3.794222e-54	9.859139e+30	1.316310e+30	1.662168e+28	1.387373e+31
5.100000e-07	3.202052e-54	6.604755e-54	4.278042e-54	8.069757e+30	7.433669e+29	2.402370e+28	1.294834e+31
5.300000e-07	3.593731e-54	7.412656e-54	4.801337e-54	5.460122e+30	4.965595e+29	3.644842e+28	1.288235e+31
5.500000e-07	4.016113e-54	8.283889e-54	5.365653e-54	5.337029e+30	3.464250e+29	4.861822e+28	1.299828e+31
5.700000e-07	4.470360e-54	9.220846e-54	5.972541e-54	4.205322e+30	2.199939e+29	7.256401e+28	1.239496e+31
5.900000e-07	4.957628e-54	1.022592e-53	6.623546e-54	3.526900e+30	1.527958e+29	9.694650e+28	1.163951e+31
6.100000e-07	5.479077e-54	1.130149e-53	7.320219e-54	2.852004e+30	6.312725e+28	1.271582e+29	1.108708e+31
6.300000e-07	6.035865e-54	1.244996e-53	8.064105e-54	1.910915e+30	4.676985e+28	1.678483e+29	1.100502e+31
6.500000e-07	6.629152e-54	1.367371e-53	8.856755e-54	1.598448e+30	2.597983e+28	2.014874e+29	1.002901e+31
6.700000e-07	7.260095e-54	1.497513e-53	9.699714e-54	1.193043e+30	1.278700e+28	2.669379e+29	9.994282e+30
6.900000e-07	7.929854e-54	1.635662e-53	1.059453e-53	9.273225e+29	7.180614e+27	3.203135e+29	9.230235e+30
7.100000e-07	8.639586e-54	1.782056e-53	1.154276e-53	6.971072e+29	3.594926e+27	3.877078e+29	8.649837e+30
7.300000e-07	9.390452e-54	1.936934e-53	1.254594e-53	4.146281e+29	1.560671e+27	4.710579e+29	8.344712e+30
7.500000e-07	1.018361e-53	2.100535e-53	1.360562e-53	3.363976e+29	7.576028e+26	5.600991e+29	7.759190e+30
7.700000e-07	1.102022e-53	2.273099e-53	1.472335e-53	2.389814e+29	3.345942e+26	6.532833e+29	4.703302e+30
7.900000e-07	1.190143e-53	2.454864e-53	1.590068e-53	1.492012e+29	1.158661e+26	8.154636e+29	4.532717e+30
8.100000e-07	1.282841e-53	2.646070e-53	1.713916e-53	1.055025e+29	5.273576e+25	9.516055e+29	3.903317e+30
8.300000e-07	1.380232e-53	2.846954e-53	1.844034e-53	7.288659e+28	1.638646e+25	1.065696e+30	3.623625e+30
8.500000e-07	1.482432e-53	3.057757e-53	1.980575e-53	4.303841e+28	6.163199e+24	1.256579e+30	3.157251e+30
8.700000e-07	1.589555e-53	3.278717e-53	2.123696e-53	2.883735e+28	2.085144e+24	1.357262e+30	2.796337e+30
8.900000e-07	1.701719e-53	3.510074e-53	2.273550e-53	1.814779e+28	5.571802e+23	1.499121e+30	2.494432e+30
9.100000e-07	1.819039e-53	3.752065e-53	2.430293e-53	1.019273e+28	1.599749e+23	1.758874e+30	2.092449e+30
9.300000e-07	1.941631e-53	4.004931e-53	2.594080e-53	6.364560e+27	4.426972e+22	1.893725e+30	1.941457e+30
9.500000e-07	2.069611e-53	4.268910e-53	2.765065e-53	3.806216e+27	9.378308e+21	2.070404e+30	1.660507e+30
9.700000e-07	2.203094e-53	4.544242e-53	2.943403e-53	2.034422e+27	1.797453e+21	2.254743e+30	1.554837e+30
9.900000e-07	2.342197e-53	4.831164e-53	3.129249e-53	1.145710e+27	3.363271e+20	2.455666e+30	1.099107e+30
1.010000e-06	2.487036e-53	5.129917e-53	3.322758e-53	5.558535e+26	5.654434e+19	2.675144e+30	8.556915e+29
1.030000e-06	2.637725e-53	5.440739e-53	3.524084e-53	3.145843e+26	9.289013e+18	2.812241e+30	7.597606e+29
1.050000e-06	2.794382e-53	5.763869e-53	3.733382e-53	1.520106e+26	1.163869e+18	2.973647e+30	5.914894e+29
1.070000e-06	2.957122e-53	6.099547e-53	3.950808e-53	7.345979e+25	1.195774e+17	3.284105e+30	5.183759e+29
1.090000e-06	3.126061e-53	6.448010e-53	4.176515e-53	3.703535e+25	1.317556e+16	3.547096e+30	4.056045e+29
1.110000e-06	3.301314e-53	6.809499e-53	4.410659e-53	1.575693e+25	8.660768e+14	3.672959e+30	3.572048e+29
1.130000e-06	3.482998e-53	7.184252e-53	4.653395e-53	7.045450e+24	5.822848e+13	3.761944e+30	2.908034e+29
1.150000e-06	3.671229e-53	7.572508e-53	4.904876e-53	3.004002e+24	3.153782e+12	4.181200e+30	2.414146e+29
1.170000e-06	3.866121e-53	7.974506e-53	5.165259e-53	1.099937e+24	1.425692e+11	4.107821e+30	1.708482e+29
1.190000e-06	4.067792e-53	8.390486e-53	5.434698e-53	4.471026e+23	4.598122e+09	4.560974e+30	1.350249e+29
1.210000e-06	4.276358e-53	8.820685e-53	5.713348e-53	1.601092e+23	1.329130e+08	4.447025e+30	1.057907e+29
1.230000e-06	4.491933e-53	9.265344e-53	6.001363e-53	6.044336e+22	2.138715e+06	4.845771e+30	8.540312e+28
1.250000e-06	4.714634e-53	9.724701e-53	6.298898e-53	1.882780e+22	2.948125e+04	4.895269e+30	6.670184e+28
1.270000e-06	4.944576e-53	1.019900e-52	6.606109e-53	5.902277e+21	2.836305e+02	5.152282e+30	5.211150e+28
1.290000e-06	5.181876e-53	1.068847e-52	6.923149e-53	1.777734e+21	1.560373e+00	5.267904e+30	4.125618e+28
1.310000e-06	5.426650e-53	1.119335e-52	7.250174e-53	4.456044e+20	6.553925e-03	5.515286e+30	2.811170e+28
1.330000e-06	5.679012e-53	1.171389e-52	7.587339e-53	1.376004e+20	1.535968e-05	5.420456e+30	2.272290e+28
1.350000e-06	5.939080e-53	1.225032e-52	7.934797e-53	3.230725e+19	2.922863e-08	5.668125e+30	1.575664e+28
1.370000e-06	6.206969e-53	1.280289e-52	8.292706e-53	6.374152e+18	1.922589e-11	5.634195e+30	1.282284e+28
1.390000e-06	6.482795e-53	1.337182e-52	8.661217e-53	1.391574e+18	1.133906e-14	6.026907e+30	9.405405e+27
1.410000e-06	6.766674e-53	1.395737e-52	9.040488e-53	2.728244e+17	1.980709e-18	5.369737e+30	6.673209e+27
1.430000e-06	7.058721e-53	1.455976e-52	9.430672e-53	4.435858e+16	1.819440e-22	5.870515e+30	4.749228e+27
1.450000e-06	7.359053e-53	1.517925e-52	9.831925e-53	6.833013e+15	8.206834e-27	5.696259e+30	3.430035e+27
1.470000e-06	7.667785e-53	1.581606e-52	1.024440e-52	1.002878e+15	1.074479e-31	5.879186e+30	2.334976e+27
1.490000e-06	7.985033e-53	1.647043e-52	1.066825e-52	1.325980e+14	5.561946e-37	5.761998e+30	1.774073e+27
1.510000e-06	8.310913e-53	1.714261e-52	1.110364e-52	1.438605e+13	5.512435e-43	5.803539e+30	1.286674e+27
1.530000e-06	8.645541e-53	1.783284e-52	1.155071e-52	1.320678e+12	7.494307e-53	5.818041e+30	8.029516e+26
1.550000e-06	8.989033e-53	1.854135e-52	1.200963e-52	1.137609e+11	7.792060e-53	6.146322e+30	5.751118e+26
1.570000e-06	9.341505e-53	1.926838e-52	1.248054e-52	9.946415e+09	8.097597e-53	5.824280e+30	3.854618e+26
1.590000e-06	9.703072e-53	2.001417e-52	1.296361e-52	5.236904e+08	8.411018e-53	5.996738e+30	2.648851e+26
1.610000e-06	1.007385e-52	2.077896e-52	1.345898e-52	2.946290e+07	8.732424e-53	5.810520e+30	1.731704e+26
1.630000e-06	1.045396e-52	2.156299e-52	1.396681e-52	1.380871e+06	9.061916e-53	5.819444e+30	1.083459e+26
1.650000e-06	1.084351e-52	2.236650e-52	1.448726e-52	4.995034e+04	9.399593e-53	5.823372e+30	7.077352e+25
1.670000e-06	1.124261e-52	2.318973e-52	1.502048e-52	1.601447e+03	9.745556e-53	5.799235e+30	4.974488e+25
1.690000e-06	1.165140e-52	2.403291e-52	1.556663e-52	3.176971e+01	1.009991e-52	5.761920e+30	2.918493e+25
1.710000e-06	1.206997e-52	2.489629e-52	1.612586e-52	6.378889e-01	1.046274e-52	5.971498e+30	1.884924e+25
1.730000e-06	1.249845e-52	2.578010e-52	1.669832e-52	7.747517e-03	1.083417e-52	5.659362e+30	1.236811e+25
1.750000e-06	1.293695e-52	2.668458e-52	1.728418e-52	8.450511e-05	1.121428e-52	5.672008e+30	7.154642e+24
1.770000e-06	1.338560e-52	2.760998e-52	1.788358e-52	7.574923e-07	1.160318e-52	5.541871e+30	3.956243e+24
1.790000e-06	1.384449e-52	2.855652e-52	1.849667e-52	3.812403e-09	1.200097e-52	5.652404e+30	2.531138e+24
1.810000e-06	1.431376e-52	2.952446e-52	1.912363e-52	1.520463e-11	1.240775e-52	5.455868e+30	1.554244e+24
1.830000e-06	1.479351e-52	3.051402e-52	1.976459e-52	4.274019e-14	1.282362e-52	5.373769e+30	8.313920e+23
1.850000e-06	1.528386e-52	3.152546e-52	2.041972e-52	6.848575e-17	1.324867e-52	5.312169e+30	4.864728e+23
1.870000e-06	1.578493e-52	3.255900e-52	2.108916e-52	5.617902e-20	1.368302e-52	5.266926e+30	2.838521e+23
1.890000e-06	1.629684e-52	3.361488e-52	2.177308e-52	4.939009e-23	1.412676e-52	5.169830e+30	1.398237e+23
1.910000e-06	1.681969e-52	3.469336e-52	2.247163e-52	1.203463e-26	1.457999e-52	4.644472e+30	8.101426e+22
1.930000e-06	1.735361e-52	3.579465e-52	2.318497e-52	2.408555e-30	1.504282e-52	4.806025e+30	4.107107e+22
1.950000e-06	1.789871e-52	3.691901e-52	2.391324e-52	2.142686e-34	1.551533e-52	4.903618e+30	2.247730e+22
1.970000e-06	1.845511e-52	3.806667e-52	2.465660e-52	1.185835e-38	1.599764e-52	4.548323e+30	1.109339e+22
1.990000e-06	1.902292e-52	3.923787e-52	2.541521e-52	2.417078e-43	1.648984e-52	4.483104e+30	5.766029e+21
2.010000e-06	1.960226e-52	4.043285e-52	2.618923e-52	1.627550e-52	1.699203e-52	4.205498e+30	2.785240e+21
2.030000e-06	2.019324e-52	4.165185e-52	2.697880e-52	1.676619e-52	1.750432e-52	4.481519e+30	1.373442e+21
2.050000e-06	2.079598e-52	4.289511e-52	2.778409e-52	1.726664e-52	1.802681e-52	4.186615e+30	6.283156e+20
2.070000e-06	2.141060e-52	4.416287e-52	2.860524e-52	1.777695e-52	1.855958e-52	4.088809e+30	3.000804e+20
2.090000e-06	2.203722e-52	4.545536e-52	2.944241e-52	1.829722e-52	1.910276e-52	3.977588e+30	1.330722e+20
2.110000e-06	2.267594e-52	4.677282e-52	3.029576e-52	1.882754e-52	1.965643e-52	3.885159e+30	5.922898e+19
2.130000e-06	2.332688e-52	4.811550e-52	3.116545e-52	1.936801e-52	2.022069e-52	3.805714e+30	2.447879e+19
2.150000e-06	2.399017e-52	4.948364e-52	3.205162e-52	1.991873e-52	2.079565e-52	3.720877e+30	1.067659e+19
2.170000e-06	2.466591e-52	5.087746e-52	3.295443e-52	2.047979e-52	2.138141e-52	3.592940e+30	4.203196e+18
2.190000e-06	2.535422e-52	5.229721e-52	3.387403e-52	2.105128e-52	2.197807e-52	3.516430e+30	1.649472e+18
2.210000e-06	2.605522e-52	5.374314e-52	3.481059e-52	2.163331e-52	2.258572e-52	3.433902e+30	6.906137e+17
2.230000e-06	2.676902e-52	5.521547e-52	3.576425e-52	2.222598e-52	2.320448e-52	3.332366e+30	2.360418e+17
2.250000e-06	2.749574e-52	5.671446e-52	3.673517e-52	2.282936e-52	2.383443e-52	3.095293e+30	9.080196e+16
2.270000e-06	2.823550e-52	5.824032e-52	3.772351e-52	2.344357e-52	2.447568e-52	3.166347e+30	3.170052e+16
2.290000e-06	2.898841e-52	5.979332e-52	3.872942e-52	2.406870e-52	2.512833e-52	3.072351e+30	1.054650e+16
2.310000e-06	2.975458e-52	6.137368e-52	3.975305e-52	2.470485e-52	2.579248e-52	2.877583e+30	3.459874e+15
2.330000e-06	3.053414e-52	6.298164e-52	4.079456e-52	2.535210e-52	2.646823e-52	2.769625e+30	1.132550e+15
2.350000e-06	3.132719e-52	6.461745e-52	4.185411e-52	2.601057e-52	2.715569e-52	2.666375e+30	3.323812e+14
2.370000e-06	3.213386e-52	6.628134e-52	4.293185e-52	2.668034e-52	2.785494e-52	2.582498e+30	9.353026e+13
2.390000e-06	3.295426e-52	6.797354e-52	4.402793e-52	2.736150e-52	2.856610e-52	2.436552e+30	2.753158e+13
2.410000e-06	3.378851e-52	6.969431e-52	4.514251e-52	2.805417e-52	2.928926e-52	2.412553e+30	7.092223e+12
2.430000e-06	3.463672e-52	7.144388e-52	4.627574e-52	2.875842e-52	3.002452e-52	2.346289e+30	2.013241e+12
2.450000e-06	3.549900e-52	7.322249e-52	4.742778e-52	2.947437e-52	3.077198e-52	2.234612e+30	4.650977e+11
2.470000e-06	3.637548e-52	7.503037e-52	4.859878e-52	3.020210e-52	3.153175e-52	2.185642e+30	1.068188e+11
2.490000e-06	3.726627e-52	7.686777e-52	4.978891e-52	3.094171e-52	3.230392e-52	2.106369e+30	2.567731e+10
2.510000e-06	3.817149e-52	7.873492e-52	5.099830e-52	3.169330e-52	3.308860e-52	2.028961e+30	4.954306e+09
2.530000e-06	3.909124e-52	8.063206e-52	5.222712e-52	3.245696e-52	3.388588e-52	1.949846e+30	1.102462e+09
2.550000e-06	4.002565e-52	8.255944e-52	5.347553e-52	3.323279e-52	3.469587e-52	1.895149e+30	1.851348e+08
2.570000e-06	4.097484e-52	8.451729e-52	5.474367e-52	3.402089e-52	3.551866e-52	1.809767e+30	3.415599e+07
2.590000e-06	4.193892e-52	8.650586e-52	5.603170e-52	3.482134e-52	3.635436e-52	1.678280e+30	5.732668e+06
2.610000e-06	4.291799e-52	8.852537e-52	5.733979e-52	3.563426e-52	3.720307e-52	1.698394e+30	9.564888e+05
2.630000e-06	4.391219e-52	9.057607e-52	5.866807e-52	3.645973e-52	3.806488e-52	1.635128e+30	1.311839e+05
2.650000e-06	4.492163e-52	9.265820e-52	6.001671e-52	3.729786e-52	3.893990e-52	1.522671e+30	1.675221e+04
2.670000e-06	4.594642e-52	9.477199e-52	6.138586e-52	3.814873e-52	3.982823e-52	1.447954e+30	2.136115e+03
2.690000e-06	4.698668e-52	9.691769e-52	6.277567e-52	3.901244e-52	4.072997e-52	1.388693e+30	2.543704e+02
2.710000e-06	4.804252e-52	9.909554e-52	6.418631e-52	3.988909e-52	4.164521e-52	1.292782e+30	2.788323e+01
2.730000e-06	4.911406e-52	1.013058e-51	6.561792e-52	4.077878e-52	4.257407e-52	1.286298e+30	2.829049e+00
2.750000e-06	5.020142e-52	1.035486e-51	6.707067e-52	4.168159e-52	4.351663e-52	1.225686e+30	2.851162e-01
2.770000e-06	5.130471e-52	1.058243e-51	6.854470e-52	4.259764e-52	4.447301e-52	1.173725e+30	2.137888e-02
2.790000e-06	5.242404e-52	1.081331e-51	7.004016e-52	4.352701e-52	4.544330e-52	1.128901e+30	1.689507e-03
2.810000e-06	5.355954e-52	1.104753e-51	7.155723e-52	4.446980e-52	4.642759e-52	1.080044e+30	1.299314e-04
2.830000e-06	5.471132e-52	1.128510e-51	7.309604e-52	4.542611e-52	4.742600e-52	1.031731e+30	8.500023e-06
2.850000e-06	5.587950e-52	1.152606e-51	7.465676e-52	4.639603e-52	4.843862e-52	9.451074e+29	4.825072e-07
2.870000e-06	5.706418e-52	1.177042e-51	7.623953e-52	4.737966e-52	4.946556e-52	9.526173e+29	2.823292e-08
2.890000e-06	5.826549e-52	1.201821e-51	7.784452e-52	4.837709e-52	5.050690e-52	9.148709e+29	1.552539e-09
2.910000e-06	5.948355e-52	1.226945e-51	7.947188e-52	4.938843e-52	5.156276e-52	8.668977e+29	7.051519e-11
2.930000e-06	6.071846e-52	1.252417e-51	8.112177e-52	5.041376e-52	5.263324e-52	8.334479e+29	3.116666e-12
2.950000e-06	6.197035e-52	1.278240e-51	8.279433e-52	5.145319e-52	5.371842e-52	7.635800e+29	1.392000e-13
2.970000e-06	6.323933e-52	1.304414e-51	8.448972e-52	5.250681e-52	5.481843e-52	7.294477e+29	6.930907e-15
2.990000e-06	6.452551e-52	1.330944e-51	8.620811e-52	5.357471e-52	5.593334e-52	6.986751e+29	2.535547e-16
3.010000e-06	6.582902e-52	1.357831e-51	8.794963e-52	5.465699e-52	5.706328e-52	6.354848e+29	1.179464e-17
3.030000e-06	6.714996e-52	1.385078e-51	8.971446e-52	5.575376e-52	5.820832e-52	6.345411e+29	5.658933e-19
3.050000e-06	6.848846e-52	1.412686e-51	9.150273e-52	5.686509e-52	5.936859e-52	6.023594e+29	3.073678e-20
3.070000e-06	6.984463e-52	1.440659e-51	9.331462e-52	5.799110e-52	6.054417e-52	5.740008e+29	1.889558e-21
3.090000e-06	7.121858e-52	1.469000e-51	9.515026e-52	5.913188e-52	6.173517e-52	5.476806e+29	1.633105e-22
3.110000e-06	7.261044e-52	1.497709e-51	9.700982e-52	6.028752e-52	6.294169e-52	5.199364e+29	1.435120e-23
3.130000e-06	7.402031e-52	1.526790e-51	9.889346e-52	6.145812e-52	6.416382e-52	4.943553e+29	1.764959e-24
3.150000e-06	7.544832e-52	1.556245e-51	1.008013e-51	6.264377e-52	6.540167e-52	4.707377e+29	2.876716e-25
3.170000e-06	7.689457e-52	1.586076e-51	1.027336e-51	6.384458e-52	6.665535e-52	4.485857e+29	5.996308e-26
3.190000e-06	7.835919e-52	1.616286e-51	1.046903e-51	6.506063e-52	6.792494e-52	4.247744e+29	1.571137e-26
3.210000e-06	7.984229e-52	1.646878e-51	1.066718e-51	6.629203e-52	6.921055e-52	3.924758e+29	5.083162e-27
3.230000e-06	8.134399e-52	1.677853e-51	1.086781e-51	6.753887e-52	7.051228e-52	3.633762e+29	1.803930e-27
3.250000e-06	8.286440e-52	1.709213e-51	1.107094e-51	6.880125e-52	7.183024e-52	3.565301e+29	7.216346e-28
3.270000e-06	8.440364e-52	1.740963e-51	1.127659e-51	7.007926e-52	7.316451e-52	3.364253e+29	2.663143e-28
3.290000e-06	8.596182e-52	1.773103e-51	1.148477e-51	7.137300e-52	7.451521e-52	3.169791e+29	9.465027e-29
3.310000e-06	8.753906e-52	1.805636e-51	1.169549e-51	7.268256e-52	7.588242e-52	2.997774e+29	2.984185e-29
3.330000e-06	8.913548e-52	1.838565e-51	1.190878e-51	7.400805e-52	7.726626e-52	2.840722e+29	8.062077e-30
3.350000e-06	9.075119e-52	1.871891e-51	1.212464e-51	7.534955e-52	7.866683e-52	2.614194e+29	1.726594e-30
3.370000e-06	9.238631e-52	1.905618e-51	1.234310e-51	7.670717e-52	8.008421e-52	2.538623e+29	3.038839e-31
3.390000e-06	9.404095e-52	1.939748e-51	1.256417e-51	7.808100e-52	8.151852e-52	2.392868e+29	4.579958e-32
3.410000e-06	9.571523e-52	1.974283e-51	1.278785e-51	7.947113e-52	8.296986e-52	2.278948e+29	4.538886e-33
3.430000e-06	9.740926e-52	2.009225e-51	1.301418e-51	8.087767e-52	8.443832e-52	2.138613e+29	3.772033e-34
3.450000e-06	9.912317e-52	2.044577e-51	1.324317e-51	8.230070e-52	8.592400e-52	1.941301e+29	2.846072e-35
3.470000e-06	1.008571e-51	2.080342e-51	1.347482e-51	8.374033e-52	8.742701e-52	1.929394e+29	1.341893e-36
3.490000e-06	1.026111e-51	2.116521e-51	1.370916e-51	8.519665e-52	8.894745e-52	1.751405e+29	5.734080e-38
3.510000e-06	1.043853e-51	2.153117e-51	1.394620e-51	8.666976e-52	9.048541e-52	1.674815e+29	1.744446e-39
3.530000e-06	1.061798e-51	2.190132e-51	1.418596e-51	8.815975e-52	9.204100e-52	1.562995e+29	4.497139e-41
3.550000e-06	1.079948e-51	2.227570e-51	1.442845e-51	8.966672e-52	9.361432e-52	1.470291e+29	1.143498e-42
3.570000e-06	1.098304e-51	2.265431e-51	1.467368e-51	9.119077e-52	9.520546e-52	1.319015e+29	7.599231e-52
3.590000e-06	1.116866e-51	2.303719e-51	1.492169e-51	9.273199e-52	9.681453e-52	1.305743e+29	7.727666e-52
3.610000e-06	1.135637e-51	2.342436e-51	1.517247e-51	9.429048e-52	9.844163e-52	1.228059e+29	7.857540e-52
3.630000e-06	1.154617e-51	2.381585e-51	1.542604e-51	9.586633e-52	1.000869e-51	1.156373e+29	7.988861e-52
3.650000e-06	1.173806e-51	2.421167e-51	1.568242e-51	9.745965e-52	1.017503e-51	1.087018e+29	8.121637e-52
3.670000e-06	1.193208e-51	2.461186e-51	1.594163e-51	9.907052e-52	1.034321e-51	1.018383e+29	8.255877e-52
3.690000e-06	1.212822e-51	2.501643e-51	1.620368e-51	1.006990e-51	1.051323e-51	9.596786e+28	8.391587e-52
3.710000e-06	1.232650e-51	2.542541e-51	1.646858e-51	1.023453e-51	1.068511e-51	9.021250e+28	8.528776e-52
3.730000e-06	1.252692e-51	2.583882e-51	1.673636e-51	1.040094e-51	1.085885e-51	7.777046e+28	8.667453e-52
3.750000e-06	1.272951e-51	2.625669e-51	1.700702e-51	1.056915e-51	1.103446e-51	7.792562e+28	8.807625e-52
3.770000e-06	1.293427e-51	2.667904e-51	1.728059e-51	1.073916e-51	1.121195e-51	7.254113e+28	8.949300e-52
3.790000e-06	1.314122e-51	2.710590e-51	1.755708e-51	1.091098e-51	1.139134e-51	6.780900e+28	9.092486e-52
3.810000e-06	1.335036e-51	2.753729e-51	1.783649e-51	1.108463e-51	1.157263e-51	6.341846e+28	9.237191e-52
3.830000e-06	1.356170e-51	2.797322e-51	1.811886e-51	1.126011e-51	1.175584e-51	5.948428e+28	9.383424e-52
3.850000e-06	1.377527e-51	2.841374e-51	1.840419e-51	1.143743e-51	1.194096e-51	5.386086e+28	9.531191e-52
3.870000e-06	1.399107e-51	2.885886e-51	1.869250e-51	1.161660e-51	1.212803e-51	5.212373e+28	9.680502e-52
3.890000e-06	1.420910e-51	2.930860e-51	1.898381e-51	1.179764e-51	1.231703e-51	4.880387e+28	9.831365e-52
3.910000e-06	1.442940e-51	2.976299e-51	1.927813e-51	1.198054e-51	1.250799e-51	4.542338e+28	9.983786e-52
3.930000e-06	1.465195e-51	3.022205e-51	1.957547e-51	1.216533e-51	1.270091e-51	4.229669e+28	1.013778e-51
3.950000e-06	1.487679e-51	3.068580e-51	1.987586e-51	1.235201e-51	1.289581e-51	3.801328e+28	1.029334e-51
3.970000e-06	1.510391e-51	3.115428e-51	2.017930e-51	1.254058e-51	1.309269e-51	3.624337e+28	1.045049e-51
3.990000e-06	1.533333e-51	3.162750e-51	2.048581e-51	1.273107e-51	1.329156e-51	3.289400e+28	1.060923e-51
4.010000e-06	1.556507e-51	3.210549e-51	2.079542e-51	1.292348e-51	1.349243e-51	3.126109e+28	1.076956e-51
4.030000e-06	1.579913e-51	3.258827e-51	2.110813e-51	1.311781e-51	1.369533e-51	2.940928e+28	1.093151e-51
4.050000e-06	1.603552e-51	3.307587e-51	2.142395e-51	1.331408e-51	1.390024e-51	2.724836e+28	1.109507e-51
4.070000e-06	1.627426e-51	3.356831e-51	2.174292e-51	1.351231e-51	1.410719e-51	2.409928e+28	1.126026e-51
4.090000e-06	1.651535e-51	3.406561e-51	2.206503e-51	1.371249e-51	1.431618e-51	2.363846e+28	1.142707e-51
4.110000e-06	1.675882e-51	3.456780e-51	2.239030e-51	1.391463e-51	1.452723e-51	2.200884e+28	1.159553e-51
4.130000e-06	1.700466e-51	3.507489e-51	2.271876e-51	1.411875e-51	1.474034e-51	2.044198e+28	1.176563e-51
4.150000e-06	1.725290e-51	3.558693e-51	2.305042e-51	1.432486e-51	1.495552e-51	1.903005e+28	1.193739e-51
4.170000e-06	1.750355e-51	3.610392e-51	2.338529e-51	1.453297e-51	1.517279e-51	1.687250e+28	1.211081e-51
4.190000e-06	1.775661e-51	3.662590e-51	2.372338e-51	1.474308e-51	1.539215e-51	1.526758e+28	1.228590e-51
4.210000e-06	1.801209e-51	3.715288e-51	2.406472e-51	1.495521e-51	1.561362e-51	1.482348e+28	1.246268e-51
4.230000e-06	1.827002e-51	3.768490e-51	2.440932e-51	1.516936e-51	1.583720e-51	1.373134e+28	1.264114e-51
4.250000e-06	1.853040e-51	3.822196e-51	2.475719e-51	1.538555e-51	1.606290e-51	1.273330e+28	1.282129e-51
4.270000e-06	1.879323e-51	3.876411e-51	2.510835e-51	1.560378e-51	1.629074e-51	1.177048e+28	1.300315e-51
4.290000e-06	1.905855e-51	3.931136e-51	2.546282e-51	1.582407e-51	1.652072e-51	1.089158e+28	1.318672e-51
4.310000e-06	1.932634e-51	3.986374e-51	2.582060e-51	1.604642e-51	1.675286e-51	1.007422e+28	1.337201e-51
4.330000e-06	1.959664e-51	4.042127e-51	2.618172e-51	1.627084e-51	1.698716e-51	9.331397e+27	1.355903e-51
4.350000e-06	1.986944e-51	4.098397e-51	2.654620e-51	1.649734e-51	1.722364e-51	8.643604e+27	1.374779e-51
4.370000e-06	2.014477e-51	4.155187e-51	2.691404e-51	1.672594e-51	1.746230e-51	7.224264e+27	1.393828e-51
4.390000e-06	2.042262e-51	4.212499e-51	2.728526e-51	1.695664e-51	1.770316e-51	7.233723e+27	1.413053e-51
4.410000e-06	2.070302e-51	4.270335e-51	2.765988e-51	1.718945e-51	1.794622e-51	6.659050e+27	1.432454e-51
4.430000e-06	2.098597e-51	4.328699e-51	2.803792e-51	1.742438e-51	1.819149e-51	6.148023e+27	1.452032e-51
4.450000e-06	2.127149e-51	4.387592e-51	2.841938e-51	1.766145e-51	1.843899e-51	5.649823e+27	1.471787e-51
4.470000e-06	2.155959e-51	4.447017e-51	2.880429e-51	1.790065e-51	1.868873e-51	5.201084e+27	1.491721e-51
4.490000e-06	2.185028e-51	4.506976e-51	2.919265e-51	1.814200e-51	1.894071e-51	4.660539e+27	1.511834e-51
4.510000e-06	2.214356e-51	4.567471e-51	2.958450e-51	1.838552e-51	1.919494e-51	4.412463e+27	1.532127e-51
4.530000e-06	2.243947e-51	4.628506e-51	2.997983e-51	1.863120e-51	1.945144e-51	4.076114e+27	1.552600e-51
4.550000e-06	2.273799e-51	4.690082e-51	3.037867e-51	1.887906e-51	1.971022e-51	3.501242e+27	1.573255e-51
4.570000e-06	2.303915e-51	4.752201e-51	3.078103e-51	1.912911e-51	1.997128e-51	3.372659e+27	1.594093e-51
4.590000e-06	2.334296e-51	4.814867e-51	3.118693e-51	1.938136e-51	2.023463e-51	3.078780e+27	1.615114e-51
4.610000e-06	2.364943e-51	4.878081e-51	3.159638e-51	1.963582e-51	2.050029e-51	2.761291e+27	1.636318e-51
4.630000e-06	2.395857e-51	4.941846e-51	3.200940e-51	1.989249e-51	2.076826e-51	2.591735e+27	1.657708e-51
4.650000e-06	2.427039e-51	5.006164e-51	3.242600e-51	2.015139e-51	2.103856e-51	2.384035e+27	1.679283e-51
4.670000e-06	2.458491e-51	5.071038e-51	3.284620e-51	2.041253e-51	2.131120e-51	2.087320e+27	1.701044e-51
4.690000e-06	2.490213e-51	5.136470e-51	3.327002e-51	2.067592e-51	2.158618e-51	2.000810e+27	1.722993e-51
4.710000e-06	2.522206e-51	5.202462e-51	3.369747e-51	2.094156e-51	2.186351e-51	1.837848e+27	1.745130e-51
4.730000e-06	2.554473e-51	5.269017e-51	3.412856e-51	2.120946e-51	2.214321e-51	1.600605e+27	1.767455e-51
4.750000e-06	2.587014e-51	5.336138e-51	3.456331e-51	2.147964e-51	2.242529e-51	1.513939e+27	1.789970e-51
4.770000e-06	2.619830e-51	5.403826e-51	3.500174e-51	2.175211e-51	2.270975e-51	1.373403e+27	1.812676e-51
4.790000e-06	2.652922e-51	5.472084e-51	3.544387e-51	2.202687e-51	2.299661e-51	1.192437e+27	1.835572e-51
4.810000e-06	2.686291e-51	5.540914e-51	3.588970e-51	2.230393e-51	2.328587e-51	1.149958e+27	1.858661e-51
4.830000e-06	2.719940e-51	5.610320e-51	3.633925e-51	2.258331e-51	2.357755e-51	1.047610e+27	1.881943e-51
4.850000e-06	2.753868e-51	5.680302e-51	3.679254e-51	2.286501e-51	2.387165e-51	9.528058e+26	1.905418e-51
4.870000e-06	2.788077e-51	5.750864e-51	3.724958e-51	2.314905e-51	2.416819e-51	8.688703e+26	1.929087e-51
4.890000e-06	2.822568e-51	5.822008e-51	3.771040e-51	2.343542e-51	2.446717e-51	7.228583e+26	1.952952e-51
4.910000e-06	2.857343e-51	5.893736e-51	3.817500e-51	2.372415e-51	2.476861e-51	7.109566e+26	1.977013e-51
4.930000e-06	2.892402e-51	5.966051e-51	3.864340e-51	2.401524e-51	2.507252e-51	6.429446e+26	2.001270e-51
4.950000e-06	2.927747e-51	6.038955e-51	3.911561e-51	2.430871e-51	2.537890e-51	5.833754e+26	2.025726e-51
4.970000e-06	2.963378e-51	6.112451e-51	3.959166e-51	2.460455e-51	2.568777e-51	5.295094e+26	2.050379e-51
4.990000e-06	2.999297e-51	6.186540e-51	4.007155e-51	2.490278e-51	2.599913e-51	4.825149e+26	2.075232e-51
5.010000e-06	3.035506e-51	6.261226e-51	4.055531e-51	2.520342e-51	2.631300e-51	4.243802e+26	2.100285e-51
5.030000e-06	3.072005e-51	6.336511e-51	4.104294e-51	2.550646e-51	2.662939e-51	3.792344e+26	2.125538e-51
5.050000e-06	3.108795e-51	6.412396e-51	4.153447e-51	2.581192e-51	2.694830e-51	3.541056e+26	2.150994e-51
5.070000e-06	3.145877e-51	6.488885e-51	4.202991e-51	2.611982e-51	2.726975e-51	3.193981e+26	2.176651e-51
5.090000e-06	3.183254e-51	6.565980e-51	4.252927e-51	2.643015e-51	2.759374e-51	2.887393e+26	2.202512e-51
5.110000e-06	3.220925e-51	6.643683e-51	4.303257e-51	2.674293e-51	2.792029e-51	2.552558e+26	2.228577e-51
5.130000e-06	3.258892e-51	6.721997e-51	4.353982e-51	2.705816e-51	2.824940e-51	2.369654e+26	2.254847e-51
5.150000e-06	3.297157e-51	6.800924e-51	4.405105e-51	2.737587e-51	2.858110e-51	2.123022e+26	2.281323e-51
5.170000e-06	3.335720e-51	6.880466e-51	4.456626e-51	2.769605e-51	2.891538e-51	1.846543e+26	2.308004e-51
5.190000e-06	3.374582e-51	6.960626e-51	4.508547e-51	2.801872e-51	2.925225e-51	1.722187e+26	2.334893e-51
5.210000e-06	3.413745e-51	7.041406e-51	4.560870e-51	2.834389e-51	2.959173e-51	1.510823e+26	2.361991e-51
5.230000e-06	3.453210e-51	7.122809e-51	4.613596e-51	2.867156e-51	2.993383e-51	1.390200e+26	2.389297e-51
5.250000e-06	3.492978e-51	7.204836e-51	4.666728e-51	2.900175e-51	3.027855e-51	1.246988e+26	2.416812e-51
5.270000e-06	3.533050e-51	7.287492e-51	4.720265e-51	2.933446e-51	3.062591e-51	1.075000e+26	2.444538e-51
5.290000e-06	3.573427e-51	7.370776e-51	4.774210e-51	2.966971e-51	3.097592e-51	1.016336e+26	2.472476e-51
5.310000e-06	3.614111e-51	7.454693e-51	4.828565e-51	3.000750e-51	3.132858e-51	9.149190e+25	2.500625e-51
5.330000e-06	3.655102e-51	7.539245e-51	4.883331e-51	3.034785e-51	3.168391e-51	7.864632e+25	2.528987e-51
5.350000e-06	3.696402e-51	7.624433e-51	4.938509e-51	3.069076e-51	3.204192e-51	7.245563e+25	2.557563e-51
5.370000e-06	3.738013e-51	7.710261e-51	4.994102e-51	3.103624e-51	3.240262e-51	6.182140e+25	2.586353e-51
5.390000e-06	3.779934e-51	7.796730e-51	5.050110e-51	3.138431e-51	3.276601e-51	5.846914e+25	2.615359e-51
5.410000e-06	3.822167e-51	7.883844e-51	5.106535e-51	3.173497e-51	3.313210e-51	5.203569e+25	2.644581e-51
5.430000e-06	3.864714e-51	7.971604e-51	5.163379e-51	3.208823e-51	3.350092e-51	4.653745e+25	2.674019e-51
5.450000e-06	3.907576e-51	8.060013e-51	5.220644e-51	3.244410e-51	3.387246e-51	4.045412e+25	2.703675e-51
5.470000e-06	3.950753e-51	8.149073e-51	5.278330e-51	3.280260e-51	3.424674e-51	3.654847e+25	2.733550e-51
5.490000e-06	3.994247e-51	8.238787e-51	5.336439e-51	3.316372e-51	3.462376e-51	3.130814e+25	2.763644e-51
5.510000e-06	4.038059e-51	8.329156e-51	5.394974e-51	3.352749e-51	3.500354e-51	2.924123e+25	2.793958e-51
5.530000e-06	4.082191e-51	8.420185e-51	5.453935e-51	3.389391e-51	3.538609e-51	2.605750e+25	2.824492e-51
5.550000e-06	4.126643e-51	8.511874e-51	5.513324e-51	3.426298e-51	3.577142e-51	2.312778e+25	2.855249e-51
5.570000e-06	4.171416e-51	8.604226e-51	5.573142e-51	3.463473e-51	3.615953e-51	2.062119e+25	2.886228e-51
5.590000e-06	4.216512e-51	8.697244e-51	5.633392e-51	3.500916e-51	3.655044e-51	1.688854e+25	2.917430e-51
5.610000e-06	4.261932e-51	8.790930e-51	5.694074e-51	3.538627e-51	3.694416e-51	1.619283e+25	2.948856e-51
5.630000e-06	4.307677e-51	8.885286e-51	5.755191e-51	3.576609e-51	3.734069e-51	1.437994e+25	2.980507e-51
5.650000e-06	4.353748e-51	8.980315e-51	5.816743e-51	3.614861e-51	3.774006e-51	1.269503e+25	3.012384e-51
5.670000e-06	4.400146e-51	9.076019e-51	5.878733e-51	3.653385e-51	3.814226e-51	1.096587e+25	3.044487e-51
5.690000e-06	4.446873e-51	9.172401e-51	5.941161e-51	3.692182e-51	3.854730e-51	1.000376e+25	3.076818e-51
5.710000e-06	4.493929e-51	9.269462e-51	6.004030e-51	3.731252e-51	3.895521e-51	8.406736e+24	3.109377e-51
5.730000e-06	4.541316e-51	9.367206e-51	6.067341e-51	3.770597e-51	3.936598e-51	7.755174e+24	3.142164e-51
5.750000e-06	4.589036e-51	9.465635e-51	6.131095e-51	3.810218e-51	3.977963e-51	6.873952e+24	3.175181e-51
5.770000e-06	4.637088e-51	9.564751e-51	6.195295e-51	3.850115e-51	4.019617e-51	6.046058e+24	3.208429e-51
5.790000e-06	4.685475e-51	9.664556e-51	6.259941e-51	3.890290e-51	4.061560e-51	5.190973e+24	3.241908e-51
5.810000e-06	4.734197e-51	9.765053e-51	6.325035e-51	3.930743e-51	4.103795e-51	4.707325e+24	3.275619e-51
5.830000e-06	4.783255e-51	9.866245e-51	6.390579e-51	3.971476e-51	4.146321e-51	3.926557e+24	3.309563e-51
5.850000e-06	4.832652e-51	9.968133e-51	6.456574e-51	4.012489e-51	4.189139e-51	3.632307e+24	3.343741e-51
5.870000e-06	4.882387e-51	1.007072e-50	6.523022e-51	4.053783e-51	4.232252e-51	3.170908e+24	3.378153e-51
5.890000e-06	4.932462e-51	1.017401e-50	6.589924e-51	4.095360e-51	4.275659e-51	2.716831e+24	3.412800e-51
5.910000e-06	4.982879e-51	1.027800e-50	6.657282e-51	4.137221e-51	4.319362e-51	2.455960e+24	3.447684e-51
5.930000e-06	5.033638e-51	1.038270e-50	6.725098e-51	4.179365e-51	4.363362e-51	2.060410e+24	3.482804e-51
5.950000e-06	5.084741e-51	1.048811e-50	6.793373e-51	4.221795e-51	4.407660e-51	1.875066e+24	3.518163e-51
5.970000e-06	5.136188e-51	1.059423e-50	6.862108e-51	4.264511e-51	4.452257e-51	1.597469e+24	3.553759e-51
5.990000e-06	5.187981e-51	1.070106e-50	6.931305e-51	4.307514e-51	4.497153e-51	1.447137e+24	3.589595e-51
6.010000e-06	5.240121e-51	1.080860e-50	7.000966e-51	4.350805e-51	4.542350e-51	1.254422e+24	3.625671e-51
6.030000e-06	5.292609e-51	1.091687e-50	7.071092e-51	4.394386e-51	4.587849e-51	1.052682e+24	3.661988e-51
6.050000e-06	5.345447e-51	1.102586e-50	7.141685e-51	4.438256e-51	4.633651e-51	9.574494e+23	3.698547e-51
6.070000e-06	5.398635e-51	1.113557e-50	7.212746e-51	4.482418e-51	4.679757e-51	8.070556e+23	3.735348e-51
6.090000e-06	5.452175e-51	1.124600e-50	7.284276e-51	4.526871e-51	4.726167e-51	7.298877e+23	3.772393e-51
6.110000e-06	5.506067e-51	1.135716e-50	7.356279e-51	4.571617e-51	4.772884e-51	6.300529e+23	3.809681e-51
6.130000e-06	5.560314e-51	1.146906e-50	7.428754e-51	4.616658e-51	4.819907e-51	5.242151e+23	3.847215e-51
6.150000e-06	5.614916e-51	1.158168e-50	7.501703e-51	4.661993e-51	4.867238e-51	4.770310e+23	3.884994e-51
6.170000e-06	5.669874e-51	1.169504e-50	7.575129e-51	4.707624e-51	4.914878e-51	4.003478e+23	3.923020e-51
6.190000e-06	5.725189e-51	1.180914e-50	7.649032e-51	4.753551e-51	4.962827e-51	3.558128e+23	3.961293e-51
6.210000e-06	5.780863e-51	1.192397e-50	7.723414e-51	4.799777e-51	5.011088e-51	2.973346e+23	3.999814e-51
6.230000e-06	5.836897e-51	1.203955e-50	7.798277e-51	4.846301e-51	5.059660e-51	2.705061e+23	4.038584e-51
6.250000e-06	5.893292e-51	1.215588e-50	7.873623e-51	4.893125e-51	5.108545e-51	2.308943e+23	4.077604e-51
6.270000e-06	5.950049e-51	1.227295e-50	7.949452e-51	4.940249e-51	5.157745e-51	1.937305e+23	4.116874e-51
6.290000e-06	6.007169e-51	1.239077e-50	8.025766e-51	4.987675e-51	5.207259e-51	1.716984e+23	4.156396e-51
6.310000e-06	6.064653e-51	1.250934e-50	8.102567e-51	5.035404e-51	5.257088e-51	1.427016e+23	4.196170e-51
6.330000e-06	6.122503e-51	1.262866e-50	8.179856e-51	5.083436e-51	5.307235e-51	1.289688e+23	4.236197e-51
6.350000e-06	6.180720e-51	1.274874e-50	8.257636e-51	5.131773e-51	5.357700e-51	1.096085e+23	4.276477e-51
6.370000e-06	6.239305e-51	1.286958e-50	8.335907e-51	5.180415e-51	5.408483e-51	9.179389e+22	4.317012e-51
6.390000e-06	6.298258e-51	1.299119e-50	8.414671e-51	5.229363e-51	5.459587e-51	8.152640e+22	4.357803e-51
6.410000e-06	6.357582e-51	1.311355e-50	8.493929e-51	5.278619e-51	5.511011e-51	6.652106e+22	4.398849e-51
6.430000e-06	6.417277e-51	1.323668e-50	8.573684e-51	5.328183e-51	5.562757e-51	5.988410e+22	4.440153e-51
6.450000e-06	6.477345e-51	1.336058e-50	8.653936e-51	5.378057e-51	5.614827e-51	4.951852e+22	4.481714e-51
6.470000e-06	6.537787e-51	1.348525e-50	8.734688e-51	5.428241e-51	5.667220e-51	4.394475e+22	4.523534e-51
6.490000e-06	6.598603e-51	1.361070e-50	8.815940e-51	5.478736e-51	5.719938e-51	3.557815e+22	4.565613e-51
6.510000e-06	6.659795e-51	1.373691e-50	8.897695e-51	5.529543e-51	5.772982e-51	3.223178e+22	4.607952e-51
6.530000e-06	6.721364e-51	1.386391e-50	8.979953e-51	5.580663e-51	5.826352e-51	2.717023e+22	4.650552e-51
6.550000e-06	6.783312e-51	1.399169e-50	9.062717e-51	5.632097e-51	5.880051e-51	2.251864e+22	4.693414e-51
6.570000e-06	6.845639e-51	1.412025e-50	9.145988e-51	5.683847e-51	5.934079e-51	1.972014e+22	4.736539e-51
6.590000e-06	6.908347e-51	1.424959e-50	9.229768e-51	5.735912e-51	5.988437e-51	1.599169e+22	4.779927e-51
6.610000e-06	6.971437e-51	1.437973e-50	9.314058e-51	5.788295e-51	6.043125e-51	1.426868e+22	4.823579e-51
6.630000e-06	7.034909e-51	1.451065e-50	9.398859e-51	5.840995e-51	6.098146e-51	1.172485e+22	4.867496e-51
6.650000e-06	7.098766e-51	1.464236e-50	9.484173e-51	5.894014e-51	6.153499e-51	1.025080e+22	4.911679e-51
6.670000e-06	7.163007e-51	1.477487e-50	9.570002e-51	5.947353e-51	6.209187e-51	8.274823e+21	4.956128e-51
6.690000e-06	7.227636e-51	1.490818e-50	9.656348e-51	6.001013e-51	6.265209e-51	7.356060e+21	5.000845e-51
6.710000e-06	7.292651e-51	1.504228e-50	9.743211e-51	6.054995e-51	6.321567e-51	5.983446e+21	5.045829e-51
6.730000e-06	7.358056e-51	1.517719e-50	9.830593e-51	6.109300e-51	6.378263e-51	5.271814e+21	5.091083e-51
6.750000e-06	7.423851e-51	1.531290e-50	9.918497e-51	6.163928e-51	6.435296e-51	4.208594e+21	5.136607e-51
6.770000e-06	7.490036e-51	1.544942e-50	1.000692e-50	6.218881e-51	6.492668e-51	3.740684e+21	5.182401e-51
6.790000e-06	7.556614e-51	1.558675e-50	1.009587e-50	6.274160e-51	6.550381e-51	3.038226e+21	5.228466e-51
6.810000e-06	7.623585e-51	1.572489e-50	1.018535e-50	6.329765e-51	6.608434e-51	2.614914e+21	5.274804e-51
6.830000e-06	7.690950e-51	1.586384e-50	1.027535e-50	6.385698e-51	6.666829e-51	2.097351e+21	5.321415e-51
6.850000e-06	7.758712e-51	1.600361e-50	1.036588e-50	6.441959e-51	6.725567e-51	1.853120e+21	5.368299e-51
6.870000e-06	7.826870e-51	1.614420e-50	1.045694e-50	6.498550e-51	6.784650e-51	1.492526e+21	5.415458e-51
6.890000e-06	7.895426e-51	1.628560e-50	1.054854e-50	6.555471e-51	6.844077e-51	1.296140e+21	5.462893e-51
6.910000e-06	7.964381e-51	1.642784e-50	1.064066e-50	6.612724e-51	6.903850e-51	1.077514e+21	5.510603e-51
6.930000e-06	8.033737e-51	1.657089e-50	1.073332e-50	6.670309e-51	6.963970e-51	8.554208e+20	5.558591e-51
6.950000e-06	8.103494e-51	1.671478e-50	1.082652e-50	6.728227e-51	7.024439e-51	7.499528e+20	5.606856e-51
6.970000e-06	8.173654e-51	1.685949e-50	1.092026e-50	6.786480e-51	7.085256e-51	6.053320e+20	5.655400e-51
6.990000e-06	8.244217e-51	1.700504e-50	1.101453e-50	6.845068e-51	7.146423e-51	4.980318e+20	5.704223e-51
7.010000e-06	8.315186e-51	1.715143e-50	1.110935e-50	6.903992e-51	7.207942e-51	4.327049e+20	5.753327e-51
7.030000e-06	8.386560e-51	1.729865e-50	1.120471e-50	6.963254e-51	7.269812e-51	3.566325e+20	5.802711e-51
7.050000e-06	8.458342e-51	1.744671e-50	1.130061e-50	7.022853e-51	7.332036e-51	2.862870e+20	5.852378e-51
7.070000e-06	8.530532e-51	1.759562e-50	1.139706e-50	7.082792e-51	7.394613e-51	2.349266e+20	5.902327e-51
7.090000e-06	8.603132e-51	1.774536e-50	1.149405e-50	7.143071e-51	7.457546e-51	2.031111e+20	5.952559e-51
7.110000e-06	8.676143e-51	1.789596e-50	1.159160e-50	7.203691e-51	7.520834e-51	1.674151e+20	6.003075e-51
7.130000e-06	8.749566e-51	1.804741e-50	1.168969e-50	7.264652e-51	7.584480e-51	1.334007e+20	6.053877e-51
7.150000e-06	8.823401e-51	1.819970e-50	1.178834e-50	7.325957e-51	7.648484e-51	1.081702e+20	6.104964e-51
7.170000e-06	8.897651e-51	1.835286e-50	1.188754e-50	7.387606e-51	7.712846e-51	9.353696e+19	6.156338e-51
7.190000e-06	8.972316e-51	1.850687e-50	1.198730e-50	7.449599e-51	7.777569e-51	7.676983e+19	6.207999e-51
7.210000e-06	9.047398e-51	1.866173e-50	1.208761e-50	7.511939e-51	7.842653e-51	6.080849e+19	6.259949e-51
7.230000e-06	9.122897e-51	1.881746e-50	1.218848e-50	7.574625e-51	7.908099e-51	4.905308e+19	6.312188e-51
7.250000e-06	9.198816e-51	1.897406e-50	1.228991e-50	7.637659e-51	7.973908e-51	4.232324e+19	6.364716e-51
7.270000e-06	9.275154e-51	1.913152e-50	1.239190e-50	7.701042e-51	8.040081e-51	3.336323e+19	6.417535e-51
7.290000e-06	9.351914e-51	1.928985e-50	1.249445e-50	7.764774e-51	8.106620e-51	2.810465e+19	6.470645e-51
7.310000e-06	9.429095e-51	1.944905e-50	1.259757e-50	7.828857e-51	8.173524e-51	2.181804e+19	6.524048e-51
7.330000e-06	9.506701e-51	1.960912e-50	1.270125e-50	7.893292e-51	8.240795e-51	1.861039e+19	6.577743e-51
7.350000e-06	9.584731e-51	1.977007e-50	1.280550e-50	7.958079e-51	8.308435e-51	1.460798e+19	6.631733e-51
7.370000e-06	9.663187e-51	1.993190e-50	1.291032e-50	8.023220e-51	8.376444e-51	1.227387e+19	6.686017e-51
7.390000e-06	9.742069e-51	2.009461e-50	1.301571e-50	8.088715e-51	8.444822e-51	9.450154e+18	6.740596e-51
7.410000e-06	9.821380e-51	2.025820e-50	1.312167e-50	8.154566e-51	8.513572e-51	8.044316e+18	6.795472e-51
7.430000e-06	9.901120e-51	2.042268e-50	1.322821e-50	8.220774e-51	8.582694e-51	6.473509e+18	6.850645e-51
7.450000e-06	9.981291e-51	2.058804e-50	1.333532e-50	8.287338e-51	8.652190e-51	5.069291e+18	6.906115e-51
7.470000e-06	1.006189e-50	2.075430e-50	1.344300e-50	8.354261e-51	8.722059e-51	3.996918e+18	6.961884e-51
7.490000e-06	1.014293e-50	2.092144e-50	1.355127e-50	8.421544e-51	8.792303e-51	3.392046e+18	7.017953e-51
7.510000e-06	1.022440e-50	2.108949e-50	1.366011e-50	8.489186e-51	8.862924e-51	2.650298e+18	7.074322e-51
7.530000e-06	1.030630e-50	2.125843e-50	1.376954e-50	8.557190e-51	8.933922e-51	2.178623e+18	7.130992e-51
7.550000e-06	1.038864e-50	2.142827e-50	1.387955e-50	8.625556e-51	9.005297e-51	1.669252e+18	7.187963e-51
7.570000e-06	1.047142e-50	2.159901e-50	1.399014e-50	8.694285e-51	9.077053e-51	1.395166e+18	7.245238e-51
7.590000e-06	1.055464e-50	2.177066e-50	1.410132e-50	8.763379e-51	9.149188e-51	1.085656e+18	7.302815e-51
7.610000e-06	1.063829e-50	2.194321e-50	1.421309e-50	8.832837e-51	9.221704e-51	8.487658e+17	7.360697e-51
7.630000e-06	1.072239e-50	2.211667e-50	1.432545e-50	8.902661e-51	9.294603e-51	7.092040e+17	7.418885e-51
7.650000e-06	1.080693e-50	2.229105e-50	1.443839e-50	8.972853e-51	9.367884e-51	5.603192e+17	7.477377e-51
7.670000e-06	1.089191e-50	2.246634e-50	1.455193e-50	9.043412e-51	9.441550e-51	4.329937e+17	7.536177e-51
7.690000e-06	1.097734e-50	2.264254e-50	1.466606e-50	9.114341e-51	9.515601e-51	3.359982e+17	7.595284e-51
7.710000e-06	1.106321e-50	2.281967e-50	1.478079e-50	9.185639e-51	9.590038e-51	2.794112e+17	7.654699e-51
7.730000e-06	1.114953e-50	2.299772e-50	1.489612e-50	9.257308e-51	9.664863e-51	2.150895e+17	7.714424e-51
7.750000e-06	1.123629e-50	2.317669e-50	1.501204e-50	9.329349e-51	9.740075e-51	1.660679e+17	7.774458e-51
7.770000e-06	1.132351e-50	2.335658e-50	1.512856e-50	9.401763e-51	9.815677e-51	1.374623e+17	7.834803e-51
7.790000e-06	1.141117e-50	2.353741e-50	1.524568e-50	9.474551e-51	9.891669e-51	1.071990e+17	7.895459e-51
7.810000e-06	1.149929e-50	2.371916e-50	1.536341e-50	9.547713e-51	9.968052e-51	8.166899e+16	7.956427e-51
7.830000e-06	1.158786e-50	2.390185e-50	1.548174e-50	9.621251e-51	1.004483e-50	6.325778e+16	8.017709e-51
7.850000e-06	1.167688e-50	2.408547e-50	1.560068e-50	9.695165e-51	1.012200e-50	5.163293e+16	8.079304e-51
7.870000e-06	1.176636e-50	2.427004e-50	1.572022e-50	9.769457e-51	1.019956e-50	4.014542e+16	8.141214e-51
7.890000e-06	1.185629e-50	2.445554e-50	1.584038e-50	9.844128e-51	1.027752e-50	2.899000e+16	8.203440e-51
7.910000e-06	1.194668e-50	2.464198e-50	1.596114e-50	9.919178e-51	1.035587e-50	2.448403e+16	8.265982e-51
7.930000e-06	1.203753e-50	2.482937e-50	1.608252e-50	9.994609e-51	1.043462e-50	1.900030e+16	8.328841e-51
7.950000e-06	1.212884e-50	2.501771e-50	1.620451e-50	1.007042e-50	1.051377e-50	1.420972e+16	8.392018e-51
7.970000e-06	1.222061e-50	2.520700e-50	1.632712e-50	1.014662e-50	1.059332e-50	1.085549e+16	8.455513e-51
7.990000e-06	1.231284e-50	2.539724e-50	1.645034e-50	1.022319e-50	1.067327e-50	8.795261e+15	8.519328e-51
8.010000e-06	1.240553e-50	2.558844e-50	1.657418e-50	1.030016e-50	1.075362e-50	6.530944e+15	8.583463e-51
8.030000e-06	1.249869e-50	2.578059e-50	1.669864e-50	1.037750e-50	1.083437e-50	5.031392e+15	8.647919e-51
8.050000e-06	1.259231e-50	2.597370e-50	1.682373e-50	1.045524e-50	1.091553e-50	4.009493e+15	8.712698e-51
8.070000e-06	1.268640e-50	2.616778e-50	1.694943e-50	1.053336e-50	1.099709e-50	2.962656e+15	8.777798e-51
8.090000e-06	1.278096e-50	2.636281e-50	1.707576e-50	1.061187e-50	1.107906e-50	2.343153e+15	8.843223e-51
8.110000e-06	1.287598e-50	2.655882e-50	1.720272e-50	1.069077e-50	1.116143e-50	1.706074e+15	8.908971e-51
8.130000e-06	1.297148e-50	2.675579e-50	1.733030e-50	1.077005e-50	1.124421e-50	1.359517e+15	8.975045e-51
8.150000e-06	1.306745e-50	2.695374e-50	1.745852e-50	1.084973e-50	1.132739e-50	1.005290e+15	9.041445e-51
8.170000e-06	1.316388e-50	2.715266e-50	1.758736e-50	1.092981e-50	1.141099e-50	7.469530e+14	9.108171e-51
8.190000e-06	1.326080e-50	2.735256e-50	1.771684e-50	1.101027e-50	1.149500e-50	5.970521e+14	9.175225e-51
8.210000e-06	1.335818e-50	2.755343e-50	1.784695e-50	1.109113e-50	1.157942e-50	4.370048e+14	9.242607e-51
8.230000e-06	1.345604e-50	2.775529e-50	1.797770e-50	1.117238e-50	1.166425e-50	3.246995e+14	9.310318e-51
8.250000e-06	1.355438e-50	2.795813e-50	1.810908e-50	1.125403e-50	1.174949e-50	2.575540e+14	9.378359e-51
8.270000e-06	1.365320e-50	2.816195e-50	1.824110e-50	1.133608e-50	1.183515e-50	1.916683e+14	9.446731e-51
8.290000e-06	1.375249e-50	2.836676e-50	1.837376e-50	1.141852e-50	1.192122e-50	1.383834e+14	9.515434e-51
8.310000e-06	1.385227e-50	2.857257e-50	1.850707e-50	1.150136e-50	1.200771e-50	1.032814e+14	9.584469e-51
8.330000e-06	1.395253e-50	2.877937e-50	1.864101e-50	1.158461e-50	1.209462e-50	8.052566e+13	9.653838e-51
8.350000e-06	1.405327e-50	2.898716e-50	1.877561e-50	1.166825e-50	1.218195e-50	5.817144e+13	9.723540e-51
8.370000e-06	1.415449e-50	2.919595e-50	1.891084e-50	1.175229e-50	1.226969e-50	4.269469e+13	9.793578e-51
8.390000e-06	1.425620e-50	2.940574e-50	1.904673e-50	1.183674e-50	1.235785e-50	3.317020e+13	9.863950e-51
8.410000e-06	1.435839e-50	2.961653e-50	1.918327e-50	1.192159e-50	1.244644e-50	2.381539e+13	9.934659e-51
8.430000e-06	1.446108e-50	2.982833e-50	1.932045e-50	1.200685e-50	1.253545e-50	1.809692e+13	1.000571e-50
8.450000e-06	1.456425e-50	3.004114e-50	1.945829e-50	1.209251e-50	1.262488e-50	1.269705e+13	1.007709e-50
8.470000e-06	1.466791e-50	3.025495e-50	1.959678e-50	1.217858e-50	1.271474e-50	9.830326e+12	1.014881e-50
8.490000e-06	1.477206e-50	3.046978e-50	1.973593e-50	1.226505e-50	1.280502e-50	6.937624e+12	1.022087e-50
8.510000e-06	1.487670e-50	3.068562e-50	1.987574e-50	1.235193e-50	1.289573e-50	5.012845e+12	1.029328e-50
8.530000e-06	1.498183e-50	3.090248e-50	2.001620e-50	1.243923e-50	1.298686e-50	3.847986e+12	1.036602e-50
8.550000e-06	1.508746e-50	3.112036e-50	2.015732e-50	1.252693e-50	1.307843e-50	2.722893e+12	1.043911e-50
8.570000e-06	1.519359e-50	3.133926e-50	2.029911e-50	1.261504e-50	1.317042e-50	1.942162e+12	1.051254e-50
8.590000e-06	1.530021e-50	3.155918e-50	2.044156e-50	1.270357e-50	1.326285e-50	1.487454e+12	1.058631e-50
8.610000e-06	1.540733e-50	3.178013e-50	2.058467e-50	1.279251e-50	1.335570e-50	1.040372e+12	1.066042e-50
8.630000e-06	1.551495e-50	3.200211e-50	2.072845e-50	1.288186e-50	1.344899e-50	7.390052e+11	1.073488e-50
8.650000e-06	1.562306e-50	3.222512e-50	2.087290e-50	1.297163e-50	1.354271e-50	5.600414e+11	1.080969e-50
8.670000e-06	1.573168e-50	3.244916e-50	2.101802e-50	1.306182e-50	1.363686e-50	3.884232e+11	1.088485e-50
8.690000e-06	1.584080e-50	3.267424e-50	2.116381e-50	1.315242e-50	1.373145e-50	2.737415e+11	1.096035e-50
8.710000e-06	1.595043e-50	3.290036e-50	2.131027e-50	1.324344e-50	1.382648e-50	2.053391e+11	1.103620e-50
8.730000e-06	1.606056e-50	3.312752e-50	2.145741e-50	1.333488e-50	1.392195e-50	1.415405e+11	1.111240e-50
8.750000e-06	1.617119e-50	3.335572e-50	2.160522e-50	1.342673e-50	1.401785e-50	9.928016e+10	1.118895e-50
8.770000e-06	1.628233e-50	3.358497e-50	2.175371e-50	1.351901e-50	1.411419e-50	7.381888e+10	1.126585e-50
8.790000e-06	1.639398e-50	3.381527e-50	2.190288e-50	1.361172e-50	1.421097e-50	5.062214e+10	1.134310e-50
8.810000e-06	1.650614e-50	3.404662e-50	2.205273e-50	1.370484e-50	1.430820e-50	3.652675e+10	1.142070e-50
8.830000e-06	1.661881e-50	3.427901e-50	2.220326e-50	1.379839e-50	1.440586e-50	2.462372e+10	1.149866e-50
8.850000e-06	1.673199e-50	3.451247e-50	2.235447e-50	1.389236e-50	1.450397e-50	1.764511e+10	1.157697e-50
8.870000e-06	1.684569e-50	3.474698e-50	2.250637e-50	1.398676e-50	1.460253e-50	1.211293e+10	1.165563e-50
8.890000e-06	1.695990e-50	3.498255e-50	2.265895e-50	1.408158e-50	1.470153e-50	8.923365e+09	1.173465e-50
8.910000e-06	1.707462e-50	3.521919e-50	2.281223e-50	1.417684e-50	1.480097e-50	5.979433e+09	1.181403e-50
8.930000e-06	1.718986e-50	3.545689e-50	2.296619e-50	1.427252e-50	1.490087e-50	4.098324e+09	1.189377e-50
8.950000e-06	1.730561e-50	3.569565e-50	2.312084e-50	1.436863e-50	1.500121e-50	2.975514e+09	1.197386e-50
8.970000e-06	1.742189e-50	3.593549e-50	2.327619e-50	1.446517e-50	1.510200e-50	1.984370e+09	1.205431e-50
8.990000e-06	1.753868e-50	3.617640e-50	2.343223e-50	1.456214e-50	1.520324e-50	1.405492e+09	1.213512e-50
9.010000e-06	1.765600e-50	3.641838e-50	2.358897e-50	1.465955e-50	1.530494e-50	9.124208e+08	1.221629e-50
9.030000e-06	1.777384e-50	3.666144e-50	2.374640e-50	1.475739e-50	1.540708e-50	6.410753e+08	1.229782e-50
9.050000e-06	1.789220e-50	3.690557e-50	2.390453e-50	1.485566e-50	1.550968e-50	4.514873e+08	1.237972e-50
9.070000e-06	1.801108e-50	3.715079e-50	2.406337e-50	1.495437e-50	1.561274e-50	2.888358e+08	1.246197e-50
9.090000e-06	1.813049e-50	3.739709e-50	2.422290e-50	1.505351e-50	1.571625e-50	2.010706e+08	1.254460e-50
9.110000e-06	1.825043e-50	3.764448e-50	2.438314e-50	1.515310e-50	1.582021e-50	1.405506e+08	1.262758e-50
9.130000e-06	1.837089e-50	3.789296e-50	2.454409e-50	1.525312e-50	1.592464e-50	8.949466e+07	1.271093e-50
9.150000e-06	1.849188e-50	3.814253e-50	2.470574e-50	1.535358e-50	1.602952e-50	6.314741e+07	1.279465e-50
9.170000e-06	1.861341e-50	3.839319e-50	2.486810e-50	1.545447e-50	1.613486e-50	4.081967e+07	1.287873e-50
9.190000e-06	1.873546e-50	3.864495e-50	2.503117e-50	1.555582e-50	1.624066e-50	2.707263e+07	1.296318e-50
9.210000e-06	1.885805e-50	3.889781e-50	2.519495e-50	1.565760e-50	1.634693e-50	1.875474e+07	1.304800e-50
9.230000e-06	1.898117e-50	3.915176e-50	2.535944e-50	1.575982e-50	1.645365e-50	1.201142e+07	1.313319e-50
9.250000e-06	1.910483e-50	3.940682e-50	2.552465e-50	1.586249e-50	1.656084e-50	7.871192e+06	1.321874e-50
9.270000e-06	1.922902e-50	3.966299e-50	2.569057e-50	1.596561e-50	1.666850e-50	5.424397e+06	1.330467e-50
9.290000e-06	1.935375e-50	3.992026e-50	2.585721e-50	1.606917e-50	1.677662e-50	3.440646e+06	1.339097e-50
9.310000e-06	1.947901e-50	4.017864e-50	2.602457e-50	1.617318e-50	1.688520e-50	2.215079e+06	1.347765e-50
9.330000e-06	1.960482e-50	4.043814e-50	2.619265e-50	1.627763e-50	1.699426e-50	1.519452e+06	1.356469e-50
9.350000e-06	1.973117e-50	4.069875e-50	2.636145e-50	1.638253e-50	1.710378e-50	9.502840e+05	1.365211e-50
9.370000e-06	1.985805e-50	4.096048e-50	2.653098e-50	1.648789e-50	1.721377e-50	6.094170e+05	1.373991e-50
9.390000e-06	1.998548e-50	4.122332e-50	2.670123e-50	1.659369e-50	1.732423e-50	4.005291e+05	1.382808e-50
9.410000e-06	2.011346e-50	4.148729e-50	2.687221e-50	1.669995e-50	1.743517e-50	2.561968e+05	1.391662e-50
9.430000e-06	2.024198e-50	4.175239e-50	2.704392e-50	1.680666e-50	1.754657e-50	1.715516e+05	1.400555e-50
9.450000e-06	2.037105e-50	4.201861e-50	2.721636e-50	1.691382e-50	1.765845e-50	1.050690e+05	1.409485e-50
9.470000e-06	2.050066e-50	4.228596e-50	2.738952e-50	1.702144e-50	1.777081e-50	6.648712e+04	1.418453e-50
9.490000e-06	2.063082e-50	4.255444e-50	2.756342e-50	1.712951e-50	1.788364e-50	4.380250e+04	1.427459e-50
9.510000e-06	2.076153e-50	4.282405e-50	2.773806e-50	1.723804e-50	1.799694e-50	2.673959e+04	1.436503e-50
9.530000e-06	2.089280e-50	4.309480e-50	2.791343e-50	1.734702e-50	1.811073e-50	1.654751e+04	1.445585e-50
9.550000e-06	2.102461e-50	4.336670e-50	2.808954e-50	1.745647e-50	1.822499e-50	1.087830e+04	1.454706e-50
9.570000e-06	2.115698e-50	4.363973e-50	2.826639e-50	1.756637e-50	1.833973e-50	6.521782e+03	1.463864e-50
9.590000e-06	2.128990e-50	4.391390e-50	2.844398e-50	1.767674e-50	1.845496e-50	4.000672e+03	1.473061e-50
9.610000e-06	2.142338e-50	4.418922e-50	2.862231e-50	1.778756e-50	1.857066e-50	2.545038e+03	1.482297e-50
9.630000e-06	2.155742e-50	4.446569e-50	2.880139e-50	1.789885e-50	1.868685e-50	1.538974e+03	1.491571e-50
9.650000e-06	2.169201e-50	4.474331e-50	2.898121e-50	1.801060e-50	1.880352e-50	9.952416e+02	1.500883e-50
9.670000e-06	2.182716e-50	4.502209e-50	2.916178e-50	1.812282e-50	1.892068e-50	5.854183e+02	1.510235e-50
9.690000e-06	2.196288e-50	4.530202e-50	2.934309e-50	1.823550e-50	1.903832e-50	3.490757e+02	1.519625e-50
9.710000e-06	2.209915e-50	4.558311e-50	2.952516e-50	1.834864e-50	1.915644e-50	2.221512e+02	1.529054e-50
9.730000e-06	2.223599e-50	4.586535e-50	2.970798e-50	1.846226e-50	1.927506e-50	1.295102e+02	1.538521e-50
9.750000e-06	2.237339e-50	4.614876e-50	2.989155e-50	1.857634e-50	1.939416e-50	7.649602e+01	1.548028e-50
9.770000e-06	2.251135e-50	4.643334e-50	3.007587e-50	1.869089e-50	1.951376e-50	4.713630e+01	1.557574e-50
9.790000e-06	2.264988e-50	4.671908e-50	3.026095e-50	1.880591e-50	1.963384e-50	2.754852e+01	1.567159e-50
9.810000e-06	2.278898e-50	4.700599e-50	3.044679e-50	1.892140e-50	1.975442e-50	1.716106e+01	1.576783e-50
9.830000e-06	2.292865e-50	4.729408e-50	3.063339e-50	1.903736e-50	1.987549e-50	9.775029e+00	1.586447e-50
9.850000e-06	2.306888e-50	4.758334e-50	3.082075e-50	1.915380e-50	1.999705e-50	5.649492e+00	1.596150e-50
9.870000e-06	2.320969e-50	4.787378e-50	3.100887e-50	1.927071e-50	2.011911e-50	3.470595e+00	1.605892e-50
9.890000e-06	2.335107e-50	4.816539e-50	3.119776e-50	1.938809e-50	2.024166e-50	1.861029e+00	1.615675e-50
9.910000e-06	2.349302e-50	4.845819e-50	3.138741e-50	1.950595e-50	2.036471e-50	1.179713e+00	1.625496e-50
9.930000e-06	2.363555e-50	4.875217e-50	3.157783e-50	1.962429e-50	2.048825e-50	6.542384e-01	1.635358e-50
9.950000e-06	2.377865e-50	4.904734e-50	3.176902e-50	1.974311e-50	2.061230e-50	3.702494e-01	1.645259e-50
9.970000e-06	2.392232e-50	4.934370e-50	3.196097e-50	1.986240e-50	2.073685e-50	2.220692e-01	1.655200e-50
9.990000e-06	2.406658e-50	4.964125e-50	3.215370e-50	1.998217e-50	2.086189e-50	1.204265e-01	1.665181e-50
1.001000e-05	2.421141e-50	4.993999e-50	3.234721e-50	2.010243e-50	2.098744e-50	6.784757e-02	1.675202e-50
1.003000e-05	2.435683e-50	5.023993e-50	3.254148e-50	2.022316e-50	2.111349e-50	3.903023e-02	1.685263e-50
1.005000e-05	2.450282e-50	5.054107e-50	3.273654e-50	2.034438e-50	2.124004e-50	2.139089e-02	1.695365e-50
1.007000e-05	2.464940e-50	5.084341e-50	3.293237e-50	2.046608e-50	2.136710e-50	1.250704e-02	1.705507e-50
1.009000e-05	2.479656e-50	5.114695e-50	3.312898e-50	2.058826e-50	2.149467e-50	6.400500e-03	1.715689e-50
1.011000e-05	2.494430e-50	5.145169e-50	3.332637e-50	2.071094e-50	2.162274e-50	3.866485e-03	1.725911e-50
1.013000e-05	2.509263e-50	5.175765e-50	3.352454e-50	2.083409e-50	2.175132e-50	2.029508e-03	1.736174e-50
1.015000e-05	2.524155e-50	5.206482e-50	3.372350e-50	2.095774e-50	2.188040e-50	1.087559e-03	1.746478e-50
1.017000e-05	2.539106e-50	5.237320e-50	3.392325e-50	2.108187e-50	2.201000e-50	6.037180e-04	1.756822e-50
1.019000e-05	2.554115e-50	5.268279e-50	3.412378e-50	2.120649e-50	2.214011e-50	3.200948e-04	1.767208e-50
1.021000e-05	2.569184e-50	5.299360e-50	3.432510e-50	2.133160e-50	2.227073e-50	1.798212e-04	1.777633e-50
1.023000e-05	2.584311e-50	5.330563e-50	3.452721e-50	2.145720e-50	2.240186e-50	8.847646e-05	1.788100e-50
1.025000e-05	2.599498e-50	5.361889e-50	3.473011e-50	2.158330e-50	2.253351e-50	5.128733e-05	1.798608e-50
