# number of size bins = 50
# 0:size [cm], masses (1:Al2O3, 2:Fe, 3:Fe3O4, 4:MgSiO3, 5:Mg2SiO4, 6:AC, 7:SiO2) [g]
1.000000e-07	0.000000e+00	6.255576e+23	0.000000e+00	0.000000e+00	0.000000e+00	2.134177e+02	0.000000e+00
1.151395e-07	0.000000e+00	3.754382e+23	0.000000e+00	0.000000e+00	0.000000e+00	3.080505e+12	0.000000e+00
1.325711e-07	0.000000e+00	3.171785e+23	0.000000e+00	0.000000e+00	0.000000e+00	0.000000e+00	0.000000e+00
1.526418e-07	0.000000e+00	7.216815e+23	0.000000e+00	0.000000e+00	0.000000e+00	0.000000e+00	0.000000e+00
1.757511e-07	0.000000e+00	2.250654e+24	0.000000e+00	0.000000e+00	0.000000e+00	0.000000e+00	0.000000e+00
2.023590e-07	0.000000e+00	3.246738e+24	0.000000e+00	0.000000e+00	0.000000e+00	1.289647e+12	0.000000e+00
2.329952e-07	0.000000e+00	8.150972e+24	0.000000e+00	0.000000e+00	0.000000e+00	5.073951e+16	0.000000e+00
2.682696e-07	0.000000e+00	9.828707e+24	0.000000e+00	0.000000e+00	0.000000e+00	0.000000e+00	0.000000e+00
3.088844e-07	0.000000e+00	1.305091e+25	0.000000e+00	0.000000e+00	0.000000e+00	0.000000e+00	0.000000e+00
3.556480e-07	0.000000e+00	4.199327e+25	0.000000e+00	0.000000e+00	0.000000e+00	9.586577e+13	0.000000e+00
4.094915e-07	0.000000e+00	8.390604e+25	0.000000e+00	0.000000e+00	0.000000e+00	9.927158e+03	0.000000e+00
4.714866e-07	0.000000e+00	1.381796e+26	0.000000e+00	0.000000e+00	0.000000e+00	2.220071e+04	0.000000e+00
5.428675e-07	0.000000e+00	2.820528e+25	0.000000e+00	0.000000e+00	0.000000e+00	7.633814e+06	0.000000e+00
6.250552e-07	0.000000e+00	1.365222e+26	0.000000e+00	0.000000e+00	0.000000e+00	1.069571e+09	0.000000e+00
7.196857e-07	0.000000e+00	3.251230e+26	0.000000e+00	0.000000e+00	0.000000e+00	1.290477e+18	0.000000e+00
8.286428e-07	0.000000e+00	9.496691e+26	0.000000e+00	0.000000e+00	0.000000e+00	1.466565e+09	0.000000e+00
9.540955e-07	0.000000e+00	2.431743e+27	0.000000e+00	0.000000e+00	0.000000e+00	6.403011e+18	0.000000e+00
1.098541e-06	0.000000e+00	4.984197e+27	0.000000e+00	0.000000e+00	0.000000e+00	5.113117e+15	0.000000e+00
1.264855e-06	0.000000e+00	5.305935e+27	0.000000e+00	0.000000e+00	0.000000e+00	1.424419e+19	0.000000e+00
1.456348e-06	0.000000e+00	1.104887e+28	0.000000e+00	0.000000e+00	0.000000e+00	3.360580e+19	0.000000e+00
1.676833e-06	0.000000e+00	1.482454e+28	0.000000e+00	0.000000e+00	0.000000e+00	2.762563e+20	0.000000e+00
1.930698e-06	0.000000e+00	8.638161e+27	0.000000e+00	0.000000e+00	0.000000e+00	4.095020e+20	0.000000e+00
2.222996e-06	0.000000e+00	9.863774e+26	0.000000e+00	0.000000e+00	0.000000e+00	4.114279e+21	0.000000e+00
2.559548e-06	0.000000e+00	2.212450e+22	0.000000e+00	0.000000e+00	0.000000e+00	9.719627e+21	0.000000e+00
2.947052e-06	0.000000e+00	5.187756e+22	0.000000e+00	0.000000e+00	0.000000e+00	3.890100e+22	0.000000e+00
3.393222e-06	0.000000e+00	5.379350e+22	0.000000e+00	0.000000e+00	0.000000e+00	1.081997e+23	0.000000e+00
3.906940e-06	0.000000e+00	1.508293e+22	0.000000e+00	0.000000e+00	0.000000e+00	8.133882e+23	0.000000e+00
4.498433e-06	0.000000e+00	6.700559e+21	0.000000e+00	0.000000e+00	0.000000e+00	3.932611e+24	0.000000e+00
5.179475e-06	0.000000e+00	1.779243e+21	0.000000e+00	0.000000e+00	0.000000e+00	1.837312e+25	0.000000e+00
5.963623e-06	0.000000e+00	1.525059e+20	0.000000e+00	0.000000e+00	0.000000e+00	8.628107e+25	0.000000e+00
6.866488e-06	0.000000e+00	8.592652e+18	0.000000e+00	0.000000e+00	0.000000e+00	4.493916e+26	0.000000e+00
7.906043e-06	0.000000e+00	1.571947e+17	0.000000e+00	0.000000e+00	0.000000e+00	4.464046e+27	0.000000e+00
9.102982e-06	0.000000e+00	7.285957e+11	0.000000e+00	0.000000e+00	0.000000e+00	3.567286e+28	0.000000e+00
1.048113e-05	0.000000e+00	2.435391e+08	0.000000e+00	0.000000e+00	0.000000e+00	1.591538e+29	0.000000e+00
1.206793e-05	0.000000e+00	6.192212e+03	0.000000e+00	0.000000e+00	0.000000e+00	2.668420e+29	0.000000e+00
1.389495e-05	0.000000e+00	3.533296e-03	0.000000e+00	0.000000e+00	0.000000e+00	7.104080e+29	0.000000e+00
1.599859e-05	0.000000e+00	1.030509e-22	0.000000e+00	0.000000e+00	0.000000e+00	7.145074e+29	0.000000e+00
1.842070e-05	0.000000e+00	0.000000e+00	0.000000e+00	0.000000e+00	0.000000e+00	3.000639e+30	0.000000e+00
2.120951e-05	0.000000e+00	0.000000e+00	0.000000e+00	0.000000e+00	0.000000e+00	8.545293e+29	0.000000e+00
2.442053e-05	0.000000e+00	0.000000e+00	0.000000e+00	0.000000e+00	0.000000e+00	2.092746e+30	0.000000e+00
2.811769e-05	0.000000e+00	0.000000e+00	0.000000e+00	0.000000e+00	0.000000e+00	3.238534e+30	0.000000e+00
3.237458e-05	0.000000e+00	0.000000e+00	0.000000e+00	0.000000e+00	0.000000e+00	1.903658e+30	0.000000e+00
3.727594e-05	1.514076e-33	0.000000e+00	0.000000e+00	0.000000e+00	2.528957e-33	7.133147e+26	0.000000e+00
4.291934e-05	0.000000e+00	0.000000e+00	0.000000e+00	0.000000e+00	0.000000e+00	1.768677e+27	1.929833e-33
4.941713e-05	0.000000e+00	0.000000e+00	0.000000e+00	0.000000e+00	0.000000e+00	2.619647e+26	0.000000e+00
5.689866e-05	0.000000e+00	0.000000e+00	4.443902e-21	2.507906e-21	2.354676e-21	3.338393e+26	1.879485e-21
6.551286e-05	4.072900e-21	8.401021e-21	0.000000e+00	0.000000e+00	0.000000e+00	0.000000e+00	0.000000e+00
7.543120e-05	0.000000e+00	0.000000e+00	0.000000e+00	0.000000e+00	0.000000e+00	0.000000e+00	0.000000e+00
8.685114e-05	0.000000e+00	0.000000e+00	0.000000e+00	0.000000e+00	0.000000e+00	0.000000e+00	0.000000e+00
1.000000e-04	0.000000e+00	0.000000e+00	0.000000e+00	0.000000e+00	0.000000e+00	0.000000e+00	0.000000e+00
