# number of size bins = 400
# 0:size [cm], masses (1:Al2O3, 2:Fe, 3:Fe3O4, 4:MgSiO3, 5:Mg2SiO4, 6:AC, 7:SiO2) [g]
1.000000e-07	2.413892e-56	2.492757e+25	3.225036e-56	2.004224e-56	2.092460e-56	5.295561e+09	1.670187e-56
3.000000e-07	6.517509e-55	3.980764e+27	8.707597e-55	5.411405e-55	5.649643e-55	3.743739e-55	4.509504e-55
5.000000e-07	3.017365e-54	3.780340e+28	4.031295e-54	2.505280e-54	2.615575e-54	1.733213e-54	2.087733e-54
7.000000e-07	8.279651e-54	1.486003e+29	1.106187e-53	6.874488e-54	7.177139e-54	4.755935e-54	5.728740e-54
9.000000e-07	1.759728e-53	3.855492e+29	2.351051e-53	1.461079e-53	1.525403e-53	1.010810e-53	1.217566e-53
1.100000e-06	3.212891e-53	7.333898e+29	4.292523e-53	2.667622e-53	2.785065e-53	1.845525e-53	2.223018e-53
1.300000e-06	5.303322e-53	1.302058e+30	7.085404e-53	4.403280e-53	4.597135e-53	3.046294e-53	3.669400e-53
1.500000e-06	8.146887e-53	1.864617e+30	1.088450e-52	6.764256e-53	7.062053e-53	4.679674e-53	5.636880e-53
1.700000e-06	1.185945e-52	2.573320e+30	1.584460e-52	9.846752e-53	1.028026e-52	6.812219e-53	8.205627e-53
1.900000e-06	1.655689e-52	3.362008e+30	2.212052e-52	1.374697e-52	1.435218e-52	9.510484e-53	1.145581e-52
2.100000e-06	2.235506e-52	4.075480e+30	2.986706e-52	1.856112e-52	1.937827e-52	1.284102e-52	1.546760e-52
2.300000e-06	2.936983e-52	4.958354e+30	3.923901e-52	2.438539e-52	2.545896e-52	1.687040e-52	2.032116e-52
2.500000e-06	3.771707e-52	5.490677e+30	5.039118e-52	3.131600e-52	3.269469e-52	2.166516e-52	2.609667e-52
2.700000e-06	4.751264e-52	5.888134e+30	6.347838e-52	3.944914e-52	4.118589e-52	2.729186e-52	3.287428e-52
2.900000e-06	5.887242e-52	6.880806e+30	7.865540e-52	4.888102e-52	5.103301e-52	3.381706e-52	4.073418e-52
3.100000e-06	7.191227e-52	6.614113e+30	9.607704e-52	5.970784e-52	6.233648e-52	3.144158e-39	4.975653e-52
3.300000e-06	8.674805e-52	7.479949e+30	1.158981e-51	7.202580e-52	7.519674e-52	1.842736e-34	6.002150e-52
3.500000e-06	1.034956e-51	7.369862e+30	1.382734e-51	8.593110e-52	8.971423e-52	2.514019e-17	7.160925e-52
3.700000e-06	1.222709e-51	8.084556e+30	1.633577e-51	1.015200e-51	1.059894e-51	2.224321e-13	8.459996e-52
3.900000e-06	1.431897e-51	7.761717e+30	1.913059e-51	1.188886e-51	1.241226e-51	8.672324e-10	9.907380e-52
4.100000e-06	1.663679e-51	7.410731e+30	2.222727e-51	1.381331e-51	1.442145e-51	8.356647e+03	1.151109e-51
4.300000e-06	1.919213e-51	7.983322e+30	2.564129e-51	1.593498e-51	1.663652e-51	2.677507e+03	1.327915e-51
4.500000e-06	2.199659e-51	7.501245e+30	2.938814e-51	1.826349e-51	1.906754e-51	4.323437e+05	1.521958e-51
4.700000e-06	2.506175e-51	5.888562e+30	3.348329e-51	2.080845e-51	2.172455e-51	2.062419e+06	1.734038e-51
4.900000e-06	2.839920e-51	2.267502e+30	3.794222e-51	2.357949e-51	2.461759e-51	2.643492e+07	1.964958e-51
5.100000e-06	3.202052e-51	2.018741e+30	4.278042e-51	2.658623e-51	2.775669e-51	2.477057e+09	2.215519e-51
5.300000e-06	3.593731e-51	1.788692e+30	4.801337e-51	2.983828e-51	3.115192e-51	1.624190e+10	2.486524e-51
5.500000e-06	4.016113e-51	1.577989e+30	5.365653e-51	3.334528e-51	3.481331e-51	3.194784e+11	2.778773e-51
5.700000e-06	4.470360e-51	1.304013e+30	5.972541e-51	3.711682e-51	3.875090e-51	1.822280e+12	3.093069e-51
5.900000e-06	4.957628e-51	1.233307e+30	6.623546e-51	4.116255e-51	4.297474e-51	7.247478e+13	3.430213e-51
6.100000e-06	5.479077e-51	1.012105e+30	7.320219e-51	4.549208e-51	4.749487e-51	1.135359e+15	3.791006e-51
6.300000e-06	6.035865e-51	8.944471e+29	8.064105e-51	5.011502e-51	5.232134e-51	4.275711e+16	4.176252e-51
6.500000e-06	6.629152e-51	7.882131e+29	8.856755e-51	5.504100e-51	5.746419e-51	3.993437e+16	4.586750e-51
6.700000e-06	7.260095e-51	6.927578e+29	9.699714e-51	6.027964e-51	6.293346e-51	1.931246e+17	5.023303e-51
6.900000e-06	7.929854e-51	6.073624e+29	1.059453e-50	6.584056e-51	6.873920e-51	5.057643e+17	5.486713e-51
7.100000e-06	4.644300e+27	4.970661e+29	1.154276e-50	7.173338e-51	7.489145e-51	2.391938e+18	5.977782e-51
7.300000e-06	9.390452e-51	4.710312e+29	1.254594e-50	7.796772e-51	8.140026e-51	8.814155e+18	6.497310e-51
7.500000e-06	1.018361e-50	3.705160e+29	1.360562e-50	8.455320e-51	8.827567e-51	2.597905e+19	7.046100e-51
7.700000e-06	1.102022e-50	1.619933e+29	1.472335e-50	9.149944e-51	9.552771e-51	8.872793e+19	7.624953e-51
7.900000e-06	1.190143e-50	1.297674e+29	1.590068e-50	9.881606e-51	1.031664e-50	1.537680e+19	8.234671e-51
8.100000e-06	1.282841e-50	1.037832e+29	1.713916e-50	1.065127e-50	1.112019e-50	1.956030e+23	8.876056e-51
8.300000e-06	1.380232e-50	8.287491e+28	1.844034e-50	1.145989e-50	1.196442e-50	3.104296e+22	9.549910e-51
8.500000e-06	1.482432e-50	6.608349e+28	1.980575e-50	1.230844e-50	1.285032e-50	4.537012e+22	1.025703e-50
8.700000e-06	1.589555e-50	5.262261e+28	2.123696e-50	1.319787e-50	1.377891e-50	9.627031e+22	1.099823e-50
8.900000e-06	1.701719e-50	3.905336e+28	2.273550e-50	1.412916e-50	1.475120e-50	2.415810e+23	1.177430e-50
9.100000e-06	1.819039e-50	3.400999e+28	2.430293e-50	1.510325e-50	1.576817e-50	1.986586e+24	1.258604e-50
9.300000e-06	1.941631e-50	2.517973e+28	2.594080e-50	1.612112e-50	1.683085e-50	1.520436e+24	1.343426e-50
9.500000e-06	2.069611e-50	2.187822e+28	2.765065e-50	1.718372e-50	1.794023e-50	1.420037e+24	1.431976e-50
9.700000e-06	2.203094e-50	1.371414e+28	2.943403e-50	1.829201e-50	1.909732e-50	3.063336e+24	1.524334e-50
9.900000e-06	2.342197e-50	7.436142e+27	3.129249e-50	1.944696e-50	2.030312e-50	3.883299e+24	1.620580e-50
1.010000e-05	2.487036e-50	5.489171e+27	3.322758e-50	2.064954e-50	2.155864e-50	5.662959e+24	1.720795e-50
1.030000e-05	2.637725e-50	3.764453e+27	3.524084e-50	2.190070e-50	2.286488e-50	1.095510e+25	1.825058e-50
1.050000e-05	2.794382e-50	3.075251e+27	3.733382e-50	2.320140e-50	2.422284e-50	1.734785e+25	1.933450e-50
1.070000e-05	2.957122e-50	2.264612e+27	3.950808e-50	2.455261e-50	2.563354e-50	2.728448e+25	2.046050e-50
1.090000e-05	3.126061e-50	1.666480e+27	4.176515e-50	2.595528e-50	2.709797e-50	4.262708e+25	2.162940e-50
1.110000e-05	3.301314e-50	1.139449e+27	4.410659e-50	2.741039e-50	2.861713e-50	6.583620e+25	2.284199e-50
1.130000e-05	3.482998e-50	9.281905e+26	4.653395e-50	2.891889e-50	3.019205e-50	1.011208e+26	2.409907e-50
1.150000e-05	3.671229e-50	4.222950e+26	4.904876e-50	3.048174e-50	3.182370e-50	1.541029e+26	2.540145e-50
1.170000e-05	3.866121e-50	2.934267e+26	5.165259e-50	3.209991e-50	3.351311e-50	2.327149e+26	2.674993e-50
1.190000e-05	4.067792e-50	2.037776e+26	5.434698e-50	3.377436e-50	3.526128e-50	3.465333e+26	2.814530e-50
1.210000e-05	4.276358e-50	1.414488e+26	5.713348e-50	3.550605e-50	3.706921e-50	4.996739e+26	2.958837e-50
1.230000e-05	4.491933e-50	9.813882e+25	6.001363e-50	3.729594e-50	3.893790e-50	7.186510e+26	3.107995e-50
1.250000e-05	4.714634e-50	6.806014e+25	6.298898e-50	3.914500e-50	4.086836e-50	1.055693e+27	3.262083e-50
1.270000e-05	4.944576e-50	4.628792e+25	6.606109e-50	4.105418e-50	4.286160e-50	9.507479e+26	3.421182e-50
1.290000e-05	5.181876e-50	2.337362e+25	6.923149e-50	4.302445e-50	4.491861e-50	1.977191e+27	3.585371e-50
1.310000e-05	5.426650e-50	1.378823e+25	7.250174e-50	4.505678e-50	4.704041e-50	2.665458e+27	3.754732e-50
1.330000e-05	5.679012e-50	9.874241e+24	7.587339e-50	4.715211e-50	4.922799e-50	3.782455e+27	3.929343e-50
1.350000e-05	5.939080e-50	5.821406e+24	7.934797e-50	4.931142e-50	5.148237e-50	3.973749e+27	4.109285e-50
1.370000e-05	6.206969e-50	4.166571e+24	8.292706e-50	5.153567e-50	5.380454e-50	6.825750e+27	4.294639e-50
1.390000e-05	6.482795e-50	2.319540e+24	8.661217e-50	5.382582e-50	5.619551e-50	7.077860e+27	4.485485e-50
1.410000e-05	6.766674e-50	1.215289e+24	9.040488e-50	5.618283e-50	5.865628e-50	1.111101e+28	4.681902e-50
1.430000e-05	7.058721e-50	7.452638e+23	9.430672e-50	5.860766e-50	6.118787e-50	1.624561e+28	4.883971e-50
1.450000e-05	7.359053e-50	4.906834e+23	9.831925e-50	6.110127e-50	6.379127e-50	1.628230e+28	5.091773e-50
1.470000e-05	7.667785e-50	2.656598e+23	1.024440e-49	6.366463e-50	6.646748e-50	2.864775e+28	5.305386e-50
1.490000e-05	7.985033e-50	1.552283e+23	1.066825e-49	6.629871e-50	6.921752e-50	1.540576e+28	5.524892e-50
1.510000e-05	8.310913e-50	7.703936e+22	1.110364e-49	6.900445e-50	7.204238e-50	5.122711e+28	5.750371e-50
1.530000e-05	8.645541e-50	4.031451e+22	1.155071e-49	7.178282e-50	7.494307e-50	1.884050e+28	5.981902e-50
1.550000e-05	8.989033e-50	2.619558e+22	1.200963e-49	7.463479e-50	7.792060e-50	7.523647e+28	6.219566e-50
1.570000e-05	9.341505e-50	1.481603e+22	1.248054e-49	7.756132e-50	8.097597e-50	3.773487e+29	6.463443e-50
1.590000e-05	9.703072e-50	6.536419e+21	1.296361e-49	8.056337e-50	8.411018e-50	1.826637e+29	6.713614e-50
1.610000e-05	1.007385e-49	3.835185e+21	1.345898e-49	8.364190e-50	8.732424e-50	9.219752e+28	6.970158e-50
1.630000e-05	1.045396e-49	2.000816e+21	1.396681e-49	8.679787e-50	9.061916e-50	4.976497e+29	7.233156e-50
1.650000e-05	1.084351e-49	9.577455e+20	1.448726e-49	9.003224e-50	9.399593e-50	2.239126e+29	7.502687e-50
1.670000e-05	1.124261e-49	4.505201e+20	1.502048e-49	9.334599e-50	9.745556e-50	2.089913e+29	7.778832e-50
1.690000e-05	1.165140e-49	2.513740e+20	1.556663e-49	9.674006e-50	1.009991e-49	2.342036e+29	8.061672e-50
1.710000e-05	1.206997e-49	1.125765e+20	1.612586e-49	1.002154e-49	1.046274e-49	2.399237e+30	8.351285e-50
1.730000e-05	1.249845e-49	5.461771e+19	1.669832e-49	1.037730e-49	1.083417e-49	2.142236e+29	8.647754e-50
1.750000e-05	1.293695e-49	2.473370e+19	1.728418e-49	1.074139e-49	1.121428e-49	6.100684e+29	8.951156e-50
1.770000e-05	1.338560e-49	1.193898e+19	1.788358e-49	1.111389e-49	1.160318e-49	2.329008e+29	9.261574e-50
1.790000e-05	1.384449e-49	5.515038e+18	1.849667e-49	1.149490e-49	1.200097e-49	3.686182e+29	9.579086e-50
1.810000e-05	1.431376e-49	2.324371e+18	1.912363e-49	1.188453e-49	1.240775e-49	7.978828e+29	9.903774e-50
1.830000e-05	1.479351e-49	1.042394e+18	1.976459e-49	1.228286e-49	1.282362e-49	9.799815e+29	1.023572e-49
1.850000e-05	1.528386e-49	4.366780e+17	2.041972e-49	1.268999e-49	1.324867e-49	9.459533e+29	1.057500e-49
1.870000e-05	1.578493e-49	1.748607e+17	2.108916e-49	1.310603e-49	1.368302e-49	5.223766e+29	1.092169e-49
1.890000e-05	1.629684e-49	6.761764e+16	2.177308e-49	1.353105e-49	1.412676e-49	7.885427e+29	1.127588e-49
1.910000e-05	1.681969e-49	2.965470e+16	2.247163e-49	1.396517e-49	1.457999e-49	6.689417e+29	1.163764e-49
1.930000e-05	1.735361e-49	1.147045e+16	2.318497e-49	1.440848e-49	1.504282e-49	9.394867e+29	1.200707e-49
1.950000e-05	1.789871e-49	3.915115e+15	2.391324e-49	1.486107e-49	1.551533e-49	1.120837e+30	1.238422e-49
1.970000e-05	1.845511e-49	1.632095e+15	2.465660e-49	1.532304e-49	1.599764e-49	6.079535e+29	1.276920e-49
1.990000e-05	1.902292e-49	5.340851e+14	2.541521e-49	1.579449e-49	1.648984e-49	2.486743e+30	1.316207e-49
2.010000e-05	1.960226e-49	1.932309e+14	2.618923e-49	1.627550e-49	1.699203e-49	8.832134e+29	1.356292e-49
2.030000e-05	2.019324e-49	7.662875e+13	2.697880e-49	1.676619e-49	1.750432e-49	1.396692e+30	1.397182e-49
2.050000e-05	2.079598e-49	2.147364e+13	2.778409e-49	1.726664e-49	1.802681e-49	1.421778e+30	1.438887e-49
2.070000e-05	2.141060e-49	7.443482e+12	2.860524e-49	1.777695e-49	1.855958e-49	1.097520e+30	1.481413e-49
2.090000e-05	2.203722e-49	2.380147e+12	2.944241e-49	1.829722e-49	1.910276e-49	1.436702e+30	1.524768e-49
2.110000e-05	2.267594e-49	7.653570e+11	3.029576e-49	1.882754e-49	1.965643e-49	1.650361e+30	1.568962e-49
2.130000e-05	2.332688e-49	2.434073e+11	3.116545e-49	1.936801e-49	2.022069e-49	2.447511e+30	1.614001e-49
2.150000e-05	2.399017e-49	5.632588e+10	3.205162e-49	1.991873e-49	2.079565e-49	1.706821e+30	1.659894e-49
2.170000e-05	2.466591e-49	1.503833e+10	3.295443e-49	2.047979e-49	2.138141e-49	1.199231e+30	1.706649e-49
2.190000e-05	2.535422e-49	5.017509e+09	3.387403e-49	2.105128e-49	2.197807e-49	1.190262e+30	1.754274e-49
2.210000e-05	2.605522e-49	1.300378e+09	3.481059e-49	2.163331e-49	2.258572e-49	2.102366e+30	1.802776e-49
2.230000e-05	2.676902e-49	3.195931e+08	3.576425e-49	2.222598e-49	2.320448e-49	7.517435e+29	1.852165e-49
2.250000e-05	2.749574e-49	7.434921e+07	3.673517e-49	2.282936e-49	2.383443e-49	1.199249e+31	1.902447e-49
2.270000e-05	2.823550e-49	1.636785e+07	3.772351e-49	2.344357e-49	2.447568e-49	2.759768e+30	1.953631e-49
2.290000e-05	2.898841e-49	3.293062e+06	3.872942e-49	2.406870e-49	2.512833e-49	1.196008e+30	2.005725e-49
2.310000e-05	2.975458e-49	8.534450e+05	3.975305e-49	2.470485e-49	2.579248e-49	2.384644e+30	2.058737e-49
2.330000e-05	3.053414e-49	1.611393e+05	4.079456e-49	2.535210e-49	2.646823e-49	1.012164e+30	2.112675e-49
2.350000e-05	3.132719e-49	2.724213e+04	4.185411e-49	2.601057e-49	2.715569e-49	1.652309e+30	2.167547e-49
2.370000e-05	3.213386e-49	6.002345e+03	4.293185e-49	2.668034e-49	2.785494e-49	5.892952e+30	2.223361e-49
2.390000e-05	3.295426e-49	9.011957e+02	4.402793e-49	2.736150e-49	2.856610e-49	1.433245e+30	2.280125e-49
2.410000e-05	3.378851e-49	1.769884e+02	4.514251e-49	2.805417e-49	2.928926e-49	1.275747e+30	2.337847e-49
2.430000e-05	3.463672e-49	2.332186e+01	4.627574e-49	2.875842e-49	3.002452e-49	1.549415e+30	2.396535e-49
2.450000e-05	3.549900e-49	3.876851e+00	4.742778e-49	2.947437e-49	3.077198e-49	2.523572e+30	2.456197e-49
2.470000e-05	3.637548e-49	6.297543e-01	4.859878e-49	3.020210e-49	3.153175e-49	5.156528e+30	2.516841e-49
2.490000e-05	3.726627e-49	6.682958e-02	4.978891e-49	3.094171e-49	3.230392e-49	1.300404e+30	2.578476e-49
2.510000e-05	3.817149e-49	9.053441e-03	5.099830e-49	3.169330e-49	3.308860e-49	1.972827e+30	2.641108e-49
2.530000e-05	3.909124e-49	1.141501e-03	5.222712e-49	3.245696e-49	3.388588e-49	2.874919e+30	2.704746e-49
2.550000e-05	4.002565e-49	1.328319e-04	5.347553e-49	3.323279e-49	3.469587e-49	1.617371e+30	2.769399e-49
2.570000e-05	4.097484e-49	1.438786e-05	5.474367e-49	3.402089e-49	3.551866e-49	7.079974e+30	2.835074e-49
2.590000e-05	4.193892e-49	1.431187e-06	5.603170e-49	3.482134e-49	3.635436e-49	2.568201e+30	2.901779e-49
2.610000e-05	4.291799e-49	1.335197e-07	5.733979e-49	3.563426e-49	3.720307e-49	2.683981e+30	2.969522e-49
2.630000e-05	4.391219e-49	7.208458e-09	5.866807e-49	3.645973e-49	3.806488e-49	1.768298e+30	3.038311e-49
2.650000e-05	4.492163e-49	8.188843e-10	6.001671e-49	3.729786e-49	3.893990e-49	3.304805e+31	3.108155e-49
2.670000e-05	4.594642e-49	5.566560e-11	6.138586e-49	3.814873e-49	3.982823e-49	1.700535e+30	3.179060e-49
2.690000e-05	4.698668e-49	3.403684e-12	6.277567e-49	3.901244e-49	4.072997e-49	2.402846e+30	3.251036e-49
2.710000e-05	4.804252e-49	1.871691e-13	6.418631e-49	3.988909e-49	4.164521e-49	3.735565e+30	3.324091e-49
2.730000e-05	4.911406e-49	9.099612e-15	6.561792e-49	4.077878e-49	4.257407e-49	2.484815e+30	3.398231e-49
2.750000e-05	5.020142e-49	3.887852e-16	6.707067e-49	4.168159e-49	4.351663e-49	3.960797e+30	3.473466e-49
2.770000e-05	5.130471e-49	1.429661e-17	6.854470e-49	4.259764e-49	4.447301e-49	1.954631e+30	3.549803e-49
2.790000e-05	5.242404e-49	7.867075e-19	7.004016e-49	4.352701e-49	4.544330e-49	2.237196e+31	3.627251e-49
2.810000e-05	5.355954e-49	2.260970e-20	7.155723e-49	4.446980e-49	4.642759e-49	1.699350e+30	3.705817e-49
2.830000e-05	5.471132e-49	5.462798e-22	7.309604e-49	4.542611e-49	4.742600e-49	1.673626e+30	3.785509e-49
2.850000e-05	5.587950e-49	2.039059e-23	7.465676e-49	4.639603e-49	4.843862e-49	1.910054e+30	3.866336e-49
2.870000e-05	5.706418e-49	3.606019e-25	7.623953e-49	4.737966e-49	4.946556e-49	2.120624e+30	3.948305e-49
2.890000e-05	5.826549e-49	1.005754e-26	7.784452e-49	4.837709e-49	5.050690e-49	3.285073e+30	4.031424e-49
2.910000e-05	5.948355e-49	1.256705e-28	7.947188e-49	4.938843e-49	5.156276e-49	3.092730e+30	4.115702e-49
2.930000e-05	6.071846e-49	2.536802e-30	8.112177e-49	5.041376e-49	5.263324e-49	2.722697e+30	4.201147e-49
2.950000e-05	6.197035e-49	2.126849e-32	8.279433e-49	5.145319e-49	5.371842e-49	3.579250e+30	4.287766e-49
2.970000e-05	6.323933e-49	2.972911e-34	8.448972e-49	5.250681e-49	5.481843e-49	2.151016e+30	4.375567e-49
2.990000e-05	6.452551e-49	3.481549e-36	8.620811e-49	5.357471e-49	5.593334e-49	3.854833e+30	4.464559e-49
3.010000e-05	6.582902e-49	1.454552e-38	8.794963e-49	5.465699e-49	5.706328e-49	2.620966e+30	4.554749e-49
3.030000e-05	6.714996e-49	1.385078e-48	8.971446e-49	5.575376e-49	5.820832e-49	4.443049e+30	4.646146e-49
3.050000e-05	6.848846e-49	1.412686e-48	9.150273e-49	5.686509e-49	5.936859e-49	2.606572e+30	4.738758e-49
3.070000e-05	6.984463e-49	1.440659e-48	9.331462e-49	5.799110e-49	6.054417e-49	3.115923e+30	4.832592e-49
3.090000e-05	7.121858e-49	1.469000e-48	9.515026e-49	5.913188e-49	6.173517e-49	2.817837e+30	4.927657e-49
3.110000e-05	7.261044e-49	1.497709e-48	9.700982e-49	6.028752e-49	6.294169e-49	2.773482e+30	5.023960e-49
3.130000e-05	7.402031e-49	1.526790e-48	9.889346e-49	6.145812e-49	6.416382e-49	6.035947e+30	5.121510e-49
3.150000e-05	7.544832e-49	1.556245e-48	1.008013e-48	6.264377e-49	6.540167e-49	1.594203e+30	5.220314e-49
3.170000e-05	7.689457e-49	1.586076e-48	1.027336e-48	6.384458e-49	6.665535e-49	1.221725e+31	5.320382e-49
3.190000e-05	7.835919e-49	1.616286e-48	1.046903e-48	6.506063e-49	6.792494e-49	6.911060e+30	5.421720e-49
3.210000e-05	7.984229e-49	1.646878e-48	1.066718e-48	6.629203e-49	6.921055e-49	2.131668e+30	5.524336e-49
3.230000e-05	8.134399e-49	1.677853e-48	1.086781e-48	6.753887e-49	7.051228e-49	2.420439e+30	5.628239e-49
3.250000e-05	8.286440e-49	1.709213e-48	1.107094e-48	6.880125e-49	7.183024e-49	3.819596e+30	5.733437e-49
3.270000e-05	8.440364e-49	1.740963e-48	1.127659e-48	7.007926e-49	7.316451e-49	2.931311e+30	5.839938e-49
3.290000e-05	8.596182e-49	1.773103e-48	1.148477e-48	7.137300e-49	7.451521e-49	2.177970e+30	5.947750e-49
3.310000e-05	8.753906e-49	1.805636e-48	1.169549e-48	7.268256e-49	7.588242e-49	4.904773e+30	6.056880e-49
3.330000e-05	8.913548e-49	1.838565e-48	1.190878e-48	7.400805e-49	7.726626e-49	1.860058e+30	6.167337e-49
3.350000e-05	9.075119e-49	1.871891e-48	1.212464e-48	7.534955e-49	7.866683e-49	7.573561e+29	6.279129e-49
3.370000e-05	9.238631e-49	1.905618e-48	1.234310e-48	7.670717e-49	8.008421e-49	3.108475e+31	6.392264e-49
3.390000e-05	9.404095e-49	1.939748e-48	1.256417e-48	7.808100e-49	8.151852e-49	8.230981e+29	6.506750e-49
3.410000e-05	9.571523e-49	1.974283e-48	1.278785e-48	7.947113e-49	8.296986e-49	6.613355e+29	6.622594e-49
3.430000e-05	9.740926e-49	2.009225e-48	1.301418e-48	8.087767e-49	8.443832e-49	3.866442e+30	6.739805e-49
3.450000e-05	9.912317e-49	2.044577e-48	1.324317e-48	8.230070e-49	8.592400e-49	6.187192e+29	6.858392e-49
3.470000e-05	1.008571e-48	2.080342e-48	1.347482e-48	8.374033e-49	8.742701e-49	2.512444e+30	6.978361e-49
3.490000e-05	1.026111e-48	2.116521e-48	1.370916e-48	8.519665e-49	8.894745e-49	6.775639e+30	7.099721e-49
3.510000e-05	1.043853e-48	2.153117e-48	1.394620e-48	8.666976e-49	9.048541e-49	2.047144e+30	7.222480e-49
3.530000e-05	1.061798e-48	2.190132e-48	1.418596e-48	8.815975e-49	9.204100e-49	3.204295e+30	7.346646e-49
3.550000e-05	1.079948e-48	2.227570e-48	1.442845e-48	8.966672e-49	9.361432e-49	5.127970e+30	7.472227e-49
3.570000e-05	1.098304e-48	2.265431e-48	1.467368e-48	9.119077e-49	9.520546e-49	3.143365e+30	7.599231e-49
3.590000e-05	1.116866e-48	2.303719e-48	1.492169e-48	9.273199e-49	9.681453e-49	4.375618e+30	7.727666e-49
3.610000e-05	1.135637e-48	2.342436e-48	1.517247e-48	9.429048e-49	9.844163e-49	4.537081e+30	7.857540e-49
3.630000e-05	1.154617e-48	2.381585e-48	1.542604e-48	9.586633e-49	1.000869e-48	4.101011e+30	7.988861e-49
3.650000e-05	1.173806e-48	2.421167e-48	1.568242e-48	9.745965e-49	1.017503e-48	3.967350e+30	8.121637e-49
3.670000e-05	1.193208e-48	2.461186e-48	1.594163e-48	9.907052e-49	1.034321e-48	4.955408e+30	8.255877e-49
3.690000e-05	1.212822e-48	2.501643e-48	1.620368e-48	1.006990e-48	1.051323e-48	4.822300e+30	8.391587e-49
3.710000e-05	1.232650e-48	2.542541e-48	1.646858e-48	1.023453e-48	1.068511e-48	3.599095e+30	8.528776e-49
3.730000e-05	1.252692e-48	2.583882e-48	1.673636e-48	1.040094e-48	1.085885e-48	5.047482e+30	8.667453e-49
3.750000e-05	1.272951e-48	2.625669e-48	1.700702e-48	1.056915e-48	1.103446e-48	4.384553e+30	8.807625e-49
3.770000e-05	1.293427e-48	2.667904e-48	1.728059e-48	1.073916e-48	1.121195e-48	2.071583e+30	8.949300e-49
3.790000e-05	1.314122e-48	2.710590e-48	1.755708e-48	1.091098e-48	1.139134e-48	1.982204e+30	9.092486e-49
3.810000e-05	1.335036e-48	2.753729e-48	1.783649e-48	1.108463e-48	1.157263e-48	4.487775e+30	9.237191e-49
3.830000e-05	1.356170e-48	2.797322e-48	1.811886e-48	1.126011e-48	1.175584e-48	2.971966e+30	9.383424e-49
3.850000e-05	1.377527e-48	2.841374e-48	1.840419e-48	1.143743e-48	1.194096e-48	1.420485e+30	9.531191e-49
3.870000e-05	1.399107e-48	2.885886e-48	1.869250e-48	1.161660e-48	1.212803e-48	5.266872e+30	9.680502e-49
3.890000e-05	1.420910e-48	2.930860e-48	1.898381e-48	1.179764e-48	1.231703e-48	2.056248e+30	9.831365e-49
3.910000e-05	1.442940e-48	2.976299e-48	1.927813e-48	1.198054e-48	1.250799e-48	1.413494e+30	9.983786e-49
3.930000e-05	1.465195e-48	3.022205e-48	1.957547e-48	1.216533e-48	1.270091e-48	4.060554e+30	1.013778e-48
3.950000e-05	1.487679e-48	3.068580e-48	1.987586e-48	1.235201e-48	1.289581e-48	2.172640e+30	1.029334e-48
3.970000e-05	1.510391e-48	3.115428e-48	2.017930e-48	1.254058e-48	1.309269e-48	1.796124e+30	1.045049e-48
3.990000e-05	1.533333e-48	3.162750e-48	2.048581e-48	1.273107e-48	1.329156e-48	3.758247e+30	1.060923e-48
4.010000e-05	1.556507e-48	3.210549e-48	2.079542e-48	1.292348e-48	1.349243e-48	6.581115e+30	1.076956e-48
4.030000e-05	1.579913e-48	3.258827e-48	2.110813e-48	1.311781e-48	1.369533e-48	1.811252e+30	1.093151e-48
4.050000e-05	1.603552e-48	3.307587e-48	2.142395e-48	1.331408e-48	1.390024e-48	2.480212e+30	1.109507e-48
4.070000e-05	1.627426e-48	3.356831e-48	2.174292e-48	1.351231e-48	1.410719e-48	3.903993e+30	1.126026e-48
4.090000e-05	1.651535e-48	3.406561e-48	2.206503e-48	1.371249e-48	1.431618e-48	2.170767e+30	1.142707e-48
4.110000e-05	1.675882e-48	3.456780e-48	2.239030e-48	1.391463e-48	1.452723e-48	2.731147e+30	1.159553e-48
4.130000e-05	1.700466e-48	3.507489e-48	2.271876e-48	1.411875e-48	1.474034e-48	6.468249e+29	1.176563e-48
4.150000e-05	1.725290e-48	3.558693e-48	2.305042e-48	1.432486e-48	1.495552e-48	9.227868e+29	1.193739e-48
4.170000e-05	1.750355e-48	3.610392e-48	2.338529e-48	1.453297e-48	1.517279e-48	4.860871e+30	1.211081e-48
4.190000e-05	1.775661e-48	3.662590e-48	2.372338e-48	1.474308e-48	1.539215e-48	8.072050e+29	1.228590e-48
4.210000e-05	1.801209e-48	3.715288e-48	2.406472e-48	1.495521e-48	1.561362e-48	7.421537e+29	1.246268e-48
4.230000e-05	1.827002e-48	3.768490e-48	2.440932e-48	1.516936e-48	1.583720e-48	7.574050e+29	1.264114e-48
4.250000e-05	1.853040e-48	3.822196e-48	2.475719e-48	1.538555e-48	1.606290e-48	3.478305e+30	1.282129e-48
4.270000e-05	1.879323e-48	3.876411e-48	2.510835e-48	1.560378e-48	1.629074e-48	2.342679e+29	1.300315e-48
4.290000e-05	1.905855e-48	3.931136e-48	2.546282e-48	1.582407e-48	1.652072e-48	3.318042e+30	1.318672e-48
4.310000e-05	1.932634e-48	3.986374e-48	2.582060e-48	1.604642e-48	1.675286e-48	2.668743e+29	1.337201e-48
4.330000e-05	1.959664e-48	4.042127e-48	2.618172e-48	1.627084e-48	1.698716e-48	5.311261e+29	1.355903e-48
4.350000e-05	1.986944e-48	4.098397e-48	2.654620e-48	1.649734e-48	1.722364e-48	4.003852e+29	1.374779e-48
4.370000e-05	2.014477e-48	4.155187e-48	2.691404e-48	1.672594e-48	1.746230e-48	4.588390e+29	1.393828e-48
4.390000e-05	2.042262e-48	4.212499e-48	2.728526e-48	1.695664e-48	1.770316e-48	3.165134e+29	1.413053e-48
4.410000e-05	2.070302e-48	4.270335e-48	2.765988e-48	1.718945e-48	1.794622e-48	9.116545e+29	1.432454e-48
4.430000e-05	2.098597e-48	4.328699e-48	2.803792e-48	1.742438e-48	1.819149e-48	4.465601e+29	1.452032e-48
4.450000e-05	2.127149e-48	4.387592e-48	2.841938e-48	1.766145e-48	1.843899e-48	3.772998e+29	1.471787e-48
4.470000e-05	2.155959e-48	4.447017e-48	2.880429e-48	1.790065e-48	1.868873e-48	2.591860e+29	1.491721e-48
4.490000e-05	2.185028e-48	4.506976e-48	2.919265e-48	1.814200e-48	1.894071e-48	1.053480e+27	1.511834e-48
4.510000e-05	2.214356e-48	4.567471e-48	2.958450e-48	1.838552e-48	1.919494e-48	9.973122e+26	1.532127e-48
4.530000e-05	2.243947e-48	4.628506e-48	2.997983e-48	1.863120e-48	1.945144e-48	7.145685e+26	1.552600e-48
4.550000e-05	2.273799e-48	4.690082e-48	3.037867e-48	1.887906e-48	1.971022e-48	2.766851e+27	1.573255e-48
4.570000e-05	2.303915e-48	4.752201e-48	3.078103e-48	1.912911e-48	1.997128e-48	4.836170e+26	1.594093e-48
4.590000e-05	2.334296e-48	4.814867e-48	3.118693e-48	1.938136e-48	2.023463e-48	1.676668e+27	1.615114e-48
4.610000e-05	2.364943e-48	4.878081e-48	3.159638e-48	1.963582e-48	2.050029e-48	5.075759e+26	1.636318e-48
4.630000e-05	2.395857e-48	4.941846e-48	3.200940e-48	1.989249e-48	2.076826e-48	1.209689e+27	1.657708e-48
4.650000e-05	2.427039e-48	5.006164e-48	3.242600e-48	2.015139e-48	2.103856e-48	8.592439e+26	1.679283e-48
4.670000e-05	2.458491e-48	5.071038e-48	3.284620e-48	2.041253e-48	2.131120e-48	7.865004e+26	1.701044e-48
4.690000e-05	2.490213e-48	5.136470e-48	3.327002e-48	2.067592e-48	2.158618e-48	8.530263e+26	1.722993e-48
4.710000e-05	2.522206e-48	5.202462e-48	3.369747e-48	2.094156e-48	2.186351e-48	1.005133e+27	1.745130e-48
4.730000e-05	2.554473e-48	5.269017e-48	3.412856e-48	2.120946e-48	2.214321e-48	1.355929e+27	1.767455e-48
4.750000e-05	2.587014e-48	5.336138e-48	3.456331e-48	2.147964e-48	2.242529e-48	6.531038e+26	1.789970e-48
4.770000e-05	2.619830e-48	5.403826e-48	3.500174e-48	2.175211e-48	2.270975e-48	1.365212e+27	1.812676e-48
4.790000e-05	2.652922e-48	5.472084e-48	3.544387e-48	2.202687e-48	2.299661e-48	6.060622e+26	1.835572e-48
4.810000e-05	2.686291e-48	5.540914e-48	3.588970e-48	2.230393e-48	2.328587e-48	8.289668e+26	1.858661e-48
4.830000e-05	2.719940e-48	5.610320e-48	3.633925e-48	2.258331e-48	2.357755e-48	6.592627e+26	1.881943e-48
4.850000e-05	2.753868e-48	5.680302e-48	3.679254e-48	2.286501e-48	2.387165e-48	7.220652e+26	1.905418e-48
4.870000e-05	2.788077e-48	5.750864e-48	3.724958e-48	2.314905e-48	2.416819e-48	6.512746e+26	1.929087e-48
4.890000e-05	2.822568e-48	5.822008e-48	3.771040e-48	2.343542e-48	2.446717e-48	9.626628e+26	1.952952e-48
4.910000e-05	2.857343e-48	5.893736e-48	3.817500e-48	2.372415e-48	2.476861e-48	6.837927e+26	1.977013e-48
4.930000e-05	2.892402e-48	5.966051e-48	3.864340e-48	2.401524e-48	2.507252e-48	1.199575e+27	2.001270e-48
4.950000e-05	2.927747e-48	6.038955e-48	3.911561e-48	2.430871e-48	2.537890e-48	5.829935e+26	2.025726e-48
4.970000e-05	2.963378e-48	6.112451e-48	3.959166e-48	2.460455e-48	2.568777e-48	1.198852e+27	2.050379e-48
4.990000e-05	2.999297e-48	6.186540e-48	4.007155e-48	2.490278e-48	2.599913e-48	5.434354e+26	2.075232e-48
5.010000e-05	3.035506e-48	6.261226e-48	4.055531e-48	2.520342e-48	2.631300e-48	7.304479e+26	2.100285e-48
5.030000e-05	3.072005e-48	6.336511e-48	4.104294e-48	2.550646e-48	2.662939e-48	6.110890e+26	2.125538e-48
5.050000e-05	3.108795e-48	6.412396e-48	4.153447e-48	2.581192e-48	2.694830e-48	6.496498e+26	2.150994e-48
5.070000e-05	3.145877e-48	6.488885e-48	4.202991e-48	2.611982e-48	2.726975e-48	7.749005e+26	2.176651e-48
5.090000e-05	3.183254e-48	6.565980e-48	4.252927e-48	2.643015e-48	2.759374e-48	7.111695e+26	2.202512e-48
5.110000e-05	3.220925e-48	6.643683e-48	4.303257e-48	2.674293e-48	2.792029e-48	5.773346e+26	2.228577e-48
5.130000e-05	3.258892e-48	6.721997e-48	4.353982e-48	2.705816e-48	2.824940e-48	1.130230e+27	2.254847e-48
5.150000e-05	3.297157e-48	6.800924e-48	4.405105e-48	2.737587e-48	2.858110e-48	9.481317e+26	2.281323e-48
5.170000e-05	3.335720e-48	6.880466e-48	4.456626e-48	2.769605e-48	2.891538e-48	1.941834e+27	2.308004e-48
5.190000e-05	3.374582e-48	6.960626e-48	4.508547e-48	2.801872e-48	2.925225e-48	9.439480e+26	2.334893e-48
5.210000e-05	3.413745e-48	7.041406e-48	4.560870e-48	2.834389e-48	2.959173e-48	1.181243e+27	2.361991e-48
5.230000e-05	3.453210e-48	7.122809e-48	4.613596e-48	2.867156e-48	2.993383e-48	9.073093e+26	2.389297e-48
5.250000e-05	3.492978e-48	7.204836e-48	4.666728e-48	2.900175e-48	3.027855e-48	1.285016e+27	2.416812e-48
5.270000e-05	3.533050e-48	7.287492e-48	4.720265e-48	2.933446e-48	3.062591e-48	1.016865e+27	2.444538e-48
5.290000e-05	3.573427e-48	7.370776e-48	4.774210e-48	2.966971e-48	3.097592e-48	1.330807e+27	2.472476e-48
5.310000e-05	3.614111e-48	7.454693e-48	4.828565e-48	3.000750e-48	3.132858e-48	1.262866e+27	2.500625e-48
5.330000e-05	3.655102e-48	7.539245e-48	4.883331e-48	3.034785e-48	3.168391e-48	1.866297e+27	2.528987e-48
5.350000e-05	3.696402e-48	7.624433e-48	4.938509e-48	3.069076e-48	3.204192e-48	7.794823e+26	2.557563e-48
5.370000e-05	3.738013e-48	7.710261e-48	4.994102e-48	3.103624e-48	3.240262e-48	1.347616e+27	2.586353e-48
5.390000e-05	3.779934e-48	7.796730e-48	5.050110e-48	3.138431e-48	3.276601e-48	6.046319e+26	2.615359e-48
5.410000e-05	3.822167e-48	7.883844e-48	5.106535e-48	3.173497e-48	3.313210e-48	1.009195e+27	2.644581e-48
5.430000e-05	3.864714e-48	7.971604e-48	5.163379e-48	3.208823e-48	3.350092e-48	6.313530e+26	2.674019e-48
5.450000e-05	3.907576e-48	8.060013e-48	5.220644e-48	3.244410e-48	3.387246e-48	7.641021e+26	2.703675e-48
5.470000e-05	3.950753e-48	8.149073e-48	5.278330e-48	3.280260e-48	3.424674e-48	7.743505e+26	2.733550e-48
5.490000e-05	3.994247e-48	8.238787e-48	5.336439e-48	3.316372e-48	3.462376e-48	7.493785e+26	2.763644e-48
5.510000e-05	4.038059e-48	8.329156e-48	5.394974e-48	3.352749e-48	3.500354e-48	6.441019e+26	2.793958e-48
5.530000e-05	4.082191e-48	8.420185e-48	5.453935e-48	3.389391e-48	3.538609e-48	1.106987e+27	2.824492e-48
5.550000e-05	4.126643e-48	8.511874e-48	5.513324e-48	3.426298e-48	3.577142e-48	6.087097e+26	2.855249e-48
5.570000e-05	4.171416e-48	8.604226e-48	5.573142e-48	3.463473e-48	3.615953e-48	1.182292e+27	2.886228e-48
5.590000e-05	4.216512e-48	8.697244e-48	5.633392e-48	3.500916e-48	3.655044e-48	5.683838e+26	2.917430e-48
5.610000e-05	4.261932e-48	8.790930e-48	5.694074e-48	3.538627e-48	3.694416e-48	8.913714e+26	2.948856e-48
5.630000e-05	4.307677e-48	8.885286e-48	5.755191e-48	3.576609e-48	3.734069e-48	5.208841e+26	2.980507e-48
5.650000e-05	4.353748e-48	8.980315e-48	5.816743e-48	3.614861e-48	3.774006e-48	5.028853e+26	3.012384e-48
5.670000e-05	4.400146e-48	9.076019e-48	5.878733e-48	3.653385e-48	3.814226e-48	2.356701e+26	3.044487e-48
5.690000e-05	4.446873e-48	9.172401e-48	5.941161e-48	3.692182e-48	3.854730e-48	2.553208e+26	3.076818e-48
5.710000e-05	4.493929e-48	9.269462e-48	6.004030e-48	3.731252e-48	3.895521e-48	2.983536e+26	3.109377e-48
5.730000e-05	4.541316e-48	9.367206e-48	6.067341e-48	3.770597e-48	3.936598e-48	2.732331e+26	3.142164e-48
5.750000e-05	4.589036e-48	9.465635e-48	6.131095e-48	3.810218e-48	3.977963e-48	2.266315e+26	3.175181e-48
5.770000e-05	4.637088e-48	9.564751e-48	6.195295e-48	3.850115e-48	4.019617e-48	4.447761e+26	3.208429e-48
5.790000e-05	4.685475e-48	9.664556e-48	6.259941e-48	3.890290e-48	4.061560e-48	2.058849e+26	3.241908e-48
5.810000e-05	4.734197e-48	9.765053e-48	6.325035e-48	3.930743e-48	4.103795e-48	4.015458e+26	3.275619e-48
5.830000e-05	4.783255e-48	9.866245e-48	6.390579e-48	3.971476e-48	4.146321e-48	1.877976e+26	3.309563e-48
5.850000e-05	4.832652e-48	9.968133e-48	6.456574e-48	4.012489e-48	4.189139e-48	2.611766e+26	3.343741e-48
5.870000e-05	4.882387e-48	1.007072e-47	6.523022e-48	4.053783e-48	4.232252e-48	3.666575e+26	3.378153e-48
5.890000e-05	4.932462e-48	1.017401e-47	6.589924e-48	4.095360e-48	4.275659e-48	4.510901e+26	3.412800e-48
5.910000e-05	4.982879e-48	1.027800e-47	6.657282e-48	4.137221e-48	4.319362e-48	4.569791e+26	3.447684e-48
5.930000e-05	5.033638e-48	1.038270e-47	6.725098e-48	4.179365e-48	4.363362e-48	4.168654e+26	3.482804e-48
5.950000e-05	5.084741e-48	1.048811e-47	6.793373e-48	4.221795e-48	4.407660e-48	5.087684e+26	3.518163e-48
5.970000e-05	5.136188e-48	1.059423e-47	6.862108e-48	4.264511e-48	4.452257e-48	4.994884e+26	3.553759e-48
5.990000e-05	5.187981e-48	1.070106e-47	6.931305e-48	4.307514e-48	4.497153e-48	4.483836e+26	3.589595e-48
6.010000e-05	5.240121e-48	1.080860e-47	7.000966e-48	4.350805e-48	4.542350e-48	5.163531e+26	3.625671e-48
6.030000e-05	5.292609e-48	1.091687e-47	7.071092e-48	4.394386e-48	4.587849e-48	3.362980e+26	3.661988e-48
6.050000e-05	5.345447e-48	1.102586e-47	7.141685e-48	4.438256e-48	4.633651e-48	3.838834e+26	3.698547e-48
6.070000e-05	5.398635e-48	1.113557e-47	7.212746e-48	4.482418e-48	4.679757e-48	2.626679e+26	3.735348e-48
6.090000e-05	5.452175e-48	1.124600e-47	7.284276e-48	4.526871e-48	4.726167e-48	1.656313e+26	3.772393e-48
6.110000e-05	5.506067e-48	1.135716e-47	7.356279e-48	4.571617e-48	4.772884e-48	1.842011e+26	3.809681e-48
6.130000e-05	5.560314e-48	1.146906e-47	7.428754e-48	4.616658e-48	4.819907e-48	1.422299e+26	3.847215e-48
6.150000e-05	5.614916e-48	1.158168e-47	7.501703e-48	4.661993e-48	4.867238e-48	2.554905e+26	3.884994e-48
6.170000e-05	5.669874e-48	1.169504e-47	7.575129e-48	4.707624e-48	4.914878e-48	1.265802e+26	3.923020e-48
6.190000e-05	5.725189e-48	1.180914e-47	7.649032e-48	4.753551e-48	4.962827e-48	2.555190e+26	3.961293e-48
6.210000e-05	5.780863e-48	1.192397e-47	7.723414e-48	4.799777e-48	5.011088e-48	1.129871e+26	3.999814e-48
6.230000e-05	5.836897e-48	1.203955e-47	7.798277e-48	4.846301e-48	5.059660e-48	1.587313e+26	4.038584e-48
6.250000e-05	5.893292e-48	1.215588e-47	7.873623e-48	4.893125e-48	5.108545e-48	1.115916e+26	4.077604e-48
6.270000e-05	5.950049e-48	1.227295e-47	7.949452e-48	4.940249e-48	5.157745e-48	1.833573e+26	4.116874e-48
6.290000e-05	6.007169e-48	1.239077e-47	8.025766e-48	4.987675e-48	5.207259e-48	1.344599e+26	4.156396e-48
6.310000e-05	6.064653e-48	1.250934e-47	8.102567e-48	5.035404e-48	5.257088e-48	1.462428e+26	4.196170e-48
6.330000e-05	6.122503e-48	1.262866e-47	8.179856e-48	5.083436e-48	5.307235e-48	1.186092e+26	4.236197e-48
6.350000e-05	6.180720e-48	1.274874e-47	8.257636e-48	5.131773e-48	5.357700e-48	2.420094e+26	4.276477e-48
6.370000e-05	6.239305e-48	1.286958e-47	8.335907e-48	5.180415e-48	5.408483e-48	9.766411e+25	4.317012e-48
6.390000e-05	6.298258e-48	1.299119e-47	8.414671e-48	5.229363e-48	5.459587e-48	2.263426e+26	4.357803e-48
6.410000e-05	6.357582e-48	1.311355e-47	8.493929e-48	5.278619e-48	5.511011e-48	9.540885e+25	4.398849e-48
6.430000e-05	6.417277e-48	1.323668e-47	8.573684e-48	5.328183e-48	5.562757e-48	1.463896e+26	4.440153e-48
6.450000e-05	6.477345e-48	1.336058e-47	8.653936e-48	5.378057e-48	5.614827e-48	1.323553e+26	4.481714e-48
6.470000e-05	6.537787e-48	1.348525e-47	8.734688e-48	5.428241e-48	5.667220e-48	1.210996e+26	4.523534e-48
6.490000e-05	6.598603e-48	1.361070e-47	8.815940e-48	5.478736e-48	5.719938e-48	1.170999e+26	4.565613e-48
6.510000e-05	6.659795e-48	1.373691e-47	8.897695e-48	5.529543e-48	5.772982e-48	1.204740e+26	4.607952e-48
6.530000e-05	6.721364e-48	1.386391e-47	8.979953e-48	5.580663e-48	5.826352e-48	9.590884e+25	4.650552e-48
6.550000e-05	6.783312e-48	1.399169e-47	9.062717e-48	5.632097e-48	5.880051e-48	2.159582e+26	4.693414e-48
6.570000e-05	6.845639e-48	1.412025e-47	9.145988e-48	5.683847e-48	5.934079e-48	6.263838e+25	4.736539e-48
6.590000e-05	6.908347e-48	1.424959e-47	9.229768e-48	5.735912e-48	5.988437e-48	2.209468e+26	4.779927e-48
6.610000e-05	6.971437e-48	1.437973e-47	9.314058e-48	5.788295e-48	6.043125e-48	6.543858e+25	4.823579e-48
6.630000e-05	7.034909e-48	1.451065e-47	9.398859e-48	5.840995e-48	6.098146e-48	1.554800e+26	4.867496e-48
6.650000e-05	7.098766e-48	1.464236e-47	9.484173e-48	5.894014e-48	6.153499e-48	1.055906e+26	4.911679e-48
6.670000e-05	7.163007e-48	1.477487e-47	9.570002e-48	5.947353e-48	6.209187e-48	1.022721e+26	4.956128e-48
6.690000e-05	7.227636e-48	1.490818e-47	9.656348e-48	6.001013e-48	6.265209e-48	1.032461e+26	5.000845e-48
6.710000e-05	7.292651e-48	1.504228e-47	9.743211e-48	6.054995e-48	6.321567e-48	1.135496e+26	5.045829e-48
6.730000e-05	7.358056e-48	1.517719e-47	9.830593e-48	6.109300e-48	6.378263e-48	5.654656e+25	5.091083e-48
6.750000e-05	7.423851e-48	1.531290e-47	9.918497e-48	6.163928e-48	6.435296e-48	3.685740e+26	5.136607e-48
6.770000e-05	7.490036e-48	1.544942e-47	1.000692e-47	6.218881e-48	6.492668e-48	8.067614e+25	5.182401e-48
6.790000e-05	7.556614e-48	1.558675e-47	1.009587e-47	6.274160e-48	6.550381e-48	3.352188e+26	5.228466e-48
6.810000e-05	7.623585e-48	1.572489e-47	1.018535e-47	6.329765e-48	6.608434e-48	2.059025e+26	5.274804e-48
6.830000e-05	7.690950e-48	1.586384e-47	1.027535e-47	6.385698e-48	6.666829e-48	1.427865e+26	5.321415e-48
6.850000e-05	7.758712e-48	1.600361e-47	1.036588e-47	6.441959e-48	6.725567e-48	1.694887e+26	5.368299e-48
6.870000e-05	7.826870e-48	1.614420e-47	1.045694e-47	6.498550e-48	6.784650e-48	1.582139e+26	5.415458e-48
6.890000e-05	7.895426e-48	1.628560e-47	1.054854e-47	6.555471e-48	6.844077e-48	1.443588e+26	5.462893e-48
6.910000e-05	7.964381e-48	1.642784e-47	1.064066e-47	6.612724e-48	6.903850e-48	2.023365e+26	5.510603e-48
6.930000e-05	8.033737e-48	1.657089e-47	1.073332e-47	6.670309e-48	6.963970e-48	1.578519e+26	5.558591e-48
6.950000e-05	8.103494e-48	1.671478e-47	1.082652e-47	6.728227e-48	7.024439e-48	5.408363e+25	5.606856e-48
6.970000e-05	8.173654e-48	1.685949e-47	1.092026e-47	6.786480e-48	7.085256e-48	1.109220e+26	5.655400e-48
6.990000e-05	8.244217e-48	1.700504e-47	1.101453e-47	6.845068e-48	7.146423e-48	4.989748e+25	5.704223e-48
7.010000e-05	8.315186e-48	1.715143e-47	1.110935e-47	6.903992e-48	7.207942e-48	6.418698e+25	5.753327e-48
7.030000e-05	8.386560e-48	1.729865e-47	1.120471e-47	6.963254e-48	7.269812e-48	6.046095e+25	5.802711e-48
7.050000e-05	8.458342e-48	1.744671e-47	1.130061e-47	7.022853e-48	7.332036e-48	6.636109e+25	5.852378e-48
7.070000e-05	8.530532e-48	1.759562e-47	1.139706e-47	7.082792e-48	7.394613e-48	1.029914e+26	5.902327e-48
7.090000e-05	8.603132e-48	1.774536e-47	1.149405e-47	7.143071e-48	7.457546e-48	9.979459e+25	5.952559e-48
7.110000e-05	8.676143e-48	1.789596e-47	1.159160e-47	7.203691e-48	7.520834e-48	1.328060e+26	6.003075e-48
7.130000e-05	8.749566e-48	1.804741e-47	1.168969e-47	7.264652e-48	7.584480e-48	1.925459e+26	6.053877e-48
7.150000e-05	8.823401e-48	1.819970e-47	1.178834e-47	7.325957e-48	7.648484e-48	8.165405e+25	6.104964e-48
7.170000e-05	8.897651e-48	1.835286e-47	1.188754e-47	7.387606e-48	7.712846e-48	1.737896e+26	6.156338e-48
7.190000e-05	8.972316e-48	1.850687e-47	1.198730e-47	7.449599e-48	7.777569e-48	6.758241e+25	6.207999e-48
7.210000e-05	9.047398e-48	1.866173e-47	1.208761e-47	7.511939e-48	7.842653e-48	1.122844e+26	6.259949e-48
7.230000e-05	9.122897e-48	1.881746e-47	1.218848e-47	7.574625e-48	7.908099e-48	1.043665e+26	6.312188e-48
7.250000e-05	9.198816e-48	1.897406e-47	1.228991e-47	7.637659e-48	7.973908e-48	1.171482e+26	6.364716e-48
7.270000e-05	9.275154e-48	1.913152e-47	1.239190e-47	7.701042e-48	8.040081e-48	7.084980e+25	6.417535e-48
7.290000e-05	9.351914e-48	1.928985e-47	1.249445e-47	7.764774e-48	8.106620e-48	6.787368e+25	6.470645e-48
7.310000e-05	9.429095e-48	1.944905e-47	1.259757e-47	7.828857e-48	8.173524e-48	8.711028e+25	6.524048e-48
7.330000e-05	9.506701e-48	1.960912e-47	1.270125e-47	7.893292e-48	8.240795e-48	1.013777e+26	6.577743e-48
7.350000e-05	9.584731e-48	1.977007e-47	1.280550e-47	7.958079e-48	8.308435e-48	1.345546e+26	6.631733e-48
7.370000e-05	9.663187e-48	1.993190e-47	1.291032e-47	8.023220e-48	8.376444e-48	9.900642e+25	6.686017e-48
7.390000e-05	9.742069e-48	2.009461e-47	1.301571e-47	8.088715e-48	8.444822e-48	1.265751e+26	6.740596e-48
7.410000e-05	9.821380e-48	2.025820e-47	1.312167e-47	8.154566e-48	8.513572e-48	1.006480e+26	6.795472e-48
7.430000e-05	9.901120e-48	2.042268e-47	1.322821e-47	8.220774e-48	8.582694e-48	6.886796e+25	6.850645e-48
7.450000e-05	9.981291e-48	2.058804e-47	1.333532e-47	8.287338e-48	8.652190e-48	7.494520e+25	6.906115e-48
7.470000e-05	1.006189e-47	2.075430e-47	1.344300e-47	8.354261e-48	8.722059e-48	8.114319e+25	6.961884e-48
7.490000e-05	1.014293e-47	2.092144e-47	1.355127e-47	8.421544e-48	8.792303e-48	8.059313e+25	7.017953e-48
7.510000e-05	1.022440e-47	2.108949e-47	1.366011e-47	8.489186e-48	8.862924e-48	9.325416e+25	7.074322e-48
7.530000e-05	1.030630e-47	2.125843e-47	1.376954e-47	8.557190e-48	8.933922e-48	6.086609e+25	7.130992e-48
7.550000e-05	1.038864e-47	2.142827e-47	1.387955e-47	8.625556e-48	9.005297e-48	1.230856e+26	7.187963e-48
7.570000e-05	1.047142e-47	2.159901e-47	1.399014e-47	8.694285e-48	9.077053e-48	5.859710e+25	7.245238e-48
7.590000e-05	1.055464e-47	2.177066e-47	1.410132e-47	8.763379e-48	9.149188e-48	1.109189e+26	7.302815e-48
7.610000e-05	1.063829e-47	2.194321e-47	1.421309e-47	8.832837e-48	9.221704e-48	5.885852e+25	7.360697e-48
7.630000e-05	1.072239e-47	2.211667e-47	1.432545e-47	8.902661e-48	9.294603e-48	5.824491e+25	7.418885e-48
7.650000e-05	1.080693e-47	2.229105e-47	1.443839e-47	8.972853e-48	9.367884e-48	4.382759e+25	7.477377e-48
7.670000e-05	1.089191e-47	2.246634e-47	1.455193e-47	9.043412e-48	9.441550e-48	4.502197e+25	7.536177e-48
7.690000e-05	1.097734e-47	2.264254e-47	1.466606e-47	9.114341e-48	9.515601e-48	3.931405e+25	7.595284e-48
7.710000e-05	1.106321e-47	2.281967e-47	1.478079e-47	9.185639e-48	9.590038e-48	3.138978e+25	7.654699e-48
7.730000e-05	1.114953e-47	2.299772e-47	1.489612e-47	9.257308e-48	9.664863e-48	2.961062e+25	7.714424e-48
7.750000e-05	1.123629e-47	2.317669e-47	1.501204e-47	9.329349e-48	9.740075e-48	1.805370e+25	7.774458e-48
7.770000e-05	1.132351e-47	2.335658e-47	1.512856e-47	9.401763e-48	9.815677e-48	3.062026e+25	7.834803e-48
7.790000e-05	1.141117e-47	2.353741e-47	1.524568e-47	9.474551e-48	9.891669e-48	1.279806e+25	7.895459e-48
7.810000e-05	1.149929e-47	2.371916e-47	1.536341e-47	9.547713e-48	9.968052e-48	1.074984e+25	7.956427e-48
7.830000e-05	1.158786e-47	2.390185e-47	1.548174e-47	9.621251e-48	1.004483e-47	6.942321e+24	8.017709e-48
7.850000e-05	1.167688e-47	2.408547e-47	1.560068e-47	9.695165e-48	1.012200e-47	2.751873e+24	8.079304e-48
7.870000e-05	1.176636e-47	2.427004e-47	1.572022e-47	9.769457e-48	1.019956e-47	3.233409e+24	8.141214e-48
7.890000e-05	1.185629e-47	2.445554e-47	1.584038e-47	9.844128e-48	1.027752e-47	5.295020e+23	8.203440e-48
7.910000e-05	1.194668e-47	2.464198e-47	1.596114e-47	9.919178e-48	1.035587e-47	8.125540e+22	8.265982e-48
7.930000e-05	1.203753e-47	2.482937e-47	1.608252e-47	9.994609e-48	1.043462e-47	3.511456e+22	8.328841e-48
7.950000e-05	1.212884e-47	2.501771e-47	1.620451e-47	1.007042e-47	1.051377e-47	3.861638e+22	8.392018e-48
7.970000e-05	1.222061e-47	2.520700e-47	1.632712e-47	1.014662e-47	1.059332e-47	6.815904e+21	8.455513e-48
7.990000e-05	1.231284e-47	2.539724e-47	1.645034e-47	1.022319e-47	1.067327e-47	4.669193e+21	8.519328e-48
