# number of size bins = 103
# 0:size [cm], masses (1:Al2O3, 2:Fe, 3:Fe3O4, 4:MgSiO3, 5:Mg2SiO4, 6:AC, 7:SiO2) [g]
1.000000e-08	2.413892e-59	4.979047e-59	3.225036e-59	2.004224e-59	2.092460e-59	1.206943e+02	1.670187e-59
3.000000e-08	6.517509e-58	1.344343e-57	8.707597e-58	8.186395e+16	5.649643e-58	1.819779e+02	4.489659e+15
5.000000e-08	3.017365e-57	6.760629e+19	4.031295e-57	6.531219e+20	2.615575e-57	3.761223e+21	1.085937e+09
7.000000e-08	8.279651e-57	1.931217e+12	1.106187e-56	9.500340e+23	7.177139e-57	2.127543e+24	5.814597e-03
9.000000e-08	1.759728e-56	3.798213e+00	2.351051e-56	5.160906e+24	1.525403e-56	9.579052e+25	6.760539e-19
1.100000e-07	3.212891e-56	6.042964e-21	4.292523e-56	7.282932e+24	2.785065e-56	6.024105e+26	3.120815e-40
1.300000e-07	5.303322e-56	1.093897e-55	7.085404e-56	5.749785e+24	4.597135e-56	2.431681e+27	3.669400e-56
1.500000e-07	8.146887e-56	1.680428e-55	1.088450e-55	2.607483e+24	7.062053e-56	5.500605e+27	5.636880e-56
1.700000e-07	1.185945e-55	2.446206e-55	1.584460e-55	7.431386e+23	1.028026e-55	7.279641e+27	8.205627e-56
1.900000e-07	1.655689e-55	3.415128e-55	2.212052e-55	1.263117e+23	1.435218e-55	2.104025e+28	1.145581e-55
2.100000e-07	2.235506e-55	4.611095e-55	2.986706e-55	1.273989e+22	8.768752e+29	2.801447e+28	1.546760e-55
2.300000e-07	2.936983e-55	6.058006e-55	3.923901e-55	9.018818e+20	6.712764e+29	4.580930e+28	2.032116e-55
2.500000e-07	2.970487e+29	7.779761e-55	5.039118e-55	3.837095e+19	5.759168e+29	4.531279e+28	2.609667e-55
2.700000e-07	4.414666e+28	9.800258e-55	6.347838e-55	8.781593e+17	4.985558e+29	5.642666e+28	3.287428e-55
2.900000e-07	2.694686e+27	1.214340e-54	7.865540e-55	6.733625e+15	4.128254e+29	6.734314e+28	4.073418e-55
3.100000e-07	3.897135e+25	1.483308e-54	9.607704e-55	4.229211e+13	1.740590e+29	6.298348e+28	4.975653e-55
3.300000e-07	6.239670e+22	1.789320e-54	1.158981e-54	6.685059e+10	1.553702e+29	6.725155e+28	6.002150e-55
3.500000e-07	1.261295e+19	2.134766e-54	1.382734e-54	4.456980e+07	9.510648e+28	6.991681e+28	7.160925e-55
3.700000e-07	6.791779e+13	2.522037e-54	1.633577e-54	5.092992e+03	5.188098e+28	6.611906e+28	8.459996e-55
3.900000e-07	3.018809e+06	2.953521e-54	1.913059e-54	1.409551e-01	2.972315e+28	6.325230e+28	9.907380e-55
4.100000e-07	8.011377e-04	3.431609e-54	2.222727e-54	4.821902e-07	1.395885e+28	6.199404e+28	1.151109e-54
4.300000e-07	7.670249e-16	3.958691e-54	1.206152e+29	2.424613e-13	5.328437e+27	5.764520e+28	1.327915e-54
4.500000e-07	8.971972e-31	4.537156e-54	1.318454e+29	2.277465e-20	2.450887e+27	5.088835e+28	1.521958e-54
4.700000e-07	2.506175e-54	5.169396e-54	1.048110e+26	9.157083e-32	1.018892e+27	4.563104e+28	1.734038e-54
4.900000e-07	2.839920e-54	5.857799e-54	6.892481e+21	4.174020e-41	2.631796e+26	4.045589e+28	1.964958e-54
5.100000e-07	3.202052e-54	6.604755e-54	2.251168e+15	2.658623e-54	8.521478e+25	3.556274e+28	2.215519e-54
5.300000e-07	3.593731e-54	7.412656e-54	3.648963e+06	2.983828e-54	2.348820e+25	2.944881e+28	2.486524e-54
5.500000e-07	4.016113e-54	8.283889e-54	4.406861e-05	3.334528e-54	4.720317e+24	2.564833e+28	2.778773e-54
5.700000e-07	4.470360e-54	9.220846e-54	5.845386e-19	3.711682e-54	8.345331e+23	2.031075e+28	3.093069e-54
5.900000e-07	4.957628e-54	1.022592e-53	2.850405e-38	4.116255e-54	1.068407e+23	1.870608e+28	3.430213e-54
6.100000e-07	5.479077e-54	1.130149e-53	7.320219e-54	4.549208e-54	1.604192e+22	1.357579e+28	3.791006e-54
6.300000e-07	6.035865e-54	1.244996e-53	8.064105e-54	5.011502e-54	1.252783e+21	1.174082e+28	4.176252e-54
6.500000e-07	6.629152e-54	1.367371e-53	8.856755e-54	5.504100e-54	8.934381e+19	8.859791e+27	4.586750e-54
6.700000e-07	7.260095e-54	1.497513e-53	9.699714e-54	6.027964e-54	4.342969e+18	7.681186e+27	5.023303e-54
6.900000e-07	7.929854e-54	1.635662e-53	1.059453e-53	6.584056e-54	1.625910e+17	5.550590e+27	5.486713e-54
7.100000e-07	8.639586e-54	1.782056e-53	1.154276e-53	7.173338e-54	3.140918e+15	4.625635e+27	5.977782e-54
7.300000e-07	9.390452e-54	1.936934e-53	1.254594e-53	7.796772e-54	3.103773e+13	3.278247e+27	6.497310e-54
7.500000e-07	1.018361e-53	2.100535e-53	1.360562e-53	8.455320e-54	2.706062e+11	2.479732e+27	7.046100e-54
7.700000e-07	1.102022e-53	2.273099e-53	1.472335e-53	9.149944e-54	1.020945e+09	1.998753e+27	7.624953e-54
7.900000e-07	1.190143e-53	2.454864e-53	1.590068e-53	9.881606e-54	1.847885e+06	1.266029e+27	8.234671e-54
8.100000e-07	1.282841e-53	2.646070e-53	1.713916e-53	1.065127e-53	1.052750e+03	1.096423e+27	8.876056e-54
8.300000e-07	1.380232e-53	2.846954e-53	1.844034e-53	1.145989e-53	2.480968e-01	7.220596e+26	9.549910e-54
8.500000e-07	1.482432e-53	3.057757e-53	1.980575e-53	1.230844e-53	1.200177e-05	5.169517e+26	1.025703e-53
8.700000e-07	1.589555e-53	3.278717e-53	2.123696e-53	1.319787e-53	3.656984e-10	3.680221e+26	1.099823e-53
8.900000e-07	1.701719e-53	3.510074e-53	2.273550e-53	1.412916e-53	1.337020e-15	2.728426e+26	1.177430e-53
9.100000e-07	1.819039e-53	3.752065e-53	2.430293e-53	1.510325e-53	1.208291e-21	1.709861e+26	1.258604e-53
9.300000e-07	1.941631e-53	4.004931e-53	2.594080e-53	1.612112e-53	1.210208e-28	1.161268e+26	1.343426e-53
9.500000e-07	2.069611e-53	4.268910e-53	2.765065e-53	1.718372e-53	3.063659e-37	7.783367e+25	1.431976e-53
9.700000e-07	2.203094e-53	4.544242e-53	2.943403e-53	1.829201e-53	1.909732e-53	5.173094e+25	1.524334e-53
9.900000e-07	2.342197e-53	4.831164e-53	3.129249e-53	1.944696e-53	2.030312e-53	3.553575e+25	1.620580e-53
1.010000e-06	2.487036e-53	5.129917e-53	3.322758e-53	2.064954e-53	2.155864e-53	2.069270e+25	1.720795e-53
1.030000e-06	2.637725e-53	5.440739e-53	3.524084e-53	2.190070e-53	2.286488e-53	1.306214e+25	1.825058e-53
1.050000e-06	2.794382e-53	5.763869e-53	3.733382e-53	2.320140e-53	2.422284e-53	8.082693e+24	1.933450e-53
1.070000e-06	2.957122e-53	6.099547e-53	3.950808e-53	2.455261e-53	2.563354e-53	5.206842e+24	2.046050e-53
1.090000e-06	3.126061e-53	6.448010e-53	4.176515e-53	2.595528e-53	2.709797e-53	2.883507e+24	2.162940e-53
1.110000e-06	3.301314e-53	6.809499e-53	4.410659e-53	2.741039e-53	2.861713e-53	1.675136e+24	2.284199e-53
1.130000e-06	3.482998e-53	7.184252e-53	4.653395e-53	2.891889e-53	3.019205e-53	9.619035e+23	2.409907e-53
1.150000e-06	3.671229e-53	7.572508e-53	4.904876e-53	3.048174e-53	3.182370e-53	5.470268e+23	2.540145e-53
1.170000e-06	3.866121e-53	7.974506e-53	5.165259e-53	3.209991e-53	3.351311e-53	3.191901e+23	2.674993e-53
1.190000e-06	4.067792e-53	8.390486e-53	5.434698e-53	3.377436e-53	3.526128e-53	1.594603e+23	2.814530e-53
1.210000e-06	4.276358e-53	8.820685e-53	5.713348e-53	3.550605e-53	3.706921e-53	8.341184e+22	2.958837e-53
1.230000e-06	4.491933e-53	9.265344e-53	6.001363e-53	3.729594e-53	3.893790e-53	4.339851e+22	3.107995e-53
1.250000e-06	4.714634e-53	9.724701e-53	6.298898e-53	3.914500e-53	4.086836e-53	2.207565e+22	3.262083e-53
1.270000e-06	4.944576e-53	1.019900e-52	6.606109e-53	4.105418e-53	4.286160e-53	1.095705e+22	3.421182e-53
1.290000e-06	5.181876e-53	1.068847e-52	6.923149e-53	4.302445e-53	4.491861e-53	5.576021e+21	3.585371e-53
1.310000e-06	5.426650e-53	1.119335e-52	7.250174e-53	4.505678e-53	4.704041e-53	2.335842e+21	3.754732e-53
1.330000e-06	5.679012e-53	1.171389e-52	7.587339e-53	4.715211e-53	4.922799e-53	1.084320e+21	3.929343e-53
1.350000e-06	5.939080e-53	1.225032e-52	7.934797e-53	4.931142e-53	5.148237e-53	4.765490e+20	4.109285e-53
1.370000e-06	6.206969e-53	1.280289e-52	8.292706e-53	5.153567e-53	5.380454e-53	2.060395e+20	4.294639e-53
1.390000e-06	6.482795e-53	1.337182e-52	8.661217e-53	5.382582e-53	5.619551e-53	8.621652e+19	4.485485e-53
1.410000e-06	6.766674e-53	1.395737e-52	9.040488e-53	5.618283e-53	5.865628e-53	3.501564e+19	4.681902e-53
1.430000e-06	7.058721e-53	1.455976e-52	9.430672e-53	5.860766e-53	6.118787e-53	1.427155e+19	4.883971e-53
1.450000e-06	7.359053e-53	1.517925e-52	9.831925e-53	6.110127e-53	6.379127e-53	4.828674e+18	5.091773e-53
1.470000e-06	7.667785e-53	1.581606e-52	1.024440e-52	6.366463e-53	6.646748e-53	1.760589e+18	5.305386e-53
1.490000e-06	7.985033e-53	1.647043e-52	1.066825e-52	6.629871e-53	6.921752e-53	6.106678e+17	5.524892e-53
1.510000e-06	8.310913e-53	1.714261e-52	1.110364e-52	6.900445e-53	7.204238e-53	2.041243e+17	5.750371e-53
1.530000e-06	8.645541e-53	1.783284e-52	1.155071e-52	7.178282e-53	7.494307e-53	6.575374e+16	5.981902e-53
1.550000e-06	8.989033e-53	1.854135e-52	1.200963e-52	7.463479e-53	7.792060e-53	2.027041e+16	6.219566e-53
1.570000e-06	9.341505e-53	1.926838e-52	1.248054e-52	7.756132e-53	8.097597e-53	5.964547e+15	6.463443e-53
1.590000e-06	9.703072e-53	2.001417e-52	1.296361e-52	8.056337e-53	8.411018e-53	1.670722e+15	6.713614e-53
1.610000e-06	1.007385e-52	2.077896e-52	1.345898e-52	8.364190e-53	8.732424e-53	4.444127e+14	6.970158e-53
1.630000e-06	1.045396e-52	2.156299e-52	1.396681e-52	8.679787e-53	9.061916e-53	1.120671e+14	7.233156e-53
1.650000e-06	1.084351e-52	2.236650e-52	1.448726e-52	9.003224e-53	9.399593e-53	2.669674e+13	7.502687e-53
1.670000e-06	1.124261e-52	2.318973e-52	1.502048e-52	9.334599e-53	9.745556e-53	5.987473e+12	7.778832e-53
1.690000e-06	1.165140e-52	2.403291e-52	1.556663e-52	9.674006e-53	1.009991e-52	1.261807e+12	8.061672e-53
1.710000e-06	1.206997e-52	2.489629e-52	1.612586e-52	1.002154e-52	1.046274e-52	2.488239e+11	8.351285e-53
1.730000e-06	1.249845e-52	2.578010e-52	1.669832e-52	1.037730e-52	1.083417e-52	4.577515e+10	8.647754e-53
1.750000e-06	1.293695e-52	2.668458e-52	1.728418e-52	1.074139e-52	1.121428e-52	7.818390e+09	8.951156e-53
1.770000e-06	1.338560e-52	2.760998e-52	1.788358e-52	1.111389e-52	1.160318e-52	1.235579e+09	9.261574e-53
1.790000e-06	1.384449e-52	2.855652e-52	1.849667e-52	1.149490e-52	1.200097e-52	1.798757e+08	9.579086e-53
1.810000e-06	1.431376e-52	2.952446e-52	1.912363e-52	1.188453e-52	1.240775e-52	2.400667e+07	9.903774e-53
1.830000e-06	1.479351e-52	3.051402e-52	1.976459e-52	1.228286e-52	1.282362e-52	2.921920e+06	1.023572e-52
1.850000e-06	1.528386e-52	3.152546e-52	2.041972e-52	1.268999e-52	1.324867e-52	3.225912e+05	1.057500e-52
1.870000e-06	1.578493e-52	3.255900e-52	2.108916e-52	1.310603e-52	1.368302e-52	3.205660e+04	1.092169e-52
1.890000e-06	1.629684e-52	3.361488e-52	2.177308e-52	1.353105e-52	1.412676e-52	2.920831e+03	1.127588e-52
1.910000e-06	1.681969e-52	3.469336e-52	2.247163e-52	1.396517e-52	1.457999e-52	2.334402e+02	1.163764e-52
1.930000e-06	1.735361e-52	3.579465e-52	2.318497e-52	1.440848e-52	1.504282e-52	2.009788e+01	1.200707e-52
1.950000e-06	1.789871e-52	3.691901e-52	2.391324e-52	1.486107e-52	1.551533e-52	1.250601e+00	1.238422e-52
1.970000e-06	1.845511e-52	3.806667e-52	2.465660e-52	1.532304e-52	1.599764e-52	6.767749e-02	1.276920e-52
1.990000e-06	1.902292e-52	3.923787e-52	2.541521e-52	1.579449e-52	1.648984e-52	3.165594e-03	1.316207e-52
2.010000e-06	1.960226e-52	4.043285e-52	2.618923e-52	1.627550e-52	1.699203e-52	1.319546e-04	1.356292e-52
2.030000e-06	2.019324e-52	4.165185e-52	2.697880e-52	1.676619e-52	1.750432e-52	5.662776e-06	1.397182e-52
2.050000e-06	2.079598e-52	4.289511e-52	2.778409e-52	1.726664e-52	1.802681e-52	1.611391e-07	1.438887e-52
