# number of size bins = 154
# 0:size [cm], masses (1:Al2O3, 2:Fe, 3:Fe3O4, 4:MgSiO3, 5:Mg2SiO4, 6:AC, 7:SiO2) [g]
1.000000e-07	3.105871e+14	4.979047e-56	3.225036e-56	5.182579e+20	1.271575e+20	5.224006e+14	1.868627e+19
3.000000e-07	2.155241e+26	1.344343e-54	5.511690e+24	5.411405e-55	1.462001e-27	7.883191e+24	4.509504e-55
5.000000e-07	8.843594e+28	6.223809e-54	5.479262e+28	2.505280e-54	6.349972e+18	3.719107e+27	2.087733e-54
7.000000e-07	1.132238e+30	1.707813e-53	2.219261e+30	6.874488e-54	2.116660e+21	6.873758e+28	5.728740e-54
9.000000e-07	3.513653e+30	3.629725e-53	9.009649e+30	2.459530e-43	2.649150e+23	2.475405e+29	1.217566e-53
1.100000e-06	4.858592e+30	6.627111e-53	1.680014e+31	9.397849e-19	1.354044e+25	6.827469e+29	2.223018e-53
1.300000e-06	4.784751e+30	1.093897e-52	1.846166e+31	1.737682e-07	1.517340e+26	6.637077e+29	3.669400e-53
1.500000e-06	3.191191e+30	1.680428e-52	1.630055e+31	1.462083e-02	2.201877e+27	7.126293e+29	5.636880e-53
1.700000e-06	2.576365e+30	2.446206e-52	9.121637e+30	7.311680e+01	2.470235e+28	6.407992e+29	8.205627e-53
1.900000e-06	1.230406e+30	3.415128e-52	5.430912e+30	3.253631e+04	5.253489e+28	4.941205e+29	1.145581e-52
2.100000e-06	6.877892e+29	4.611095e-52	2.965562e+30	1.047895e+06	1.607227e+29	3.314735e+29	1.546760e-52
2.300000e-06	2.957113e+29	6.058006e-52	1.303622e+30	1.164437e+07	4.100946e+29	2.242796e+29	2.032116e-52
2.500000e-06	1.488033e+29	7.779761e-52	5.389924e+29	6.176480e+07	1.208113e+30	1.324984e+29	2.609667e-52
2.700000e-06	4.318618e+28	9.800258e-52	2.017474e+29	4.684772e+07	1.582861e+30	6.910048e+28	3.287428e-52
2.900000e-06	1.906115e+28	1.214340e-51	6.710780e+28	1.682585e+08	2.662537e+30	4.217253e+28	4.073418e-52
3.100000e-06	5.012510e+27	1.483308e-51	1.728207e+28	4.220895e+07	4.185942e+30	1.972724e+28	4.975653e-52
3.300000e-06	1.637286e+27	1.789320e-51	4.694544e+27	2.915071e+07	4.075981e+30	9.641322e+27	6.002150e-52
3.500000e-06	3.526020e+26	2.134766e-51	1.049051e+27	1.182177e+07	1.088145e+31	4.067085e+27	7.160925e-52
3.700000e-06	6.475921e+25	2.522037e-51	1.812329e+26	4.013545e+06	1.876660e+31	1.669794e+27	8.459996e-52
3.900000e-06	1.623963e+25	2.953521e-51	3.174604e+25	1.106751e+06	5.499961e+30	6.651799e+26	9.907380e-52
4.100000e-06	1.599968e+24	3.431609e-51	3.978728e+24	2.594230e+05	7.592097e+30	2.731395e+26	1.151109e-51
4.300000e-06	2.745589e+23	3.958691e-51	3.748455e+23	4.996080e+04	1.106669e+31	8.522383e+25	1.327915e-51
4.500000e-06	1.969713e+22	4.537156e-51	2.848160e+22	8.737606e+03	9.972008e+30	2.648808e+25	1.521958e-51
4.700000e-06	1.307653e+21	5.169396e-51	1.860896e+21	1.428307e+03	1.143340e+31	7.744020e+24	1.734038e-51
4.900000e-06	8.667789e+19	5.857799e-51	8.071378e+19	5.328538e+01	1.156604e+31	2.273413e+24	1.964958e-51
5.100000e-06	3.046023e+18	6.604755e-51	2.169701e+18	5.381226e-03	1.175955e+31	5.214349e+23	2.215519e-51
5.300000e-06	8.544827e+16	7.412656e-51	4.401408e+16	9.789785e-05	1.148001e+31	1.272765e+23	2.486524e-51
5.500000e-06	1.825492e+15	8.283889e-51	5.482632e+14	1.035851e-05	1.186807e+31	2.482917e+22	2.778773e-51
5.700000e-06	2.500422e+13	9.220846e-51	3.610278e+12	8.272505e-07	1.112607e+31	4.295442e+21	3.093069e-51
5.900000e-06	1.618739e+11	1.022592e-50	1.466494e+10	1.417058e-07	1.025203e+31	6.692721e+20	3.430213e-51
6.100000e-06	7.633957e+08	1.130149e-50	1.904892e+07	1.930251e-08	8.894067e+30	1.017367e+20	3.791006e-51
6.300000e-06	1.048472e+06	1.244996e-50	6.746445e+03	1.595926e-09	8.804521e+30	1.096104e+19	4.176252e-51
6.500000e-06	8.686133e+02	1.367371e-50	1.105045e+00	1.268781e-10	7.449396e+30	1.284434e+18	4.586750e-51
6.700000e-06	1.328499e-01	1.497513e-50	4.150170e-05	4.288748e-12	1.552609e+29	1.171739e+17	5.023303e-51
6.900000e-06	1.669387e-05	1.635662e-50	4.507424e-10	2.747543e-13	1.452179e+31	7.180066e+15	5.486713e-51
7.100000e-06	1.279787e-10	1.782056e-50	4.791372e-16	4.780338e-15	7.752796e+29	4.340578e+14	5.977782e-51
7.300000e-06	6.596870e-16	1.936934e-50	2.639648e-23	1.724033e-16	2.460356e+30	2.237929e+13	6.497310e-51
7.500000e-06	3.996364e-22	2.100535e-50	9.848569e-32	8.123241e-22	6.602060e+29	6.399188e+11	7.046100e-51
7.700000e-06	1.406918e-30	2.273099e-50	1.472335e-50	5.186583e-23	6.068184e+29	1.995599e+10	7.624953e-51
7.900000e-06	2.531664e-39	2.454864e-50	1.590068e-50	1.157548e-24	7.027316e+29	3.576034e+08	8.234671e-51
8.100000e-06	1.282841e-50	2.646070e-50	1.713916e-50	2.509897e-26	6.869306e+29	5.440941e+06	8.876056e-51
8.300000e-06	1.380232e-50	2.846954e-50	1.844034e-50	9.241038e-28	8.597666e+29	6.834976e+04	9.549910e-51
8.500000e-06	1.482432e-50	3.057757e-50	1.980575e-50	1.502061e-29	6.054252e+29	2.998062e+02	1.025703e-50
8.700000e-06	1.589555e-50	3.278717e-50	2.123696e-50	9.301222e-32	5.922712e+29	1.587499e+00	1.099823e-50
8.900000e-06	1.701719e-50	3.510074e-50	2.273550e-50	7.579145e-36	6.131274e+29	3.031427e-03	1.177430e-50
9.100000e-06	1.819039e-50	3.752065e-50	2.430293e-50	2.598233e-38	3.791340e+29	4.207934e-06	1.258604e-50
9.300000e-06	1.941631e-50	4.004931e-50	2.594080e-50	1.612112e-50	8.288378e+29	2.345732e-09	1.343426e-50
9.500000e-06	2.069611e-50	4.268910e-50	2.765065e-50	1.718372e-50	2.524157e+29	6.902831e-13	1.431976e-50
9.700000e-06	2.203094e-50	4.544242e-50	2.943403e-50	1.829201e-50	2.861870e+29	1.454195e-16	1.524334e-50
9.900000e-06	2.342197e-50	4.831164e-50	3.129249e-50	1.944696e-50	2.326832e+29	5.091675e-21	1.620580e-50
1.010000e-05	2.487036e-50	5.129917e-50	3.322758e-50	2.064954e-50	7.777484e+28	7.951924e-26	1.720795e-50
1.030000e-05	2.637725e-50	5.440739e-50	3.524084e-50	2.190070e-50	4.281641e+29	2.122545e-31	1.825058e-50
1.050000e-05	2.794382e-50	5.763869e-50	3.733382e-50	2.320140e-50	5.051408e+28	1.692064e-37	1.933450e-50
1.070000e-05	2.957122e-50	6.099547e-50	3.950808e-50	2.455261e-50	7.311740e+28	1.698608e-50	2.046050e-50
1.090000e-05	3.126061e-50	6.448010e-50	4.176515e-50	2.595528e-50	3.620705e+28	1.795648e-50	2.162940e-50
1.110000e-05	3.301314e-50	6.809499e-50	4.410659e-50	2.741039e-50	4.427546e+28	1.896316e-50	2.284199e-50
1.130000e-05	3.482998e-50	7.184252e-50	4.653395e-50	2.891889e-50	2.890088e+28	2.000678e-50	2.409907e-50
1.150000e-05	3.671229e-50	7.572508e-50	4.904876e-50	3.048174e-50	2.853576e+28	2.108800e-50	2.540145e-50
1.170000e-05	3.866121e-50	7.974506e-50	5.165259e-50	3.209991e-50	2.528388e+28	2.220749e-50	2.674993e-50
1.190000e-05	4.067792e-50	8.390486e-50	5.434698e-50	3.377436e-50	6.073366e+27	2.336591e-50	2.814530e-50
1.210000e-05	4.276358e-50	8.820685e-50	5.713348e-50	3.550605e-50	4.386184e+28	2.456393e-50	2.958837e-50
1.230000e-05	4.491933e-50	9.265344e-50	6.001363e-50	3.729594e-50	7.405533e+27	2.580222e-50	3.107995e-50
1.250000e-05	4.714634e-50	9.724701e-50	6.298898e-50	3.914500e-50	1.203533e+28	2.708145e-50	3.262083e-50
1.270000e-05	4.944576e-50	1.019900e-49	6.606109e-50	4.105418e-50	3.335816e+27	2.840226e-50	3.421182e-50
1.290000e-05	5.181876e-50	1.068847e-49	6.923149e-50	4.302445e-50	3.566815e+27	2.976535e-50	3.585371e-50
1.310000e-05	5.426650e-50	1.119335e-49	7.250174e-50	4.505678e-50	3.441282e+27	3.117136e-50	3.754732e-50
1.330000e-05	5.679012e-50	1.171389e-49	7.587339e-50	4.715211e-50	2.085529e+27	3.262096e-50	3.929343e-50
1.350000e-05	5.939080e-50	1.225032e-49	7.934797e-50	4.931142e-50	5.148237e-50	3.411482e-50	4.109285e-50
1.370000e-05	6.206969e-50	1.280289e-49	8.292706e-50	5.153567e-50	2.590203e+27	3.565361e-50	4.294639e-50
1.390000e-05	6.482795e-50	1.337182e-49	8.661217e-50	5.382582e-50	1.269055e+26	3.723799e-50	4.485485e-50
1.410000e-05	6.766674e-50	1.395737e-49	9.040488e-50	5.618283e-50	1.660956e+26	3.886862e-50	4.681902e-50
1.430000e-05	7.058721e-50	1.455976e-49	9.430672e-50	5.860766e-50	7.027172e+25	4.054618e-50	4.883971e-50
1.450000e-05	7.359053e-50	1.517925e-49	9.831925e-50	6.110127e-50	6.379127e-50	4.227132e-50	5.091773e-50
1.470000e-05	7.667785e-50	1.581606e-49	1.024440e-49	6.366463e-50	1.678496e+26	4.404472e-50	5.305386e-50
1.490000e-05	7.985033e-50	1.647043e-49	1.066825e-49	6.629871e-50	1.219068e+25	4.586703e-50	5.524892e-50
1.510000e-05	8.310913e-50	1.714261e-49	1.110364e-49	6.900445e-50	1.089166e+25	4.773893e-50	5.750371e-50
1.530000e-05	8.645541e-50	1.783284e-49	1.155071e-49	7.178282e-50	1.226623e+25	4.966107e-50	5.981902e-50
1.550000e-05	8.989033e-50	1.854135e-49	1.200963e-49	7.463479e-50	9.170702e+24	5.163413e-50	6.219566e-50
1.570000e-05	9.341505e-50	1.926838e-49	1.248054e-49	7.756132e-50	9.156992e+24	5.365878e-50	6.463443e-50
1.590000e-05	9.703072e-50	2.001417e-49	1.296361e-49	8.056337e-50	6.934570e+24	5.573566e-50	6.713614e-50
1.610000e-05	1.007385e-49	2.077896e-49	1.345898e-49	8.364190e-50	5.469131e+24	5.786546e-50	6.970158e-50
1.630000e-05	1.045396e-49	2.156299e-49	1.396681e-49	8.679787e-50	6.267095e+24	6.004884e-50	7.233156e-50
1.650000e-05	1.084351e-49	2.236650e-49	1.448726e-49	9.003224e-50	3.283159e+24	6.228646e-50	7.502687e-50
1.670000e-05	1.124261e-49	2.318973e-49	1.502048e-49	9.334599e-50	3.046619e+24	6.457899e-50	7.778832e-50
1.690000e-05	1.165140e-49	2.403291e-49	1.556663e-49	9.674006e-50	2.056152e+24	6.692709e-50	8.061672e-50
1.710000e-05	1.206997e-49	2.489629e-49	1.612586e-49	1.002154e-49	1.582378e+24	6.933143e-50	8.351285e-50
1.730000e-05	1.249845e-49	2.578010e-49	1.669832e-49	1.037730e-49	1.114731e+24	7.179267e-50	8.647754e-50
1.750000e-05	1.293695e-49	2.668458e-49	1.728418e-49	1.074139e-49	7.950399e+23	7.431149e-50	8.951156e-50
1.770000e-05	1.338560e-49	2.760998e-49	1.788358e-49	1.111389e-49	4.755073e+23	7.688854e-50	9.261574e-50
1.790000e-05	1.384449e-49	2.855652e-49	1.849667e-49	1.149490e-49	4.780392e+23	7.952449e-50	9.579086e-50
1.810000e-05	1.431376e-49	2.952446e-49	1.912363e-49	1.188453e-49	1.218794e+23	8.222001e-50	9.903774e-50
1.830000e-05	1.479351e-49	3.051402e-49	1.976459e-49	1.228286e-49	1.121540e+23	8.497576e-50	1.023572e-49
1.850000e-05	1.528386e-49	3.152546e-49	2.041972e-49	1.268999e-49	6.969287e+22	8.779241e-50	1.057500e-49
1.870000e-05	1.578493e-49	3.255900e-49	2.108916e-49	1.310603e-49	5.027164e+22	9.067063e-50	1.092169e-49
1.890000e-05	1.629684e-49	3.361488e-49	2.177308e-49	1.353105e-49	2.439844e+22	9.361107e-50	1.127588e-49
1.910000e-05	1.681969e-49	3.469336e-49	2.247163e-49	1.396517e-49	6.777915e+21	9.661441e-50	1.163764e-49
1.930000e-05	1.735361e-49	3.579465e-49	2.318497e-49	1.440848e-49	4.065542e+20	9.968131e-50	1.200707e-49
1.950000e-05	1.789871e-49	3.691901e-49	2.391324e-49	1.486107e-49	3.812517e+20	1.028124e-49	1.238422e-49
1.970000e-05	1.845511e-49	3.806667e-49	2.465660e-49	1.532304e-49	3.217155e+20	1.060085e-49	1.276920e-49
1.990000e-05	1.902292e-49	3.923787e-49	2.541521e-49	1.579449e-49	1.805794e+20	1.092700e-49	1.316207e-49
2.010000e-05	1.960226e-49	4.043285e-49	2.618923e-49	1.627550e-49	2.024655e+20	1.125978e-49	1.356292e-49
2.030000e-05	2.019324e-49	4.165185e-49	2.697880e-49	1.676619e-49	1.215801e+20	1.159925e-49	1.397182e-49
2.050000e-05	2.079598e-49	4.289511e-49	2.778409e-49	1.726664e-49	9.774291e+19	1.194547e-49	1.438887e-49
2.070000e-05	2.141060e-49	4.416287e-49	2.860524e-49	1.777695e-49	4.456186e+19	1.229852e-49	1.481413e-49
2.090000e-05	2.203722e-49	4.545536e-49	2.944241e-49	1.829722e-49	3.073906e+19	1.265845e-49	1.524768e-49
2.110000e-05	2.267594e-49	4.677282e-49	3.029576e-49	1.882754e-49	1.990521e+19	1.302534e-49	1.568962e-49
2.130000e-05	2.332688e-49	4.811550e-49	3.116545e-49	1.936801e-49	1.184321e+19	1.339925e-49	1.614001e-49
2.150000e-05	2.399017e-49	4.948364e-49	3.205162e-49	1.991873e-49	6.808811e+18	1.378025e-49	1.659894e-49
2.170000e-05	2.466591e-49	5.087746e-49	3.295443e-49	2.047979e-49	4.213190e+18	1.416841e-49	1.706649e-49
2.190000e-05	2.535422e-49	5.229721e-49	3.387403e-49	2.105128e-49	2.248502e+18	1.456378e-49	1.754274e-49
2.210000e-05	2.605522e-49	5.374314e-49	3.481059e-49	2.163331e-49	8.068075e+17	1.496644e-49	1.802776e-49
2.230000e-05	2.676902e-49	5.521547e-49	3.576425e-49	2.222598e-49	4.832616e+17	1.537646e-49	1.852165e-49
2.250000e-05	2.749574e-49	5.671446e-49	3.673517e-49	2.282936e-49	2.876559e+17	1.579390e-49	1.902447e-49
2.270000e-05	2.823550e-49	5.824032e-49	3.772351e-49	2.344357e-49	1.798620e+17	1.621882e-49	1.953631e-49
2.290000e-05	2.898841e-49	5.979332e-49	3.872942e-49	2.406870e-49	7.439486e+16	1.665130e-49	2.005725e-49
2.310000e-05	2.975458e-49	6.137368e-49	3.975305e-49	2.470485e-49	3.777560e+16	1.709140e-49	2.058737e-49
2.330000e-05	3.053414e-49	6.298164e-49	4.079456e-49	2.535210e-49	1.332434e+16	1.753919e-49	2.112675e-49
2.350000e-05	3.132719e-49	6.461745e-49	4.185411e-49	2.601057e-49	1.282199e+16	1.799473e-49	2.167547e-49
2.370000e-05	3.213386e-49	6.628134e-49	4.293185e-49	2.668034e-49	3.112739e+15	1.845809e-49	2.223361e-49
2.390000e-05	3.295426e-49	6.797354e-49	4.402793e-49	2.736150e-49	1.499324e+15	1.892934e-49	2.280125e-49
2.410000e-05	3.378851e-49	6.969431e-49	4.514251e-49	2.805417e-49	4.939804e+14	1.940854e-49	2.337847e-49
2.430000e-05	3.463672e-49	7.144388e-49	4.627574e-49	2.875842e-49	4.483322e+14	1.989576e-49	2.396535e-49
2.450000e-05	3.549900e-49	7.322249e-49	4.742778e-49	2.947437e-49	1.179859e+14	2.039107e-49	2.456197e-49
2.470000e-05	3.637548e-49	7.503037e-49	4.859878e-49	3.020210e-49	5.719683e+13	2.089453e-49	2.516841e-49
2.490000e-05	3.726627e-49	7.686777e-49	4.978891e-49	3.094171e-49	2.296835e+13	2.140621e-49	2.578476e-49
2.510000e-05	3.817149e-49	7.873492e-49	5.099830e-49	3.169330e-49	8.988381e+12	2.192618e-49	2.641108e-49
2.530000e-05	3.909124e-49	8.063206e-49	5.222712e-49	3.245696e-49	3.728630e+12	2.245450e-49	2.704746e-49
2.550000e-05	4.002565e-49	8.255944e-49	5.347553e-49	3.323279e-49	1.485182e+12	2.299124e-49	2.769399e-49
2.570000e-05	4.097484e-49	8.451729e-49	5.474367e-49	3.402089e-49	5.459227e+11	2.353646e-49	2.835074e-49
2.590000e-05	4.193892e-49	8.650586e-49	5.603170e-49	3.482134e-49	2.028036e+11	2.409024e-49	2.901779e-49
2.610000e-05	4.291799e-49	8.852537e-49	5.733979e-49	3.563426e-49	6.606518e+10	2.465263e-49	2.969522e-49
2.630000e-05	4.391219e-49	9.057607e-49	5.866807e-49	3.645973e-49	2.229072e+10	2.522372e-49	3.038311e-49
2.650000e-05	4.492163e-49	9.265820e-49	6.001671e-49	3.729786e-49	6.911046e+09	2.580355e-49	3.108155e-49
2.670000e-05	4.594642e-49	9.477199e-49	6.138586e-49	3.814873e-49	2.227599e+09	2.639220e-49	3.179060e-49
2.690000e-05	4.698668e-49	9.691769e-49	6.277567e-49	3.901244e-49	9.369975e+08	2.698974e-49	3.251036e-49
2.710000e-05	4.804252e-49	9.909554e-49	6.418631e-49	3.988909e-49	2.365250e+08	2.759623e-49	3.324091e-49
2.730000e-05	4.911406e-49	1.013058e-48	6.561792e-49	4.077878e-49	5.678569e+07	2.821173e-49	3.398231e-49
2.750000e-05	5.020142e-49	1.035486e-48	6.707067e-49	4.168159e-49	1.915688e+07	2.883632e-49	3.473466e-49
2.770000e-05	5.130471e-49	1.058243e-48	6.854470e-49	4.259764e-49	4.618863e+06	2.947007e-49	3.549803e-49
2.790000e-05	5.242404e-49	1.081331e-48	7.004016e-49	4.352701e-49	1.051488e+06	3.011303e-49	3.627251e-49
2.810000e-05	5.355954e-49	1.104753e-48	7.155723e-49	4.446980e-49	4.274363e+05	3.076527e-49	3.705817e-49
2.830000e-05	5.471132e-49	1.128510e-48	7.309604e-49	4.542611e-49	7.303412e+04	3.142687e-49	3.785509e-49
2.850000e-05	5.587950e-49	1.152606e-48	7.465676e-49	4.639603e-49	1.412666e+04	3.209788e-49	3.866336e-49
2.870000e-05	5.706418e-49	1.177042e-48	7.623953e-49	4.737966e-49	2.608840e+02	3.277838e-49	3.948305e-49
2.890000e-05	5.826549e-49	1.201821e-48	7.784452e-49	4.837709e-49	4.793674e+01	3.346843e-49	4.031424e-49
2.910000e-05	5.948355e-49	1.226945e-48	7.947188e-49	4.938843e-49	1.945666e+01	3.416810e-49	4.115702e-49
2.930000e-05	6.071846e-49	1.252417e-48	8.112177e-49	5.041376e-49	6.508658e+00	3.487745e-49	4.201147e-49
2.950000e-05	6.197035e-49	1.278240e-48	8.279433e-49	5.145319e-49	1.641067e+00	3.559655e-49	4.287766e-49
2.970000e-05	6.323933e-49	1.304414e-48	8.448972e-49	5.250681e-49	4.097048e-01	3.632546e-49	4.375567e-49
2.990000e-05	6.452551e-49	1.330944e-48	8.620811e-49	5.357471e-49	8.859234e-02	3.706426e-49	4.464559e-49
3.010000e-05	6.582902e-49	1.357831e-48	8.794963e-49	5.465699e-49	1.111349e-02	3.781301e-49	4.554749e-49
3.030000e-05	6.714996e-49	1.385078e-48	8.971446e-49	5.575376e-49	2.609660e-03	3.857178e-49	4.646146e-49
3.050000e-05	6.848846e-49	1.412686e-48	9.150273e-49	5.686509e-49	4.326205e-04	3.934063e-49	4.738758e-49
3.070000e-05	6.984463e-49	1.440659e-48	9.331462e-49	5.799110e-49	5.979736e-05	4.011963e-49	4.832592e-49
