# number of size bins = 50
# 0:size [cm], masses (1:Al2O3, 2:Fe, 3:Fe3O4, 4:MgSiO3, 5:Mg2SiO4, 6:AC, 7:SiO2) [g]
1.000000e-07	9.801211e+24	0.000000e+00	1.123489e+25	5.327156e+01	4.982506e+23	3.648096e+19	2.060837e+06
1.151395e-07	0.000000e+00	0.000000e+00	1.471624e+25	2.536920e+04	1.055296e+23	2.058334e-08	5.166726e+00
1.325711e-07	9.063255e+24	0.000000e+00	3.591110e+23	5.210048e-01	2.406588e+21	0.000000e+00	1.400140e-19
1.526418e-07	7.315047e+25	0.000000e+00	1.339199e+26	1.463050e-02	5.271698e+24	0.000000e+00	0.000000e+00
1.757511e-07	9.276690e+25	0.000000e+00	1.334577e+26	1.155377e+03	7.321243e+22	1.435044e+22	0.000000e+00
2.023590e-07	1.012541e+27	0.000000e+00	2.635298e+26	4.914896e-06	0.000000e+00	1.701651e+03	0.000000e+00
2.329952e-07	1.467410e+27	0.000000e+00	2.829038e+26	1.738849e+05	3.039046e+24	0.000000e+00	0.000000e+00
2.682696e-07	2.370416e+27	0.000000e+00	9.527853e+26	1.034874e+04	3.725767e+23	1.338899e+25	0.000000e+00
3.088844e-07	2.490227e+27	0.000000e+00	1.252452e+27	4.171747e+03	5.504673e+23	1.455341e+06	0.000000e+00
3.556480e-07	1.806846e+27	0.000000e+00	6.614936e+26	2.595066e+04	4.704934e+25	5.284503e+24	0.000000e+00
4.094915e-07	2.863976e+27	0.000000e+00	5.694114e+26	3.272299e+04	7.305025e+25	1.116123e+25	0.000000e+00
4.714866e-07	2.098787e+27	0.000000e+00	2.653409e+27	2.958229e+06	9.794041e+25	2.276863e+21	0.000000e+00
5.428675e-07	1.936316e+27	0.000000e+00	2.692454e+27	3.046179e+06	2.154623e+26	1.291765e+26	0.000000e+00
6.250552e-07	2.348404e+27	0.000000e+00	3.333970e+27	1.042400e+07	3.309653e+26	1.202181e+26	0.000000e+00
7.196857e-07	3.750903e+27	0.000000e+00	5.534551e+27	2.433516e+07	1.250795e+27	4.699372e+26	0.000000e+00
8.286428e-07	2.636858e+27	0.000000e+00	4.798532e+27	2.700130e+07	1.166315e+27	4.343718e+26	0.000000e+00
9.540955e-07	1.425572e+27	0.000000e+00	3.562867e+27	7.549215e+07	2.610865e+27	9.851364e+26	0.000000e+00
1.098541e-06	1.933500e+27	0.000000e+00	1.807536e+27	2.463255e+08	9.442623e+27	3.400239e+27	0.000000e+00
1.264855e-06	8.233676e+26	0.000000e+00	2.292971e+26	1.565336e+08	1.609748e+28	2.201985e+27	0.000000e+00
1.456348e-06	1.726167e+26	0.000000e+00	2.727169e+25	1.197817e+08	3.366957e+28	9.269719e+27	0.000000e+00
1.676833e-06	4.705657e+25	0.000000e+00	3.296045e+24	4.513885e+07	5.891847e+28	6.442712e+27	0.000000e+00
1.930698e-06	4.201054e+24	0.000000e+00	3.314452e+23	2.706453e+06	9.387655e+28	1.687356e+28	0.000000e+00
2.222996e-06	1.206645e+22	0.000000e+00	6.693215e+20	1.727473e+04	6.800069e+28	2.497272e+28	0.000000e+00
2.559548e-06	1.289869e+19	0.000000e+00	5.457754e+16	1.367850e+01	9.389769e+28	1.247503e+28	0.000000e+00
2.947052e-06	2.687825e+15	0.000000e+00	1.796420e+11	9.038178e-02	1.193520e+29	3.411942e+28	0.000000e+00
3.393222e-06	3.293752e+07	0.000000e+00	0.000000e+00	1.666583e-06	7.275032e+28	1.573799e+28	0.000000e+00
3.906940e-06	0.000000e+00	0.000000e+00	0.000000e+00	6.096931e-13	7.582436e+27	2.246296e+28	0.000000e+00
4.498433e-06	0.000000e+00	0.000000e+00	0.000000e+00	9.429991e-19	0.000000e+00	2.886473e+28	0.000000e+00
5.179475e-06	0.000000e+00	0.000000e+00	0.000000e+00	0.000000e+00	0.000000e+00	5.660917e+28	0.000000e+00
5.963623e-06	0.000000e+00	0.000000e+00	0.000000e+00	0.000000e+00	0.000000e+00	9.831177e+27	0.000000e+00
6.866488e-06	0.000000e+00	0.000000e+00	0.000000e+00	0.000000e+00	0.000000e+00	5.108242e+27	0.000000e+00
7.906043e-06	0.000000e+00	0.000000e+00	0.000000e+00	0.000000e+00	0.000000e+00	5.293842e+27	0.000000e+00
9.102982e-06	0.000000e+00	0.000000e+00	0.000000e+00	0.000000e+00	0.000000e+00	1.315353e+27	0.000000e+00
1.048113e-05	0.000000e+00	0.000000e+00	0.000000e+00	0.000000e+00	0.000000e+00	5.376954e+26	0.000000e+00
1.206793e-05	0.000000e+00	0.000000e+00	0.000000e+00	0.000000e+00	0.000000e+00	1.383649e+26	0.000000e+00
1.389495e-05	0.000000e+00	0.000000e+00	0.000000e+00	0.000000e+00	0.000000e+00	3.588774e+25	0.000000e+00
1.599859e-05	0.000000e+00	0.000000e+00	0.000000e+00	0.000000e+00	0.000000e+00	1.483277e+24	0.000000e+00
1.842070e-05	0.000000e+00	0.000000e+00	0.000000e+00	0.000000e+00	0.000000e+00	1.443756e+22	0.000000e+00
2.120951e-05	0.000000e+00	0.000000e+00	0.000000e+00	0.000000e+00	0.000000e+00	5.192100e+20	0.000000e+00
2.442053e-05	0.000000e+00	0.000000e+00	0.000000e+00	0.000000e+00	1.071376e-22	2.357635e+16	3.395047e-22
2.811769e-05	0.000000e+00	0.000000e+00	1.648631e-21	1.186409e-21	1.033442e-21	5.651802e+13	4.991745e-22
3.237458e-05	5.169279e-22	9.759529e-22	0.000000e+00	0.000000e+00	0.000000e+00	9.658384e+07	0.000000e+00
3.727594e-05	1.827319e-21	0.000000e+00	0.000000e+00	0.000000e+00	0.000000e+00	2.283263e-02	0.000000e+00
4.291934e-05	0.000000e+00	0.000000e+00	0.000000e+00	0.000000e+00	0.000000e+00	0.000000e+00	0.000000e+00
4.941713e-05	0.000000e+00	0.000000e+00	0.000000e+00	0.000000e+00	0.000000e+00	0.000000e+00	0.000000e+00
5.689866e-05	0.000000e+00	0.000000e+00	0.000000e+00	0.000000e+00	0.000000e+00	0.000000e+00	0.000000e+00
6.551286e-05	0.000000e+00	0.000000e+00	0.000000e+00	0.000000e+00	0.000000e+00	0.000000e+00	0.000000e+00
7.543120e-05	0.000000e+00	0.000000e+00	0.000000e+00	0.000000e+00	0.000000e+00	0.000000e+00	0.000000e+00
8.685114e-05	0.000000e+00	0.000000e+00	0.000000e+00	0.000000e+00	0.000000e+00	0.000000e+00	0.000000e+00
1.000000e-04	0.000000e+00	0.000000e+00	0.000000e+00	0.000000e+00	0.000000e+00	0.000000e+00	0.000000e+00
