# number of size bins = 100
# 0:size [cm], masses (1:Al2O3, 2:Fe, 3:Fe3O4, 4:MgSiO3, 5:Mg2SiO4, 6:AC, 7:SiO2) [g]
1.000000e-07	1.039307e+25	0.000000e+00	0.000000e+00	7.506416e+25	9.727351e+25	1.166615e+20	4.361269e+07
1.072267e-07	1.350965e+26	0.000000e+00	0.000000e+00	7.686241e+26	8.318049e+25	9.133351e+19	3.066132e+05
1.149757e-07	1.639851e+26	0.000000e+00	0.000000e+00	5.332193e+26	2.409060e+26	1.114689e+20	3.100811e+03
1.232847e-07	6.350021e+24	0.000000e+00	0.000000e+00	1.295098e+27	2.490602e+26	1.546694e+19	1.660046e+00
1.321941e-07	4.193075e+24	0.000000e+00	0.000000e+00	3.333347e+27	1.497928e+26	9.285413e+17	6.641200e-03
1.417474e-07	4.258816e+21	0.000000e+00	0.000000e+00	5.906252e+27	3.322995e+24	1.510865e+17	5.717414e-12
1.519911e-07	0.000000e+00	0.000000e+00	0.000000e+00	0.000000e+00	0.000000e+00	0.000000e+00	0.000000e+00
1.629751e-07	5.693572e+21	0.000000e+00	0.000000e+00	1.106801e+28	1.831606e+24	5.612890e+19	3.857772e-34
1.747528e-07	1.058593e+16	0.000000e+00	0.000000e+00	3.828161e+27	7.798804e+23	9.929315e+17	2.528168e-33
1.873817e-07	5.846529e+16	0.000000e+00	0.000000e+00	3.434767e+25	2.662365e-04	1.082438e+16	0.000000e+00
2.009233e-07	6.471111e+15	0.000000e+00	0.000000e+00	0.000000e+00	0.000000e+00	1.012767e+15	0.000000e+00
2.154435e-07	4.299550e+04	0.000000e+00	0.000000e+00	0.000000e+00	0.000000e+00	1.538816e+12	0.000000e+00
2.310130e-07	6.097857e+15	0.000000e+00	0.000000e+00	0.000000e+00	0.000000e+00	3.200161e+21	0.000000e+00
2.477076e-07	5.266627e+15	0.000000e+00	0.000000e+00	0.000000e+00	1.992703e-31	2.166747e+26	0.000000e+00
2.656088e-07	0.000000e+00	0.000000e+00	0.000000e+00	0.000000e+00	0.000000e+00	0.000000e+00	0.000000e+00
2.848036e-07	1.972622e+06	0.000000e+00	0.000000e+00	0.000000e+00	0.000000e+00	1.754120e+21	0.000000e+00
3.053856e-07	1.917803e+06	0.000000e+00	0.000000e+00	0.000000e+00	0.000000e+00	1.621263e+21	0.000000e+00
3.274549e-07	7.495595e+05	0.000000e+00	0.000000e+00	0.000000e+00	1.395827e-31	4.197662e+21	0.000000e+00
3.511192e-07	1.870681e+05	0.000000e+00	0.000000e+00	0.000000e+00	0.000000e+00	5.616817e+26	0.000000e+00
3.764936e-07	0.000000e+00	0.000000e+00	0.000000e+00	0.000000e+00	0.000000e+00	4.711292e+21	0.000000e+00
4.037017e-07	0.000000e+00	0.000000e+00	0.000000e+00	0.000000e+00	0.000000e+00	1.581359e+22	0.000000e+00
4.328761e-07	0.000000e+00	0.000000e+00	0.000000e+00	0.000000e+00	0.000000e+00	1.146055e+27	0.000000e+00
4.641589e-07	0.000000e+00	0.000000e+00	0.000000e+00	0.000000e+00	0.000000e+00	0.000000e+00	0.000000e+00
4.977024e-07	0.000000e+00	0.000000e+00	0.000000e+00	0.000000e+00	0.000000e+00	0.000000e+00	0.000000e+00
5.336699e-07	0.000000e+00	0.000000e+00	0.000000e+00	0.000000e+00	0.000000e+00	1.840525e+27	0.000000e+00
5.722368e-07	0.000000e+00	0.000000e+00	0.000000e+00	0.000000e+00	0.000000e+00	2.534886e+23	0.000000e+00
6.135907e-07	0.000000e+00	0.000000e+00	0.000000e+00	0.000000e+00	0.000000e+00	2.955866e+27	0.000000e+00
6.579332e-07	0.000000e+00	0.000000e+00	0.000000e+00	0.000000e+00	0.000000e+00	1.042918e+23	0.000000e+00
7.054802e-07	0.000000e+00	0.000000e+00	0.000000e+00	0.000000e+00	0.000000e+00	5.662998e+23	0.000000e+00
7.564633e-07	0.000000e+00	0.000000e+00	0.000000e+00	0.000000e+00	0.000000e+00	2.917396e+23	0.000000e+00
8.111308e-07	0.000000e+00	0.000000e+00	0.000000e+00	0.000000e+00	0.000000e+00	0.000000e+00	0.000000e+00
8.697490e-07	0.000000e+00	0.000000e+00	0.000000e+00	0.000000e+00	0.000000e+00	1.219580e+20	0.000000e+00
9.326033e-07	0.000000e+00	0.000000e+00	0.000000e+00	0.000000e+00	0.000000e+00	0.000000e+00	0.000000e+00
1.000000e-06	0.000000e+00	0.000000e+00	0.000000e+00	0.000000e+00	0.000000e+00	1.178907e+28	0.000000e+00
1.072267e-06	0.000000e+00	0.000000e+00	0.000000e+00	0.000000e+00	0.000000e+00	2.973094e+28	0.000000e+00
1.149757e-06	0.000000e+00	0.000000e+00	0.000000e+00	0.000000e+00	0.000000e+00	3.739375e+28	0.000000e+00
1.232847e-06	0.000000e+00	0.000000e+00	0.000000e+00	0.000000e+00	0.000000e+00	2.357426e+28	0.000000e+00
1.321941e-06	0.000000e+00	0.000000e+00	0.000000e+00	0.000000e+00	0.000000e+00	0.000000e+00	0.000000e+00
1.417474e-06	0.000000e+00	0.000000e+00	0.000000e+00	0.000000e+00	0.000000e+00	0.000000e+00	0.000000e+00
1.519911e-06	0.000000e+00	0.000000e+00	0.000000e+00	0.000000e+00	0.000000e+00	0.000000e+00	0.000000e+00
1.629751e-06	0.000000e+00	0.000000e+00	0.000000e+00	0.000000e+00	0.000000e+00	8.640578e+28	0.000000e+00
1.747528e-06	0.000000e+00	0.000000e+00	0.000000e+00	0.000000e+00	0.000000e+00	2.162650e+29	0.000000e+00
1.873817e-06	0.000000e+00	0.000000e+00	0.000000e+00	0.000000e+00	0.000000e+00	0.000000e+00	0.000000e+00
2.009233e-06	0.000000e+00	0.000000e+00	0.000000e+00	0.000000e+00	0.000000e+00	7.379032e+28	0.000000e+00
2.154435e-06	0.000000e+00	0.000000e+00	0.000000e+00	0.000000e+00	0.000000e+00	4.617360e+29	0.000000e+00
2.310130e-06	0.000000e+00	0.000000e+00	0.000000e+00	0.000000e+00	9.867416e-38	0.000000e+00	0.000000e+00
2.477076e-06	0.000000e+00	0.000000e+00	0.000000e+00	0.000000e+00	0.000000e+00	0.000000e+00	0.000000e+00
2.656088e-06	0.000000e+00	0.000000e+00	0.000000e+00	0.000000e+00	0.000000e+00	5.821117e+29	0.000000e+00
2.848036e-06	0.000000e+00	0.000000e+00	0.000000e+00	0.000000e+00	0.000000e+00	0.000000e+00	0.000000e+00
3.053856e-06	0.000000e+00	0.000000e+00	0.000000e+00	0.000000e+00	0.000000e+00	8.054886e+29	0.000000e+00
3.274549e-06	0.000000e+00	0.000000e+00	0.000000e+00	0.000000e+00	0.000000e+00	0.000000e+00	0.000000e+00
3.511192e-06	0.000000e+00	0.000000e+00	2.269354e-37	1.410308e-37	1.472397e-37	8.921059e+29	1.813568e-36
3.764936e-06	4.786969e-37	0.000000e+00	0.000000e+00	0.000000e+00	0.000000e+00	0.000000e+00	0.000000e+00
4.037017e-06	0.000000e+00	0.000000e+00	5.652435e-36	3.512750e-36	1.178019e-36	9.019099e+29	1.806754e-36
4.328761e-06	0.000000e+00	0.000000e+00	0.000000e+00	0.000000e+00	0.000000e+00	0.000000e+00	0.000000e+00
4.641589e-06	2.186138e-36	0.000000e+00	0.000000e+00	0.000000e+00	0.000000e+00	1.141835e+29	0.000000e+00
4.977024e-06	4.722389e-36	0.000000e+00	0.000000e+00	0.000000e+00	0.000000e+00	7.144928e+29	8.013249e-36
5.336699e-06	0.000000e+00	0.000000e+00	0.000000e+00	1.221676e-35	1.275460e-35	5.930887e+29	0.000000e+00
5.722368e-06	0.000000e+00	0.000000e+00	0.000000e+00	0.000000e+00	0.000000e+00	3.712873e+29	1.592312e-35
6.135907e-06	1.868253e-35	0.000000e+00	0.000000e+00	1.449821e-35	4.876500e-36	2.100906e+29	0.000000e+00
6.579332e-06	3.017352e-35	0.000000e+00	0.000000e+00	0.000000e+00	0.000000e+00	0.000000e+00	0.000000e+00
7.054802e-06	0.000000e+00	0.000000e+00	0.000000e+00	0.000000e+00	0.000000e+00	1.333102e+29	0.000000e+00
7.564633e-06	0.000000e+00	0.000000e+00	0.000000e+00	0.000000e+00	0.000000e+00	0.000000e+00	0.000000e+00
8.111308e-06	0.000000e+00	0.000000e+00	0.000000e+00	0.000000e+00	0.000000e+00	5.788451e+28	0.000000e+00
8.697490e-06	0.000000e+00	0.000000e+00	0.000000e+00	4.022120e-35	4.199195e-35	2.102496e+28	3.351767e-35
9.326033e-06	0.000000e+00	0.000000e+00	0.000000e+00	0.000000e+00	6.786781e-35	3.146694e+27	9.147142e-35
1.000000e-05	1.414282e-34	0.000000e+00	1.310342e-34	8.143226e-35	0.000000e+00	2.435000e+26	0.000000e+00
1.072267e-05	2.133882e-34	0.000000e+00	2.079569e-34	2.074849e-34	2.166194e-34	2.049577e+26	4.017141e-35
1.149757e-05	3.174857e-34	0.000000e+00	3.180305e-34	3.053131e-34	3.187546e-34	0.000000e+00	2.544276e-34
1.232847e-05	0.000000e+00	0.000000e+00	0.000000e+00	4.452843e-34	4.648880e-34	3.178812e+25	3.710702e-34
1.321941e-05	0.000000e+00	0.000000e+00	0.000000e+00	0.000000e+00	0.000000e+00	0.000000e+00	0.000000e+00
1.417474e-05	1.674658e-34	0.000000e+00	0.000000e+00	0.000000e+00	0.000000e+00	4.537221e+23	5.372450e-34
1.519911e-05	8.656477e-34	0.000000e+00	6.133800e-35	8.190676e-34	5.792235e-34	7.067000e+22	0.000000e+00
1.629751e-05	8.569892e-34	0.000000e+00	1.674594e-34	1.178662e-33	1.230553e-33	0.000000e+00	9.822182e-34
1.747528e-05	1.258208e-33	0.000000e+00	3.359481e-34	1.197029e-33	1.249729e-33	0.000000e+00	1.406189e-33
1.873817e-05	1.077462e-33	0.000000e+00	0.000000e+00	1.730439e-33	1.806622e-33	0.000000e+00	2.004360e-33
2.009233e-05	5.670709e-34	0.000000e+00	0.000000e+00	1.553728e-33	6.429025e-34	0.000000e+00	2.846225e-33
2.154435e-05	0.000000e+00	0.000000e+00	0.000000e+00	6.055800e-24	0.000000e+00	0.000000e+00	1.006777e-23
2.310130e-05	0.000000e+00	0.000000e+00	0.000000e+00	0.000000e+00	0.000000e+00	0.000000e+00	0.000000e+00
2.477076e-05	0.000000e+00	0.000000e+00	0.000000e+00	0.000000e+00	0.000000e+00	0.000000e+00	0.000000e+00
2.656088e-05	0.000000e+00	0.000000e+00	0.000000e+00	0.000000e+00	0.000000e+00	0.000000e+00	0.000000e+00
2.848036e-05	0.000000e+00	0.000000e+00	0.000000e+00	0.000000e+00	0.000000e+00	0.000000e+00	0.000000e+00
3.053856e-05	0.000000e+00	0.000000e+00	0.000000e+00	0.000000e+00	0.000000e+00	0.000000e+00	0.000000e+00
3.274549e-05	0.000000e+00	0.000000e+00	0.000000e+00	0.000000e+00	0.000000e+00	0.000000e+00	0.000000e+00
3.511192e-05	0.000000e+00	0.000000e+00	0.000000e+00	0.000000e+00	0.000000e+00	0.000000e+00	0.000000e+00
3.764936e-05	0.000000e+00	0.000000e+00	0.000000e+00	0.000000e+00	0.000000e+00	0.000000e+00	0.000000e+00
4.037017e-05	0.000000e+00	0.000000e+00	0.000000e+00	0.000000e+00	0.000000e+00	0.000000e+00	0.000000e+00
4.328761e-05	0.000000e+00	0.000000e+00	0.000000e+00	0.000000e+00	0.000000e+00	0.000000e+00	0.000000e+00
4.641589e-05	0.000000e+00	0.000000e+00	0.000000e+00	0.000000e+00	0.000000e+00	0.000000e+00	0.000000e+00
4.977024e-05	0.000000e+00	0.000000e+00	0.000000e+00	0.000000e+00	0.000000e+00	0.000000e+00	0.000000e+00
5.336699e-05	0.000000e+00	0.000000e+00	0.000000e+00	0.000000e+00	0.000000e+00	0.000000e+00	0.000000e+00
5.722368e-05	0.000000e+00	0.000000e+00	0.000000e+00	0.000000e+00	0.000000e+00	0.000000e+00	0.000000e+00
6.135907e-05	0.000000e+00	0.000000e+00	0.000000e+00	0.000000e+00	0.000000e+00	0.000000e+00	0.000000e+00
6.579332e-05	0.000000e+00	0.000000e+00	0.000000e+00	0.000000e+00	0.000000e+00	0.000000e+00	0.000000e+00
7.054802e-05	0.000000e+00	0.000000e+00	0.000000e+00	0.000000e+00	0.000000e+00	0.000000e+00	0.000000e+00
7.564633e-05	0.000000e+00	0.000000e+00	0.000000e+00	0.000000e+00	0.000000e+00	0.000000e+00	0.000000e+00
8.111308e-05	0.000000e+00	0.000000e+00	0.000000e+00	0.000000e+00	0.000000e+00	0.000000e+00	0.000000e+00
8.697490e-05	0.000000e+00	0.000000e+00	0.000000e+00	0.000000e+00	0.000000e+00	0.000000e+00	0.000000e+00
9.326033e-05	0.000000e+00	0.000000e+00	0.000000e+00	0.000000e+00	0.000000e+00	0.000000e+00	0.000000e+00
1.000000e-04	1.380849e+27	0.000000e+00	2.572468e+23	5.311443e+28	6.079803e+27	2.771343e+25	6.194899e+21
