# number of size bins = 50
# 0:size [cm], masses (1:Al2O3, 2:Fe, 3:Fe3O4, 4:MgSiO3, 5:Mg2SiO4, 6:AC, 7:SiO2) [g]
1.000000e-07	0.000000e+00	0.000000e+00	0.000000e+00	0.000000e+00	0.000000e+00	0.000000e+00	0.000000e+00
1.151395e-07	0.000000e+00	0.000000e+00	0.000000e+00	0.000000e+00	0.000000e+00	0.000000e+00	0.000000e+00
1.325711e-07	0.000000e+00	0.000000e+00	0.000000e+00	0.000000e+00	0.000000e+00	0.000000e+00	0.000000e+00
1.526418e-07	0.000000e+00	0.000000e+00	1.580143e+23	0.000000e+00	0.000000e+00	0.000000e+00	0.000000e+00
1.757511e-07	0.000000e+00	0.000000e+00	1.879410e+24	0.000000e+00	0.000000e+00	0.000000e+00	0.000000e+00
2.023590e-07	3.166690e+03	0.000000e+00	2.559473e+26	0.000000e+00	2.816556e-15	0.000000e+00	0.000000e+00
2.329952e-07	4.581455e+10	0.000000e+00	2.320765e+27	0.000000e+00	1.762867e-03	0.000000e+00	0.000000e+00
2.682696e-07	3.128185e+16	0.000000e+00	2.096405e+28	0.000000e+00	4.086130e+04	0.000000e+00	0.000000e+00
3.088844e-07	7.594630e+20	0.000000e+00	2.000479e+29	0.000000e+00	1.857323e+10	0.000000e+00	0.000000e+00
3.556480e-07	4.100051e+22	0.000000e+00	3.768064e+29	0.000000e+00	0.000000e+00	0.000000e+00	0.000000e+00
4.094915e-07	8.870629e+24	0.000000e+00	2.666122e+30	0.000000e+00	8.450581e+17	0.000000e+00	0.000000e+00
4.714866e-07	2.035235e+26	0.000000e+00	5.222410e+30	0.000000e+00	2.036101e+19	0.000000e+00	0.000000e+00
5.428675e-07	2.106108e+27	0.000000e+00	1.071558e+31	0.000000e+00	1.251437e+22	0.000000e+00	0.000000e+00
6.250552e-07	1.994318e+28	0.000000e+00	1.338700e+31	0.000000e+00	6.586857e+22	0.000000e+00	0.000000e+00
7.196857e-07	1.073325e+29	0.000000e+00	1.356102e+31	0.000000e+00	8.238448e+23	0.000000e+00	0.000000e+00
8.286428e-07	4.545405e+29	0.000000e+00	1.694909e+31	0.000000e+00	1.601025e+25	0.000000e+00	0.000000e+00
9.540955e-07	3.146980e+30	0.000000e+00	7.001116e+30	0.000000e+00	1.393083e+26	0.000000e+00	0.000000e+00
1.098541e-06	3.490444e+30	0.000000e+00	3.662473e+30	2.139579e-29	1.271901e+27	0.000000e+00	0.000000e+00
1.264855e-06	1.089652e+31	0.000000e+00	2.173766e+30	2.599712e-18	1.180756e+28	0.000000e+00	0.000000e+00
1.456348e-06	1.028279e+31	0.000000e+00	3.073435e+29	2.088259e-10	6.724595e+28	0.000000e+00	0.000000e+00
1.676833e-06	7.461132e+30	0.000000e+00	4.996647e+28	3.030230e-07	3.682960e+29	0.000000e+00	0.000000e+00
1.930698e-06	1.009178e+31	0.000000e+00	3.245929e+27	1.050601e-04	2.264519e+30	0.000000e+00	0.000000e+00
2.222996e-06	8.208817e+30	0.000000e+00	6.804082e+25	1.094994e-03	4.193424e+30	0.000000e+00	0.000000e+00
2.559548e-06	6.975302e+30	0.000000e+00	1.290884e+23	1.756074e-03	1.394453e+31	0.000000e+00	0.000000e+00
2.947052e-06	4.145100e+30	0.000000e+00	6.028540e+18	1.036547e-04	2.391495e+31	0.000000e+00	0.000000e+00
3.393222e-06	1.482014e+30	0.000000e+00	3.864389e+10	1.442452e-06	3.860558e+31	0.000000e+00	0.000000e+00
3.906940e-06	4.031366e+29	0.000000e+00	5.275581e-06	3.717366e-09	6.543086e+31	0.000000e+00	0.000000e+00
4.498433e-06	4.431469e+28	0.000000e+00	0.000000e+00	4.671821e-13	5.126852e+31	0.000000e+00	0.000000e+00
5.179475e-06	2.518031e+27	0.000000e+00	0.000000e+00	9.581456e-20	5.320008e+31	0.000000e+00	0.000000e+00
5.963623e-06	4.162160e+25	0.000000e+00	0.000000e+00	1.639866e-27	4.953533e+31	0.000000e+00	0.000000e+00
6.866488e-06	1.754618e+23	0.000000e+00	0.000000e+00	1.821388e-39	2.228166e+31	0.000000e+00	0.000000e+00
7.906043e-06	2.941387e+19	0.000000e+00	0.000000e+00	0.000000e+00	1.300967e+31	0.000000e+00	0.000000e+00
9.102982e-06	1.509392e+13	0.000000e+00	0.000000e+00	0.000000e+00	4.797251e+30	0.000000e+00	0.000000e+00
1.048113e-05	1.681145e+01	0.000000e+00	0.000000e+00	0.000000e+00	1.078371e+30	0.000000e+00	0.000000e+00
1.206793e-05	9.451383e-27	0.000000e+00	0.000000e+00	0.000000e+00	1.415076e+29	0.000000e+00	0.000000e+00
1.389495e-05	0.000000e+00	0.000000e+00	0.000000e+00	0.000000e+00	7.271197e+27	0.000000e+00	0.000000e+00
1.599859e-05	0.000000e+00	0.000000e+00	0.000000e+00	0.000000e+00	1.129013e+26	0.000000e+00	0.000000e+00
1.842070e-05	0.000000e+00	0.000000e+00	0.000000e+00	0.000000e+00	3.003824e+23	0.000000e+00	0.000000e+00
2.120951e-05	0.000000e+00	0.000000e+00	0.000000e+00	0.000000e+00	1.857724e+19	0.000000e+00	0.000000e+00
2.442053e-05	0.000000e+00	0.000000e+00	0.000000e+00	0.000000e+00	4.743367e+12	0.000000e+00	0.000000e+00
2.811769e-05	0.000000e+00	0.000000e+00	0.000000e+00	0.000000e+00	5.056485e-01	0.000000e+00	0.000000e+00
3.237458e-05	0.000000e+00	0.000000e+00	0.000000e+00	0.000000e+00	0.000000e+00	0.000000e+00	0.000000e+00
3.727594e-05	0.000000e+00	0.000000e+00	0.000000e+00	0.000000e+00	0.000000e+00	0.000000e+00	0.000000e+00
4.291934e-05	0.000000e+00	0.000000e+00	0.000000e+00	0.000000e+00	0.000000e+00	0.000000e+00	0.000000e+00
4.941713e-05	0.000000e+00	0.000000e+00	0.000000e+00	0.000000e+00	0.000000e+00	0.000000e+00	0.000000e+00
5.689866e-05	0.000000e+00	0.000000e+00	0.000000e+00	0.000000e+00	0.000000e+00	0.000000e+00	0.000000e+00
6.551286e-05	0.000000e+00	0.000000e+00	0.000000e+00	0.000000e+00	0.000000e+00	0.000000e+00	0.000000e+00
7.543120e-05	0.000000e+00	0.000000e+00	0.000000e+00	0.000000e+00	0.000000e+00	0.000000e+00	0.000000e+00
8.685114e-05	0.000000e+00	0.000000e+00	0.000000e+00	0.000000e+00	0.000000e+00	0.000000e+00	0.000000e+00
1.000000e-04	0.000000e+00	0.000000e+00	0.000000e+00	0.000000e+00	0.000000e+00	0.000000e+00	0.000000e+00
