# number of size bins = 100
# 0:size [cm], masses (1:Al2O3, 2:Fe, 3:Fe3O4, 4:MgSiO3, 5:Mg2SiO4, 6:AC, 7:SiO2) [g]
1.000000e-08	2.413892e-59	4.979047e-59	3.225036e-59	2.004224e-59	2.092460e-59	1.386570e-59	1.670187e-59
1.091532e-08	3.139257e-59	6.475229e-59	4.194145e-59	2.606485e-59	2.721235e-59	1.803228e-59	2.172070e-59
1.191441e-08	4.082590e-59	8.421007e-59	5.454468e-59	3.389722e-59	3.538955e-59	2.345091e-59	2.824768e-59
1.300496e-08	5.309390e-59	1.095148e-58	7.093511e-59	4.408319e-59	4.602396e-59	2.497621e+06	3.673599e-59
1.419532e-08	6.904839e-59	1.424236e-58	9.225081e-59	5.732999e-59	5.985395e-59	2.842205e+06	4.777499e-59
1.549464e-08	8.979713e-59	1.852212e-58	1.199718e-58	7.455741e-59	7.783981e-59	5.702505e+06	6.213117e-59
1.691289e-08	1.167808e-58	2.408794e-58	1.560228e-58	9.696159e-59	1.012303e-58	2.459184e+06	8.080132e-59
1.846095e-08	1.518729e-58	3.132626e-58	2.029069e-58	1.260981e-58	1.316496e-58	2.591290e+06	1.050818e-58
2.015071e-08	1.975100e-58	4.073967e-58	2.638796e-58	1.639901e-58	1.712098e-58	5.088792e+21	2.246880e-26
2.199514e-08	2.568610e-58	5.298176e-58	3.431743e-58	2.132684e-58	2.226575e-58	1.405064e+22	1.465637e-03
2.400839e-08	3.340466e-58	6.890255e-58	4.462967e-58	4.136310e+16	2.895652e-58	2.388363e+23	9.530219e-04
2.620592e-08	4.344261e-58	8.960747e-58	1.174629e+23	9.457637e+15	3.525577e+25	8.280680e+20	1.783211e-07
2.860458e-08	5.649693e-58	3.348418e-42	7.325719e+23	6.452174e+15	1.511982e+26	3.003938e+21	6.761663e-07
3.122281e-08	7.347401e-58	1.515521e-57	5.493760e+24	5.885644e+15	3.818273e+26	6.293064e+20	2.318069e-06
3.408068e-08	9.555263e-58	1.970929e-57	5.040786e+24	2.944760e+15	1.182373e+27	4.862969e+07	2.118777e-11
3.720014e-08	1.242658e-57	2.563185e-57	1.326466e+24	1.147562e+16	9.404769e+24	6.039306e+05	1.792386e-17
4.060513e-08	1.616071e-57	3.333410e-57	2.159122e-57	1.913269e+14	1.400876e-57	6.086437e+16	1.118169e-57
4.432178e-08	2.101694e-57	4.335086e-57	2.807928e-57	7.307650e+14	1.821834e-57	2.392258e-04	1.454174e-57
4.837862e-08	2.733243e-57	5.637760e-57	3.651699e-57	4.087848e+14	2.369287e-57	5.349475e-07	1.891147e-57
5.280679e-08	3.554571e-57	7.331883e-57	4.749018e-57	7.540675e+14	3.081247e-57	6.156676e+21	2.459429e-57
5.764028e-08	4.622704e-57	9.535082e-57	6.176078e-57	1.230037e+16	4.007148e-57	9.220452e-16	3.198477e-57
6.291618e-08	6.011807e-57	1.240033e-56	8.031962e-57	1.494492e+11	5.211279e-57	2.097303e-23	4.159605e-57
6.867500e-08	7.818329e-57	1.612658e-56	1.044553e-56	2.541049e+07	6.777246e-57	2.321248e-30	5.409549e-57
7.496093e-08	1.016770e-56	2.097255e-56	1.358437e-56	2.275771e+02	8.813779e-57	2.788631e-36	7.035095e-57
8.182223e-08	8.908504e-42	2.727471e-56	1.766641e-56	1.097893e-56	1.146228e-56	2.863022e-39	9.149110e-57
8.931154e-08	1.719652e-56	3.547064e-56	2.297509e-56	1.427805e-56	1.490665e-56	9.877899e-57	1.189838e-56
9.748637e-08	2.236400e-56	4.612941e-56	2.987901e-56	1.856855e-56	1.938603e-56	1.284616e-56	1.547379e-56
1.064094e-07	2.908429e-56	5.999110e-56	3.885752e-56	2.414832e-56	2.521145e-56	1.670638e-56	2.012360e-56
1.161493e-07	3.782400e-56	7.801816e-56	5.053404e-56	3.140478e-56	3.278738e-56	2.172658e-56	2.617065e-56
1.267806e-07	4.918994e-56	1.014623e-55	6.571930e-56	4.084178e-56	4.263985e-56	2.825532e-56	3.403482e-56
1.383850e-07	6.397131e-56	1.319513e-55	8.546767e-56	5.311456e-56	2.957119e-06	3.674592e-56	4.426213e-56
1.510516e-07	8.319441e-56	1.716020e-55	1.111503e-55	6.907525e-56	7.211630e-56	4.778791e-56	5.756271e-56
1.648776e-07	1.081940e-55	2.231677e-55	1.445505e-55	8.983207e-56	9.378694e-56	6.214797e-56	7.486006e-56
1.799691e-07	1.407058e-55	2.902286e-55	1.879873e-55	1.168262e-55	1.219695e-55	8.082317e-56	9.735518e-56
1.964420e-07	1.829873e-55	3.774411e-55	2.444767e-55	1.519320e-55	1.586208e-55	1.051102e-55	1.266100e-55
2.144226e-07	2.379741e-55	4.908605e-55	3.179409e-55	1.975869e-55	2.062857e-55	1.366953e-55	1.646557e-55
2.340491e-07	3.094843e-55	6.383620e-55	4.134808e-55	2.569609e-55	2.682736e-55	1.777717e-55	2.141341e-55
2.554720e-07	4.024831e-55	8.301870e-55	5.377300e-55	3.341765e-55	3.488887e-55	3.395167e+18	2.784804e-55
2.788557e-07	5.234275e-55	1.079655e-54	6.993155e-55	4.345951e-55	4.537282e-55	1.565816e+24	3.621626e-55
3.043798e-07	6.807152e-55	1.404086e-54	9.094568e-55	5.651891e-55	5.900716e-55	3.910113e-55	4.709909e-55
3.322402e-07	5.968073e-40	1.826008e-54	1.182745e-54	7.350260e-55	7.673856e-55	5.085085e-55	6.125216e-55
3.626506e-07	1.151286e-54	2.374715e-54	1.538154e-54	9.558981e-55	9.979816e-55	6.613131e-55	7.965817e-55
3.958446e-07	1.497243e-54	3.088307e-54	2.000363e-54	1.243141e-54	1.297871e-54	8.600349e-55	1.035951e-54
4.320769e-07	1.947157e-54	4.016330e-54	2.601463e-54	1.616700e-54	1.687875e-54	2.171662e+22	1.347250e-54
4.716256e-07	2.532270e-54	5.223220e-54	3.383192e-54	2.102511e-54	2.195075e-54	1.454568e-54	1.752093e-54
5.147942e-07	5.096442e-39	6.792775e-54	1.082906e-28	2.734307e-54	1.555044e-04	1.891659e-54	2.278589e-54
5.619141e-07	4.282800e-54	8.833974e-54	5.721955e-54	3.555954e-54	3.712505e-54	3.606676e+25	2.963295e-54
6.133470e-07	5.569763e-54	1.148854e-53	7.441378e-54	4.624503e-54	4.828097e-54	1.113368e+25	3.853752e-54
6.694877e-07	7.243452e-54	1.494080e-53	9.677479e-54	6.014146e-54	6.278920e-54	2.336324e+25	5.011788e-54
7.307669e-07	9.420079e-54	1.943045e-53	1.258552e-53	7.821371e-54	8.165708e-54	8.021410e+24	6.517809e-54
7.976552e-07	1.225077e-53	2.526922e-53	1.636741e-53	1.017166e-53	1.061947e-53	8.176010e+24	8.476382e-54
8.706658e-07	1.593208e-53	3.286251e-53	2.128575e-53	1.322820e-53	1.381057e-53	1.901747e+18	1.102350e-53
9.503592e-07	2.071959e-53	4.273755e-53	2.768203e-53	1.720321e-53	1.796059e-53	1.864049e+23	1.433601e-53
1.037347e-06	2.694574e-53	5.557999e-53	3.600036e-53	2.237271e-53	2.335767e-53	1.118003e+26	1.864392e-53
1.132297e-06	3.504282e-53	2.898294e-37	4.681831e-53	2.909561e-53	3.037655e-53	1.291928e+19	2.424634e-53
1.235938e-06	4.557304e-53	9.400183e-53	1.491049e-27	3.783871e-53	3.950457e-53	2.474745e+26	3.153226e-53
1.349065e-06	3.554358e-38	1.222490e-52	7.918329e-53	4.920908e-53	5.403309e-16	9.504395e+25	4.100757e-53
1.472547e-06	4.338207e-38	1.589843e-52	1.029775e-52	6.399620e-53	6.681364e-53	1.044627e+26	5.333016e-53
1.607332e-06	1.548921e-37	2.067583e-52	1.339218e-52	8.322678e-53	8.689085e-53	1.412545e+26	6.935565e-53
1.754454e-06	1.303598e-52	2.688883e-52	4.243598e-27	1.082361e-52	1.130012e-52	9.641838e+25	9.019672e-53
1.915042e-06	1.695323e-52	3.496881e-52	2.265005e-52	1.407605e-52	1.469575e-52	8.147715e+26	1.173004e-52
2.090328e-06	2.204761e-52	4.547679e-52	2.945629e-52	1.830585e-52	1.911176e-52	8.397095e+26	1.525487e-52
2.281659e-06	4.202650e-37	5.914236e-52	9.286712e-27	2.380667e-52	2.485477e-52	2.252724e+27	1.983889e-52
2.490503e-06	3.728887e-52	3.043080e-36	4.981910e-52	3.096048e-52	3.232352e-52	2.274005e+26	2.580040e-52
2.718463e-06	4.849402e-52	1.000268e-51	6.478953e-52	4.026396e-52	4.203659e-52	2.215319e+27	3.355330e-52
2.967288e-06	8.986709e-37	5.077592e-36	8.425850e-52	5.236311e-52	5.466841e-52	1.586364e+27	4.363593e-52
3.238889e-06	1.135369e-36	1.691743e-51	1.095778e-51	6.809800e-52	7.109602e-52	2.863353e+27	5.674833e-52
3.535349e-06	1.433282e-36	8.471043e-36	1.425055e-51	8.856115e-52	9.246007e-52	3.356167e+27	7.380096e-52
3.858945e-06	1.387151e-51	1.086526e-35	1.853278e-51	1.151734e-51	1.202439e-51	3.237841e+27	9.597783e-52
4.212161e-06	4.144727e-36	1.393395e-35	2.410179e-51	1.497825e-51	1.563767e-51	3.934162e+27	1.248188e-51
4.597707e-06	2.346074e-51	4.839160e-51	3.134428e-51	1.947915e-51	2.033672e-51	7.374598e+27	1.623262e-51
5.018542e-06	6.873494e-36	6.293306e-51	4.076310e-51	2.533255e-51	2.644782e-51	5.101464e+27	2.111046e-51
5.477897e-06	3.967889e-51	8.184418e-51	5.301224e-51	3.294487e-51	3.439527e-51	7.167404e+27	2.745406e-51
5.979297e-06	1.139489e-35	5.306017e-35	6.894218e-51	4.284466e-51	4.473091e-51	7.995400e+27	3.570389e-51
6.526592e-06	1.452040e-35	1.384222e-50	8.965901e-51	5.571930e-51	5.817235e-51	6.063867e+27	4.643275e-51
7.123981e-06	9.461010e-35	2.959841e-34	1.166012e-50	7.246271e-51	7.565289e-51	1.158448e+27	6.038559e-51
7.776051e-06	3.536847e-35	1.126323e-34	1.516393e-50	9.423744e-51	9.838625e-51	2.796770e+27	7.853120e-51
8.487805e-06	1.476060e-50	1.447205e-34	1.972062e-50	1.225554e-50	1.279509e-50	5.707529e+27	1.021295e-50
9.264707e-06	5.888131e-35	1.859288e-34	2.564659e-50	1.593827e-50	1.663996e-50	7.553488e+26	1.328189e-50
1.011272e-05	3.154235e-34	5.149323e-50	3.335328e-50	2.072766e-50	2.164019e-50	4.643139e+26	1.727305e-50
1.103835e-05	4.039157e-34	1.664844e-24	4.337579e-50	2.695623e-50	2.814298e-50	3.042396e+26	2.246352e-50
1.204871e-05	1.692991e-34	4.297796e-24	5.641003e-50	3.505646e-50	3.659982e-50	3.832024e+25	2.921371e-50
1.315155e-05	2.172473e-34	5.533233e-24	7.336100e-50	4.559077e-50	4.759791e-50	1.605611e+25	3.799231e-50
1.435533e-05	1.774052e-33	3.570761e-24	9.540566e-50	5.929060e-50	6.190088e-50	1.092206e+25	4.940883e-50
1.566930e-05	3.477600e-34	1.915555e-49	1.240746e-49	7.710717e-50	8.050182e-50	7.739774e+24	6.425597e-50
1.710353e-05	1.999801e-33	2.491172e-49	1.613585e-49	1.002775e-49	1.046923e-49	2.137316e+24	8.356461e-50
1.866905e-05	4.354763e-33	3.239758e-49	2.098461e-49	1.304105e-49	1.361518e-49	1.356062e+24	1.086754e-49
2.037785e-05	9.591764e-34	4.213291e-49	2.729039e-49	1.695983e-49	1.770649e-49	3.714231e+22	1.413319e-49
2.224307e-05	1.971346e-23	5.479367e-49	3.549104e-49	2.205618e-49	2.302721e-49	3.313954e+23	1.838015e-49
2.427901e-05	2.525271e-23	7.125893e-49	4.615594e-49	2.868397e-49	2.994679e-49	5.242149e+21	2.390331e-49
2.650131e-05	4.492829e-49	9.267193e-49	6.002560e-49	3.730338e-49	3.894567e-49	2.004451e+22	3.108615e-49
2.892702e-05	5.842904e-49	1.205194e-48	7.806303e-49	4.851289e-49	5.064868e-49	3.356238e-49	4.042741e-49
3.157475e-05	7.598672e-49	1.567350e-48	1.015206e-48	6.309080e-49	6.586838e-49	4.364772e-49	5.257567e-49
3.446484e-05	9.882040e-49	2.038332e-48	1.320271e-48	8.204931e-49	8.566155e-49	4.654958e+11	6.837443e-49
3.761946e-05	1.285155e-48	2.650842e-48	1.717007e-48	1.067048e-48	1.114025e-48	7.382091e-49	8.892065e-49
4.106283e-05	1.671339e-48	3.447408e-48	2.232961e-48	1.387691e-48	1.448784e-48	9.600378e-49	1.156409e-48
4.482137e-05	2.173569e-48	4.483340e-48	2.903956e-48	1.804686e-48	1.884138e-48	1.248525e-48	1.503905e-48
4.892394e-05	2.826716e-48	5.830564e-48	3.776582e-48	2.346986e-48	2.450313e-48	1.623701e-48	1.955822e-48
5.340203e-05	3.676132e-48	7.582623e-48	4.911428e-48	3.052246e-48	3.186621e-48	2.111617e-48	2.543538e-48
5.829000e-05	4.780794e-48	9.861169e-48	6.387291e-48	3.969432e-48	4.144187e-48	2.746148e-48	3.307860e-48
