# number of size bins = 100
# 0:size [cm], masses (1:Al2O3, 2:Fe, 3:Fe3O4, 4:MgSiO3, 5:Mg2SiO4, 6:AC, 7:SiO2) [g]
1.000000e-08	2.413892e-59	4.979047e-59	3.225036e-59	2.004224e-59	2.092460e-59	1.386570e-59	1.670187e-59
1.083067e-08	3.066790e-59	6.325754e-59	4.097327e-59	2.546316e-59	2.658418e-59	1.761602e-59	2.121930e-59
1.173034e-08	3.896279e-59	8.036712e-59	5.205551e-59	3.235031e-59	3.377454e-59	2.238072e-59	2.695859e-59
1.270475e-08	4.950125e-59	1.021044e-58	6.613522e-59	4.110025e-59	4.290970e-59	4.063894e+20	3.425021e-59
1.376010e-08	6.289010e-59	1.297211e-58	8.402314e-59	5.221684e-59	5.451570e-59	1.140604e+21	4.351403e-59
1.490311e-08	7.990029e-59	1.648074e-58	1.067493e-58	6.634019e-59	6.926082e-59	1.385865e+21	5.528349e-59
1.614106e-08	1.015113e-58	2.093836e-58	1.356223e-58	8.428354e-59	8.799414e-59	3.208737e+20	7.023629e-59
1.748186e-08	1.289676e-58	2.660167e-58	1.723047e-58	1.070801e-58	1.117943e-58	6.982147e+21	8.923344e-59
1.893402e-08	1.638501e-58	3.379675e-58	2.189088e-58	1.360426e-58	1.420319e-58	1.491022e+16	1.133688e-58
2.050682e-08	2.081674e-58	4.293792e-58	2.781182e-58	1.728387e-58	1.804480e-58	5.579650e+24	4.329484e+10
2.221026e-08	2.644714e-58	5.455155e-58	3.533421e-58	2.195873e-58	2.292546e-58	5.885863e+25	1.829894e-58
2.405520e-08	3.360043e-58	6.930638e-58	4.489123e-58	1.395268e+27	2.912622e-58	1.055463e+26	1.055340e+12
2.605340e-08	4.268851e-58	8.805201e-58	5.703318e-58	2.932461e+26	6.160097e+25	8.774645e+22	3.937786e+12
2.821758e-08	5.423468e-58	1.118679e-57	7.245923e-58	4.121353e+26	4.514135e+25	1.391249e+23	6.800697e+12
3.056153e-08	6.890380e-58	1.421253e-57	9.205763e-58	4.199851e+26	1.566787e+26	1.536235e+23	2.273864e+13
3.310019e-08	8.754054e-58	1.805667e-57	1.169569e-57	4.142955e+26	4.313689e+26	2.602237e+23	5.613110e+11
3.584972e-08	1.112181e-57	2.294054e-57	1.167857e+22	3.841517e+26	6.766083e+26	3.241225e+23	2.713084e+12
3.882766e-08	1.412998e-57	2.914538e-57	1.752800e+23	1.208384e+27	1.224844e-57	2.691871e+23	1.505240e+11
4.205296e-08	1.795178e-57	3.702847e-57	2.398414e-57	1.490513e-57	1.556133e-57	1.174019e+21	1.242094e-57
4.554617e-08	2.280729e-57	4.704375e-57	3.047125e-57	1.893660e-57	1.977028e-57	1.294697e+21	1.578050e-57
4.932956e-08	2.897608e-57	5.976790e-57	3.871296e-57	2.405847e-57	2.511765e-57	1.046293e+21	2.004873e-57
5.342723e-08	3.681339e-57	7.593362e-57	4.918384e-57	3.056568e-57	3.191134e-57	1.849029e+21	2.547140e-57
5.786527e-08	4.677048e-57	9.647176e-57	6.248683e-57	3.680924e+27	4.054256e-57	2.659983e+21	3.236078e-57
6.267197e-08	5.942073e-57	1.225649e-56	7.938795e-57	4.307300e+25	5.150831e-57	1.808457e-31	4.111356e-57
6.787795e-08	7.549254e-57	1.557157e-56	1.008604e-56	1.745240e+25	6.544001e-57	1.871478e+19	5.223374e-57
7.351637e-08	9.591138e-57	1.978329e-56	1.281406e-56	7.477811e+23	8.313989e-57	5.509270e-57	6.636166e-57
7.962317e-08	1.218530e-56	2.513417e-56	1.627994e-56	2.142317e+22	1.056271e-56	1.386379e+20	8.431082e-57
8.623723e-08	1.548112e-56	3.193233e-56	2.068326e-56	1.285377e-56	1.341966e-56	5.175433e+19	1.071148e-56
9.340071e-08	1.966837e-56	4.056923e-56	2.627756e-56	1.633040e-56	1.704935e-56	7.955544e+20	1.360866e-56
1.011592e-07	2.498817e-56	5.154218e-56	3.338498e-56	2.074736e-56	2.166077e-56	6.093352e-18	1.728947e-56
1.095622e-07	3.174685e-56	6.548305e-56	4.241478e-56	2.635900e-56	2.751946e-56	1.823579e-56	2.196583e-56
1.186633e-07	4.033357e-56	8.319457e-56	5.388691e-56	3.348845e-56	3.496278e-56	4.423054e+23	2.790704e-56
1.285203e-07	5.124279e-56	1.056966e-55	6.846197e-56	4.254623e-56	4.441934e-56	2.943450e-56	3.545519e-56
1.391961e-07	6.510268e-56	1.342849e-55	8.697922e-56	5.405392e-56	5.643365e-56	3.739579e-56	4.504493e-56
1.507587e-07	8.271132e-56	1.706056e-55	1.105049e-55	6.867415e-56	7.169754e-56	4.751042e-56	5.722846e-56
1.632818e-07	1.050827e-55	2.167501e-55	1.403937e-55	8.724878e-56	9.108992e-56	6.036079e-56	7.270732e-56
1.768451e-07	1.335049e-55	2.753756e-55	1.783667e-55	1.108474e-55	1.157275e-55	7.668687e-56	9.237282e-56
1.915351e-07	1.696146e-55	3.498578e-55	2.266104e-55	1.408288e-55	1.470288e-55	9.742875e-56	1.173574e-55
2.074454e-07	2.154911e-55	4.444855e-55	2.879028e-55	1.789195e-55	1.867964e-55	1.431084e+25	1.490996e-55
2.246773e-07	2.737760e-55	5.647077e-55	3.657733e-55	2.273127e-55	2.373202e-55	1.572604e-55	1.894273e-55
2.433406e-07	3.478255e-55	7.174469e-55	4.647058e-55	2.887951e-55	3.015093e-55	1.997954e-55	2.406626e-55
2.635542e-07	4.419036e-55	9.114983e-55	5.903971e-55	3.669069e-55	3.830601e-55	2.538350e-55	3.057558e-55
2.854468e-07	5.614275e-55	1.158036e-54	7.500847e-55	4.661460e-55	4.866682e-55	3.224910e-55	3.884550e-55
3.091581e-07	7.132795e-55	1.471255e-54	9.529638e-55	5.922268e-55	6.182997e-55	4.097167e-55	4.935224e-55
3.348390e-07	9.062037e-55	1.869193e-54	1.210717e-54	7.524093e-55	7.855343e-55	5.205348e-55	6.270078e-55
3.626531e-07	1.151309e-54	2.374763e-54	1.538185e-54	9.559172e-55	9.980016e-55	6.613263e-55	7.965976e-55
3.927776e-07	1.462709e-54	3.017077e-54	1.954225e-54	1.214469e-54	1.267936e-54	4.455577e+25	1.012057e-54
4.254045e-07	1.858335e-54	3.833120e-54	2.482794e-54	1.542952e-54	1.610881e-54	1.067451e-54	1.285793e-54
4.607416e-07	2.360968e-54	4.869883e-54	3.154328e-54	1.960282e-54	2.046584e-54	4.933708e+26	1.633568e-54
4.990141e-07	2.999551e-54	6.187064e-54	4.007494e-54	2.490489e-54	2.600133e-54	1.722980e-54	2.075407e-54
5.404657e-07	3.810854e-54	7.860509e-54	5.091421e-54	3.164104e-54	3.303404e-54	1.910516e+26	2.636753e-54
5.853606e-07	4.841595e-54	9.986580e-54	6.468523e-54	4.019914e-54	4.196892e-54	2.576025e+26	3.349929e-54
6.339849e-07	6.151125e-54	1.268770e-53	8.218096e-54	5.107200e-54	5.332046e-54	1.061654e+27	4.256000e-54
6.866481e-07	7.814850e-54	1.611940e-53	1.044088e-53	6.488570e-54	6.774230e-54	6.300338e+26	5.407141e-54
7.436860e-07	9.928570e-54	2.047930e-53	1.326488e-53	8.243565e-54	8.606489e-54	9.726079e+26	6.869638e-54
8.054618e-07	1.261400e-53	2.601843e-53	1.685270e-53	1.047324e-53	1.093433e-53	7.417419e+26	8.727702e-54
8.723692e-07	1.602577e-53	3.305577e-53	2.141093e-53	1.330599e-53	1.389179e-53	2.398309e+27	1.108833e-53
9.448344e-07	2.036034e-53	4.199652e-53	2.720205e-53	1.690493e-53	1.764917e-53	7.257750e+27	1.408744e-53
1.023319e-06	2.586730e-53	5.335552e-53	3.455952e-53	2.147729e-53	2.242283e-53	2.535288e+27	1.789774e-53
1.108323e-06	3.286375e-53	6.778685e-53	4.390700e-53	2.728635e-53	2.848764e-53	1.396198e+26	2.273863e-53
1.200388e-06	4.175257e-53	8.612150e-53	5.578275e-53	3.466663e-53	3.619283e-53	7.469660e+22	2.888886e-53
1.300101e-06	5.304560e-53	1.094152e-52	7.087058e-53	4.404308e-53	4.598208e-53	1.645211e+27	3.670257e-53
1.408097e-06	6.739310e-53	1.390093e-52	9.003929e-53	5.595563e-53	5.841908e-53	2.166561e+28	4.662969e-53
1.525063e-06	8.562124e-53	1.766078e-52	1.143927e-52	7.109022e-53	7.421998e-53	1.826677e+28	5.924185e-53
1.651746e-06	1.087796e-52	2.243758e-52	1.453330e-52	9.031834e-53	9.429462e-53	1.218187e+27	7.526529e-53
1.788952e-06	1.382018e-52	2.850638e-52	1.846419e-52	1.147472e-52	1.197990e-52	3.149503e+28	9.562266e-53
1.937555e-06	1.755819e-52	3.621664e-52	2.345829e-52	1.457834e-52	1.522016e-52	9.794081e+27	1.214862e-52
2.098502e-06	2.230724e-52	4.601233e-52	2.980317e-52	1.852142e-52	1.933683e-52	7.623963e+27	1.543451e-52
2.272818e-06	2.834079e-52	5.845751e-52	3.786419e-52	2.353100e-52	2.456695e-52	3.136607e+28	1.960916e-52
2.461615e-06	3.600626e-52	7.426879e-52	4.810550e-52	2.989554e-52	3.121170e-52	3.424999e+23	2.491295e-52
2.666094e-06	4.574505e-52	9.435664e-52	6.111683e-52	3.798153e-52	3.965368e-52	5.224439e+27	3.165128e-52
2.887558e-06	5.811794e-52	1.198777e-51	7.764739e-52	4.825458e-52	5.037900e-52	2.790420e+28	4.021215e-52
3.127420e-06	7.383739e-52	1.523017e-51	9.864906e-52	6.130624e-52	6.400526e-52	6.023108e+22	5.108853e-52
3.387205e-06	9.380855e-52	1.934954e-51	1.253312e-51	7.788804e-52	8.131707e-52	6.914699e+27	6.490670e-52
3.668570e-06	1.191814e-51	2.458311e-51	1.592301e-51	9.895480e-52	1.033113e-51	6.012020e+21	8.246233e-52
3.973308e-06	1.514170e-51	3.123222e-51	2.022978e-51	1.257196e-51	1.312544e-51	8.046637e+21	1.047663e-51
4.303359e-06	1.923715e-51	3.967976e-51	2.570143e-51	1.597236e-51	1.667554e-51	2.916848e+20	1.331030e-51
4.660827e-06	2.444031e-51	5.041214e-51	3.265302e-51	2.029248e-51	2.118586e-51	3.794702e+20	1.691040e-51
5.047988e-06	3.105080e-51	6.404735e-51	4.148485e-51	2.578109e-51	2.691610e-51	1.382352e+19	2.148424e-51
5.467310e-06	3.944927e-51	8.137055e-51	5.270546e-51	3.275422e-51	3.419623e-51	2.601898e+19	2.729519e-51
5.921463e-06	5.011931e-51	1.033792e-50	6.696096e-51	4.161342e-51	4.344546e-51	1.145788e+17	3.467785e-51
6.413342e-06	6.367532e-51	1.313407e-50	8.507222e-51	5.286880e-51	5.519636e-51	2.127801e+17	4.405734e-51
6.946080e-06	8.089789e-51	1.668651e-50	1.080821e-50	6.716849e-51	7.012559e-51	4.614075e+14	5.597374e-51
7.523071e-06	1.027787e-50	2.119979e-50	1.373156e-50	8.533588e-51	8.909280e-51	4.311890e+14	7.111323e-51
8.147990e-06	1.305778e-50	2.693381e-50	1.744561e-50	1.084171e-50	1.131902e-50	1.890069e+11	9.034757e-51
8.824820e-06	1.658958e-50	3.421872e-50	2.216420e-50	1.377412e-50	1.438053e-50	1.104080e+06	1.147843e-50
9.557872e-06	2.107665e-50	4.347403e-50	2.815906e-50	1.749967e-50	1.827010e-50	4.625726e+05	1.458306e-50
1.035182e-05	2.677735e-50	5.523266e-50	3.577538e-50	2.223289e-50	2.321170e-50	1.262096e-01	1.852741e-50
1.121171e-05	3.401996e-50	7.017171e-50	4.545173e-50	2.824633e-50	2.948988e-50	1.954149e-50	2.353861e-50
1.214304e-05	4.322150e-50	8.915140e-50	5.774528e-50	3.588626e-50	3.746616e-50	2.482697e-50	2.990522e-50
1.315172e-05	5.491183e-50	1.132646e-49	7.336393e-50	4.559259e-50	4.759981e-50	3.154204e-50	3.799383e-50
1.424420e-05	6.976410e-50	1.438999e-49	9.320703e-50	5.792424e-50	6.047437e-50	4.007338e-50	4.827020e-50
1.542742e-05	8.863354e-50	1.828211e-49	1.184172e-49	7.359130e-50	7.683117e-50	5.091222e-50	6.132608e-50
1.670893e-05	1.126067e-49	2.322697e-49	1.504461e-49	9.349590e-50	9.761207e-50	6.468270e-50	7.791325e-50
1.809690e-05	1.430640e-49	2.950928e-49	1.911380e-49	1.187842e-49	1.240137e-49	8.217774e-50	9.898682e-50
1.960015e-05	1.817592e-49	3.749080e-49	2.428360e-49	1.509123e-49	1.575563e-49	1.044048e-49	1.257603e-49
2.122828e-05	2.309205e-49	4.763112e-49	3.085170e-49	1.917303e-49	2.001713e-49	1.326436e-49	1.597753e-49
2.299165e-05	2.933787e-49	6.051414e-49	3.919631e-49	2.435886e-49	2.543126e-49	1.685204e-49	2.029905e-49
2.490150e-05	3.727303e-49	7.688170e-49	4.979793e-49	3.094732e-49	3.230978e-49	2.141009e-49	2.578943e-49
2.697000e-05	4.735444e-49	9.767627e-49	6.326702e-49	3.931779e-49	4.104876e-49	2.720099e-49	3.276482e-49
