# number of size bins = 535
# 0:size [cm], masses (1:Al2O3, 2:Fe, 3:Fe3O4, 4:MgSiO3, 5:Mg2SiO4, 6:AC, 7:SiO2) [g]
1.000000e-08	2.413892e-59	4.979047e-59	3.225036e-59	2.004224e-59	2.092460e-59	1.311871e+07	1.670187e-59
3.000000e-08	6.517509e-58	1.344343e-57	8.707597e-58	5.411405e-58	5.649643e-58	2.627377e+06	1.711748e+22
5.000000e-08	3.017365e-57	6.223809e-57	4.031295e-57	2.505280e-57	4.996859e+22	1.643687e-12	1.840861e+26
7.000000e-08	8.279651e-57	1.707813e-56	1.106187e-56	6.714592e+25	9.146040e+26	4.608715e-41	2.828688e+27
9.000000e-08	1.759728e-56	3.629725e-56	2.351051e-56	2.265518e+27	3.504199e+28	1.010810e-56	1.657850e+28
1.100000e-07	3.212891e-56	6.627111e-56	4.292523e-56	1.695028e+28	1.915385e+29	9.607891e+06	8.789690e+28
1.300000e-07	5.303322e-56	1.093897e-55	7.085404e-56	8.377318e+28	5.470747e+29	1.567767e+13	2.613532e+29
1.500000e-07	8.146887e-56	1.680428e-55	1.088450e-55	2.182879e+29	1.228561e+30	3.102433e+16	5.208904e+29
1.700000e-07	8.948463e+27	2.446206e-55	1.584460e-55	4.544208e+29	2.241378e+30	4.760700e+18	8.745937e+29
1.900000e-07	2.662946e+25	3.415128e-55	2.212052e-55	9.011623e+29	3.522065e+30	2.020421e+20	1.373972e+30
2.100000e-07	2.394974e+19	4.611095e-55	2.986706e-55	1.500233e+30	5.185659e+30	3.612587e+21	2.085654e+30
2.300000e-07	6.532627e+08	6.058006e-55	3.923901e-55	2.320819e+30	6.840619e+30	3.547237e+22	2.767425e+30
2.500000e-07	6.692505e-07	7.779761e-55	5.039118e-55	3.184286e+30	8.415624e+30	2.086103e+23	3.872683e+30
2.700000e-07	7.273832e-26	9.800258e-55	6.347838e-55	4.343694e+30	9.734382e+30	1.046507e+24	5.068157e+30
2.900000e-07	5.887242e-55	1.214340e-54	7.865540e-55	5.558989e+30	1.100883e+31	3.815407e+24	6.104120e+30
3.100000e-07	7.191227e-55	1.483308e-54	9.607704e-55	6.561196e+30	1.219897e+31	1.324332e+25	7.387214e+30
3.300000e-07	8.674805e-55	1.789320e-54	1.158981e-54	7.628468e+30	1.266280e+31	3.541213e+25	8.939252e+30
3.500000e-07	1.034956e-54	2.134766e-54	1.382734e-54	8.369114e+30	1.319141e+31	9.093409e+25	1.012066e+31
3.700000e-07	1.222709e-54	2.522037e-54	1.633577e-54	9.482150e+30	1.328030e+31	1.924213e+26	1.160016e+31
3.900000e-07	1.431897e-54	2.953521e-54	1.913059e-54	1.017703e+31	1.283676e+31	4.334927e+26	6.704517e+30
4.100000e-07	1.663679e-54	3.431609e-54	2.222727e-54	1.059801e+31	1.323896e+31	7.596381e+26	7.986999e+30
4.300000e-07	1.919213e-54	3.958691e-54	2.564129e-54	1.078134e+31	6.455575e+30	1.459806e+27	8.737362e+30
4.500000e-07	2.199659e-54	4.537156e-54	2.938814e-54	1.091880e+31	6.574571e+30	2.484338e+27	8.875175e+30
4.700000e-07	2.506175e-54	5.169396e-54	3.348329e-54	1.069471e+31	5.749852e+30	4.146257e+27	9.496340e+30
4.900000e-07	2.839920e-54	5.857799e-54	3.794222e-54	1.077852e+31	5.039489e+30	6.492392e+27	9.707230e+30
5.100000e-07	3.202052e-54	6.604755e-54	4.278042e-54	1.061498e+31	4.415383e+30	9.770188e+27	9.972405e+30
5.300000e-07	3.593731e-54	7.412656e-54	4.801337e-54	1.021558e+31	3.819271e+30	1.594480e+28	1.036354e+31
5.500000e-07	4.016113e-54	8.283889e-54	8.461530e+31	7.343246e+30	3.249731e+30	2.074256e+28	9.807368e+30
5.700000e-07	4.470360e-54	9.220846e-54	4.239707e+31	7.473036e+30	2.817753e+30	3.143064e+28	1.048461e+31
5.900000e-07	4.957628e-54	1.022592e-53	8.055338e+30	6.613065e+30	2.434889e+30	4.011635e+28	1.050578e+31
6.100000e-07	5.479077e-54	1.130149e-53	1.663029e+30	6.226185e+30	1.662198e+30	5.599872e+28	1.009795e+31
6.300000e-07	6.035865e-54	1.244996e-53	2.014906e+29	5.624551e+30	1.223501e+30	7.598321e+28	1.030876e+31
6.500000e-07	6.629152e-54	1.367371e-53	1.239405e+28	5.157472e+30	9.350158e+29	9.597841e+28	9.981683e+30
6.700000e-07	7.260095e-54	1.497513e-53	9.890101e+26	4.476503e+30	7.219262e+29	1.243074e+29	9.639351e+30
6.900000e-07	7.929854e-54	1.635662e-53	1.958470e+25	4.007905e+30	5.566385e+29	1.572466e+29	9.745404e+30
7.100000e-07	8.639586e-54	1.782056e-53	2.373497e+23	3.115870e+30	4.212524e+29	1.894676e+29	9.242433e+30
7.300000e-07	9.390452e-54	1.936934e-53	1.353406e+21	2.675210e+30	3.383258e+29	2.285685e+29	8.879789e+30
7.500000e-07	1.018361e-53	2.100535e-53	1.240259e+18	2.336972e+30	2.060624e+29	2.733205e+29	9.099960e+30
7.700000e-07	1.102022e-53	2.273099e-53	4.467071e+14	1.896972e+30	1.483768e+29	3.230229e+29	8.580570e+30
7.900000e-07	1.190143e-53	2.454864e-53	2.557460e+10	1.726338e+30	1.030000e+29	4.022647e+29	7.924750e+30
8.100000e-07	1.282841e-53	2.646070e-53	9.179355e+04	1.408585e+30	7.079379e+28	4.511801e+29	6.844530e+30
8.300000e-07	1.380232e-53	2.846954e-53	3.123124e-02	1.164919e+30	5.203051e+28	5.286589e+29	5.358247e+30
8.500000e-07	1.482432e-53	3.057757e-53	3.986072e-10	8.152385e+29	3.161533e+28	6.075636e+29	4.755478e+30
8.700000e-07	1.589555e-53	3.278717e-53	8.888004e-20	7.338838e+29	1.993949e+28	6.745724e+29	4.447316e+30
8.900000e-07	1.701719e-53	3.510074e-53	3.490610e-31	5.944621e+29	1.285957e+28	7.837160e+29	4.053846e+30
9.100000e-07	1.819039e-53	3.752065e-53	2.430293e-53	4.695248e+29	8.252472e+27	8.645021e+29	3.872383e+30
9.300000e-07	1.941631e-53	4.004931e-53	2.594080e-53	3.795932e+29	5.199952e+27	9.950123e+29	3.462409e+30
9.500000e-07	2.069611e-53	4.268910e-53	2.765065e-53	2.703637e+29	2.583257e+27	1.184828e+30	3.176583e+30
9.700000e-07	2.203094e-53	4.544242e-53	2.943403e-53	2.208978e+29	1.713573e+27	1.223906e+30	2.792261e+30
9.900000e-07	2.342197e-53	4.831164e-53	3.129249e-53	1.680386e+29	1.005554e+27	1.426492e+30	2.693243e+30
1.010000e-06	2.487036e-53	5.129917e-53	3.322758e-53	1.322723e+29	5.180356e+26	1.505659e+30	2.421990e+30
1.030000e-06	2.637725e-53	5.440739e-53	3.524084e-53	9.925055e+28	2.956043e+26	1.615408e+30	2.140596e+30
1.050000e-06	2.794382e-53	5.763869e-53	3.733382e-53	6.474322e+28	1.572630e+26	1.716814e+30	2.073017e+30
1.070000e-06	2.957122e-53	6.099547e-53	3.950808e-53	5.494008e+28	7.522329e+25	1.943821e+30	1.819442e+30
1.090000e-06	3.126061e-53	6.448010e-53	4.176515e-53	3.857327e+28	3.975601e+25	2.001389e+30	1.668680e+30
1.110000e-06	3.301314e-53	6.809499e-53	4.410659e-53	2.824412e+28	1.947143e+25	2.135559e+30	1.060300e+30
1.130000e-06	3.482998e-53	7.184252e-53	4.653395e-53	1.882819e+28	7.930444e+24	2.268430e+30	1.034467e+30
1.150000e-06	3.671229e-53	7.572508e-53	4.904876e-53	1.381020e+28	4.073079e+24	2.439754e+30	9.125125e+29
1.170000e-06	3.866121e-53	7.974506e-53	5.165259e-53	9.749165e+27	1.643874e+24	2.419417e+30	7.527608e+29
1.190000e-06	4.067792e-53	8.390486e-53	5.434698e-53	6.577053e+27	7.267303e+23	2.698141e+30	6.873125e+29
1.210000e-06	4.276358e-53	8.820685e-53	5.713348e-53	4.650053e+27	2.765872e+23	2.805571e+30	5.760308e+29
1.230000e-06	4.491933e-53	9.265344e-53	6.001363e-53	3.073173e+27	1.158863e+23	2.955208e+30	5.263027e+29
1.250000e-06	4.714634e-53	9.724701e-53	6.298898e-53	1.879792e+27	3.885107e+22	2.955916e+30	4.480276e+29
1.270000e-06	4.944576e-53	1.019900e-52	6.606109e-53	1.403890e+27	1.464599e+22	3.195385e+30	3.893719e+29
1.290000e-06	5.181876e-53	1.068847e-52	6.923149e-53	8.710010e+26	5.155835e+21	3.038620e+30	3.332622e+29
1.310000e-06	5.426650e-53	1.119335e-52	7.250174e-53	5.177771e+26	1.501714e+21	3.074760e+30	2.865567e+29
1.330000e-06	5.679012e-53	1.171389e-52	7.587339e-53	3.420120e+26	4.694180e+20	3.341954e+30	2.110379e+29
1.350000e-06	5.939080e-53	1.225032e-52	7.934797e-53	2.129098e+26	1.307581e+20	3.345190e+30	1.694964e+29
1.370000e-06	6.206969e-53	1.280289e-52	8.292706e-53	1.202446e+26	3.655525e+19	3.355235e+30	1.499062e+29
1.390000e-06	6.482795e-53	1.337182e-52	8.661217e-53	7.493597e+25	8.165626e+18	3.581130e+30	1.244574e+29
1.410000e-06	6.766674e-53	1.395737e-52	9.040488e-53	4.382574e+25	1.887090e+18	3.556401e+30	1.023284e+29
1.430000e-06	7.058721e-53	1.455976e-52	9.430672e-53	2.704870e+25	4.088602e+17	3.676736e+30	8.378811e+28
1.450000e-06	7.359053e-53	1.517925e-52	9.831925e-53	1.376932e+25	8.389213e+16	3.643027e+30	7.175003e+28
1.470000e-06	7.667785e-53	1.581606e-52	1.024440e-52	8.229066e+24	1.549523e+16	3.731490e+30	5.944577e+28
1.490000e-06	7.985033e-53	1.647043e-52	1.066825e-52	4.205128e+24	2.776421e+15	3.760053e+30	4.883739e+28
1.510000e-06	8.310913e-53	1.714261e-52	1.110364e-52	2.317903e+24	4.018155e+14	3.844107e+30	3.359719e+28
1.530000e-06	8.645541e-53	1.783284e-52	1.155071e-52	1.200080e+24	5.286200e+13	3.800942e+30	2.846267e+28
1.550000e-06	8.989033e-53	1.854135e-52	1.200963e-52	6.223788e+23	6.929380e+12	3.913753e+30	2.254776e+28
1.570000e-06	9.341505e-53	1.926838e-52	1.248054e-52	3.206429e+23	7.092593e+11	3.848404e+30	1.822001e+28
1.590000e-06	9.703072e-53	2.001417e-52	1.296361e-52	1.446967e+23	7.140895e+10	3.791841e+30	1.480339e+28
1.610000e-06	1.007385e-52	2.077896e-52	1.345898e-52	6.948852e+22	6.394835e+09	3.986925e+30	1.165370e+28
1.630000e-06	1.045396e-52	2.156299e-52	1.396681e-52	3.401789e+22	4.869191e+08	3.947668e+30	9.091811e+27
1.650000e-06	1.084351e-52	2.236650e-52	1.448726e-52	1.430200e+22	2.981045e+07	3.937830e+30	6.564803e+27
1.670000e-06	1.124261e-52	2.318973e-52	1.502048e-52	6.635075e+21	1.520628e+06	3.900020e+30	5.378684e+27
1.690000e-06	1.165140e-52	2.403291e-52	1.556663e-52	2.714953e+21	7.394113e+04	3.932359e+30	3.876896e+27
1.710000e-06	1.206997e-52	2.489629e-52	1.612586e-52	1.124798e+21	2.946286e+03	3.910881e+30	3.165312e+27
1.730000e-06	1.249845e-52	2.578010e-52	1.669832e-52	4.803535e+20	8.940671e+01	3.771843e+30	2.422806e+27
1.750000e-06	1.293695e-52	2.668458e-52	1.728418e-52	1.706351e+20	2.193360e+00	3.936663e+30	1.807171e+27
1.770000e-06	1.338560e-52	2.760998e-52	1.788358e-52	6.413360e+19	4.303300e-02	3.833264e+30	1.381712e+27
1.790000e-06	1.384449e-52	2.855652e-52	1.849667e-52	2.204002e+19	6.497388e-04	3.893595e+30	8.979753e+26
1.810000e-06	1.431376e-52	2.952446e-52	1.912363e-52	7.232339e+18	7.622602e-06	3.776419e+30	7.190229e+26
1.830000e-06	1.479351e-52	3.051402e-52	1.976459e-52	2.808844e+18	6.041937e-08	3.645282e+30	5.263180e+26
1.850000e-06	1.528386e-52	3.152546e-52	2.041972e-52	8.207073e+17	4.181840e-10	3.812929e+30	3.835057e+26
1.870000e-06	1.578493e-52	3.255900e-52	2.108916e-52	2.496304e+17	2.195030e-12	3.684464e+30	2.979503e+26
1.890000e-06	1.629684e-52	3.361488e-52	2.177308e-52	6.941446e+16	5.710997e-15	3.567834e+30	1.999830e+26
1.910000e-06	1.681969e-52	3.469336e-52	2.247163e-52	2.171601e+16	1.430916e-17	3.363323e+30	1.453623e+26
1.930000e-06	1.735361e-52	3.579465e-52	2.318497e-52	5.245945e+15	2.103792e-20	3.299931e+30	1.016900e+26
1.950000e-06	1.789871e-52	3.691901e-52	2.391324e-52	1.319772e+15	2.014485e-23	3.254485e+30	7.547328e+25
1.970000e-06	1.845511e-52	3.806667e-52	2.465660e-52	3.189194e+14	8.923782e-27	3.323081e+30	5.234737e+25
1.990000e-06	1.902292e-52	3.923787e-52	2.541521e-52	6.812571e+13	2.523846e-30	3.236629e+30	3.194574e+25
2.010000e-06	1.960226e-52	4.043285e-52	2.618923e-52	1.354712e+13	3.940271e-34	3.059268e+30	2.479651e+25
2.030000e-06	2.019324e-52	4.165185e-52	2.697880e-52	2.671740e+12	3.317483e-38	3.141181e+30	1.646307e+25
2.050000e-06	2.079598e-52	4.289511e-52	2.778409e-52	4.786334e+11	1.379349e-42	3.060562e+30	1.145112e+25
2.070000e-06	2.141060e-52	4.416287e-52	2.860524e-52	8.491720e+10	1.855958e-52	2.894022e+30	7.037016e+24
2.090000e-06	2.203722e-52	4.545536e-52	2.944241e-52	1.295723e+10	1.910276e-52	2.958768e+30	4.986880e+24
2.110000e-06	2.267594e-52	4.677282e-52	3.029576e-52	2.055675e+09	1.965643e-52	2.893986e+30	3.216797e+24
2.130000e-06	2.332688e-52	4.811550e-52	3.116545e-52	2.475816e+08	2.022069e-52	2.716987e+30	2.206832e+24
2.150000e-06	2.399017e-52	4.948364e-52	3.205162e-52	3.146516e+07	2.079565e-52	2.804438e+30	1.297925e+24
2.170000e-06	2.466591e-52	5.087746e-52	3.295443e-52	3.880993e+06	2.138141e-52	2.615773e+30	8.896955e+23
2.190000e-06	2.535422e-52	5.229721e-52	3.387403e-52	3.418480e+05	2.197807e-52	2.603984e+30	5.643041e+23
2.210000e-06	2.605522e-52	5.374314e-52	3.481059e-52	3.573367e+04	2.258572e-52	2.473914e+30	3.535139e+23
2.230000e-06	2.676902e-52	5.521547e-52	3.576425e-52	2.810016e+03	2.320448e-52	2.572638e+30	2.133714e+23
2.250000e-06	2.749574e-52	5.671446e-52	3.673517e-52	1.774852e+02	2.383443e-52	2.442955e+30	1.369978e+23
2.270000e-06	2.823550e-52	5.824032e-52	3.772351e-52	1.140429e+01	2.447568e-52	2.319133e+30	8.011668e+22
2.290000e-06	2.898841e-52	5.979332e-52	3.872942e-52	6.350574e-01	2.512833e-52	2.263154e+30	5.026238e+22
2.310000e-06	2.975458e-52	6.137368e-52	3.975305e-52	3.172523e-02	2.579248e-52	2.189496e+30	2.802702e+22
2.330000e-06	3.053414e-52	6.298164e-52	4.079456e-52	1.420434e-03	2.646823e-52	2.065621e+30	1.704229e+22
2.350000e-06	3.132719e-52	6.461745e-52	4.185411e-52	4.474096e-05	2.715569e-52	2.008465e+30	9.760226e+21
2.370000e-06	3.213386e-52	6.628134e-52	4.293185e-52	1.462198e-06	2.785494e-52	2.036829e+30	5.653646e+21
2.390000e-06	3.295426e-52	6.797354e-52	4.402793e-52	3.744352e-08	2.856610e-52	1.927283e+30	3.074996e+21
2.410000e-06	3.378851e-52	6.969431e-52	4.514251e-52	8.082724e-10	2.928926e-52	1.823392e+30	1.773694e+21
2.430000e-06	3.463672e-52	7.144388e-52	4.627574e-52	1.229284e-11	3.002452e-52	1.831515e+30	9.576341e+20
2.450000e-06	3.549900e-52	7.322249e-52	4.742778e-52	2.089618e-13	3.077198e-52	1.757500e+30	5.271878e+20
2.470000e-06	3.637548e-52	7.503037e-52	4.859878e-52	1.918601e-15	3.153175e-52	1.652894e+30	2.799656e+20
2.490000e-06	3.726627e-52	7.686777e-52	4.978891e-52	2.145329e-17	3.230392e-52	1.607678e+30	1.375010e+20
2.510000e-06	3.817149e-52	7.873492e-52	5.099830e-52	1.139472e-19	3.308860e-52	1.622973e+30	7.585698e+19
2.530000e-06	3.909124e-52	8.063206e-52	5.222712e-52	5.881209e-22	3.388588e-52	1.562090e+30	3.729396e+19
2.550000e-06	4.002565e-52	8.255944e-52	5.347553e-52	2.367440e-24	3.469587e-52	1.457104e+30	1.917032e+19
2.570000e-06	4.097484e-52	8.451729e-52	5.474367e-52	5.928554e-27	3.551866e-52	1.415099e+30	8.716111e+18
2.590000e-06	4.193892e-52	8.650586e-52	5.603170e-52	1.382293e-29	3.635436e-52	1.428546e+30	4.816221e+18
2.610000e-06	4.291799e-52	8.852537e-52	5.733979e-52	1.703761e-32	3.720307e-52	1.320063e+30	2.042528e+18
2.630000e-06	4.391219e-52	9.057607e-52	5.866807e-52	1.961770e-35	3.806488e-52	1.312586e+30	9.838283e+17
2.650000e-06	4.492163e-52	9.265820e-52	6.001671e-52	1.521327e-38	3.893990e-52	1.235671e+30	4.518054e+17
2.670000e-06	4.594642e-52	9.477199e-52	6.138586e-52	4.670416e-42	3.982823e-52	1.188704e+30	2.014240e+17
2.690000e-06	4.698668e-52	9.691769e-52	6.277567e-52	3.901244e-52	4.072997e-52	1.107580e+30	9.466866e+16
2.710000e-06	4.804252e-52	9.909554e-52	6.418631e-52	3.988909e-52	4.164521e-52	1.064095e+30	3.769418e+16
2.730000e-06	4.911406e-52	1.013058e-51	6.561792e-52	4.077878e-52	4.257407e-52	1.078514e+30	1.627587e+16
2.750000e-06	5.020142e-52	1.035486e-51	6.707067e-52	4.168159e-52	4.351663e-52	1.011617e+30	7.053560e+15
2.770000e-06	5.130471e-52	1.058243e-51	6.854470e-52	4.259764e-52	4.447301e-52	9.528440e+29	2.507204e+15
2.790000e-06	5.242404e-52	1.081331e-51	7.004016e-52	4.352701e-52	4.544330e-52	9.187969e+29	1.040502e+15
2.810000e-06	5.355954e-52	1.104753e-51	7.155723e-52	4.446980e-52	4.642759e-52	9.221162e+29	4.050180e+14
2.830000e-06	5.471132e-52	1.128510e-51	7.309604e-52	4.542611e-52	4.742600e-52	8.458598e+29	1.515918e+14
2.850000e-06	5.587950e-52	1.152606e-51	7.465676e-52	4.639603e-52	4.843862e-52	8.320738e+29	5.105276e+13
2.870000e-06	5.706418e-52	1.177042e-51	7.623953e-52	4.737966e-52	4.946556e-52	7.763919e+29	1.790206e+13
2.890000e-06	5.826549e-52	1.201821e-51	7.784452e-52	4.837709e-52	5.050690e-52	7.474926e+29	6.641609e+12
2.910000e-06	5.948355e-52	1.226945e-51	7.947188e-52	4.938843e-52	5.156276e-52	7.237735e+29	2.212471e+12
2.930000e-06	6.071846e-52	1.252417e-51	8.112177e-52	5.041376e-52	5.263324e-52	7.152338e+29	7.084199e+11
2.950000e-06	6.197035e-52	1.278240e-51	8.279433e-52	5.145319e-52	5.371842e-52	6.850682e+29	2.072865e+11
2.970000e-06	6.323933e-52	1.304414e-51	8.448972e-52	5.250681e-52	5.481843e-52	6.352928e+29	6.717187e+10
2.990000e-06	6.452551e-52	1.330944e-51	8.620811e-52	5.357471e-52	5.593334e-52	6.084417e+29	2.004365e+10
3.010000e-06	6.582902e-52	1.357831e-51	8.794963e-52	5.465699e-52	5.706328e-52	5.653579e+29	5.397881e+09
3.030000e-06	6.714996e-52	1.385078e-51	8.971446e-52	5.575376e-52	5.820832e-52	5.359321e+29	1.416858e+09
3.050000e-06	6.848846e-52	1.412686e-51	9.150273e-52	5.686509e-52	5.936859e-52	5.385011e+29	3.901054e+08
3.070000e-06	6.984463e-52	1.440659e-51	9.331462e-52	5.799110e-52	6.054417e-52	5.025880e+29	9.624131e+07
3.090000e-06	7.121858e-52	1.469000e-51	9.515026e-52	5.913188e-52	6.173517e-52	4.713086e+29	2.268312e+07
3.110000e-06	7.261044e-52	1.497709e-51	9.700982e-52	6.028752e-52	6.294169e-52	4.513412e+29	5.774380e+06
3.130000e-06	7.402031e-52	1.526790e-51	9.889346e-52	6.145812e-52	6.416382e-52	4.512878e+29	1.141065e+06
3.150000e-06	7.544832e-52	1.556245e-51	1.008013e-51	6.264377e-52	6.540167e-52	4.082611e+29	2.585776e+05
3.170000e-06	7.689457e-52	1.586076e-51	1.027336e-51	6.384458e-52	6.665535e-52	4.040569e+29	5.016505e+04
3.190000e-06	7.835919e-52	1.616286e-51	1.046903e-51	6.506063e-52	6.792494e-52	3.739818e+29	9.785744e+03
3.210000e-06	7.984229e-52	1.646878e-51	1.066718e-51	6.629203e-52	6.921055e-52	3.570931e+29	1.848762e+03
3.230000e-06	8.134399e-52	1.677853e-51	1.086781e-51	6.753887e-52	7.051228e-52	3.546340e+29	3.039680e+02
3.250000e-06	8.286440e-52	1.709213e-51	1.107094e-51	6.880125e-52	7.183024e-52	3.331618e+29	5.401353e+01
3.270000e-06	8.440364e-52	1.740963e-51	1.127659e-51	7.007926e-52	7.316451e-52	3.097350e+29	7.957472e+00
3.290000e-06	8.596182e-52	1.773103e-51	1.148477e-51	7.137300e-52	7.451521e-52	2.867175e+29	1.175176e+00
3.310000e-06	8.753906e-52	1.805636e-51	1.169549e-51	7.268256e-52	7.588242e-52	2.785916e+29	1.690681e-01
3.330000e-06	8.913548e-52	1.838565e-51	1.190878e-51	7.400805e-52	7.726626e-52	2.569271e+29	2.059127e-02
3.350000e-06	9.075119e-52	1.871891e-51	1.212464e-51	7.534955e-52	7.866683e-52	2.573807e+29	2.664276e-03
3.370000e-06	9.238631e-52	1.905618e-51	1.234310e-51	7.670717e-52	8.008421e-52	2.343526e+29	2.749932e-04
3.390000e-06	9.404095e-52	1.939748e-51	1.256417e-51	7.808100e-52	8.151852e-52	2.263962e+29	3.043327e-05
3.410000e-06	9.571523e-52	1.974283e-51	1.278785e-51	7.947113e-52	8.296986e-52	2.115691e+29	2.822404e-06
3.430000e-06	9.740926e-52	2.009225e-51	1.301418e-51	8.087767e-52	8.443832e-52	2.069462e+29	2.792407e-07
3.450000e-06	9.912317e-52	2.044577e-51	1.324317e-51	8.230070e-52	8.592400e-52	1.909466e+29	2.378116e-08
3.470000e-06	1.008571e-51	2.080342e-51	1.347482e-51	8.374033e-52	8.742701e-52	1.847083e+29	1.615005e-09
3.490000e-06	1.026111e-51	2.116521e-51	1.370916e-51	8.519665e-52	8.894745e-52	1.697225e+29	1.176452e-10
3.510000e-06	1.043853e-51	2.153117e-51	1.394620e-51	8.666976e-52	9.048541e-52	1.615701e+29	8.352306e-12
3.530000e-06	1.061798e-51	2.190132e-51	1.418596e-51	8.815975e-52	9.204100e-52	1.611261e+29	4.651991e-13
3.550000e-06	1.079948e-51	2.227570e-51	1.442845e-51	8.966672e-52	9.361432e-52	1.494257e+29	2.445167e-14
3.570000e-06	1.098304e-51	2.265431e-51	1.467368e-51	9.119077e-52	9.520546e-52	1.314208e+29	1.160818e-15
3.590000e-06	1.116866e-51	2.303719e-51	1.492169e-51	9.273199e-52	9.681453e-52	1.279012e+29	4.953190e-17
3.610000e-06	1.135637e-51	2.342436e-51	1.517247e-51	9.429048e-52	9.844163e-52	1.226812e+29	2.098119e-18
3.630000e-06	1.154617e-51	2.381585e-51	1.542604e-51	9.586633e-52	1.000869e-51	1.124636e+29	7.410751e-20
3.650000e-06	1.173806e-51	2.421167e-51	1.568242e-51	9.745965e-52	1.017503e-51	1.120684e+29	2.369633e-21
3.670000e-06	1.193208e-51	2.461186e-51	1.594163e-51	9.907052e-52	1.034321e-51	1.006958e+29	7.876310e-23
3.690000e-06	1.212822e-51	2.501643e-51	1.620368e-51	1.006990e-51	1.051323e-51	9.830099e+28	2.093837e-24
3.710000e-06	1.232650e-51	2.542541e-51	1.646858e-51	1.023453e-51	1.068511e-51	8.976498e+28	5.565085e-26
3.730000e-06	1.252692e-51	2.583882e-51	1.673636e-51	1.040094e-51	1.085885e-51	8.804893e+28	1.350892e-27
3.750000e-06	1.272951e-51	2.625669e-51	1.700702e-51	1.056915e-51	1.103446e-51	8.090661e+28	3.432417e-29
3.770000e-06	1.293427e-51	2.667904e-51	1.728059e-51	1.073916e-51	1.121195e-51	7.546477e+28	6.569771e-31
3.790000e-06	1.314122e-51	2.710590e-51	1.755708e-51	1.091098e-51	1.139134e-51	7.359607e+28	1.492630e-32
3.810000e-06	1.335036e-51	2.753729e-51	1.783649e-51	1.108463e-51	1.157263e-51	6.777311e+28	3.016259e-34
3.830000e-06	1.356170e-51	2.797322e-51	1.811886e-51	1.126011e-51	1.175584e-51	6.180062e+28	5.843430e-36
3.850000e-06	1.377527e-51	2.841374e-51	1.840419e-51	1.143743e-51	1.194096e-51	5.803905e+28	1.374869e-37
3.870000e-06	1.399107e-51	2.885886e-51	1.869250e-51	1.161660e-51	1.212803e-51	5.462279e+28	4.027805e-39
3.890000e-06	1.420910e-51	2.930860e-51	1.898381e-51	1.179764e-51	1.231703e-51	5.147222e+28	1.053175e-40
3.910000e-06	1.442940e-51	2.976299e-51	1.927813e-51	1.198054e-51	1.250799e-51	5.053962e+28	4.583549e-42
3.930000e-06	1.465195e-51	3.022205e-51	1.957547e-51	1.216533e-51	1.270091e-51	4.563379e+28	1.013778e-51
3.950000e-06	1.487679e-51	3.068580e-51	1.987586e-51	1.235201e-51	1.289581e-51	4.373063e+28	1.029334e-51
3.970000e-06	1.510391e-51	3.115428e-51	2.017930e-51	1.254058e-51	1.309269e-51	4.003093e+28	1.045049e-51
3.990000e-06	1.533333e-51	3.162750e-51	2.048581e-51	1.273107e-51	1.329156e-51	3.743765e+28	1.060923e-51
4.010000e-06	1.556507e-51	3.210549e-51	2.079542e-51	1.292348e-51	1.349243e-51	3.541748e+28	1.076956e-51
4.030000e-06	1.579913e-51	3.258827e-51	2.110813e-51	1.311781e-51	1.369533e-51	3.448777e+28	1.093151e-51
4.050000e-06	1.603552e-51	3.307587e-51	2.142395e-51	1.331408e-51	1.390024e-51	3.111048e+28	1.109507e-51
4.070000e-06	1.627426e-51	3.356831e-51	2.174292e-51	1.351231e-51	1.410719e-51	2.837873e+28	1.126026e-51
4.090000e-06	1.651535e-51	3.406561e-51	2.206503e-51	1.371249e-51	1.431618e-51	2.727438e+28	1.142707e-51
4.110000e-06	1.675882e-51	3.456780e-51	2.239030e-51	1.391463e-51	1.452723e-51	2.472339e+28	1.159553e-51
4.130000e-06	1.700466e-51	3.507489e-51	2.271876e-51	1.411875e-51	1.474034e-51	2.323715e+28	1.176563e-51
4.150000e-06	1.725290e-51	3.558693e-51	2.305042e-51	1.432486e-51	1.495552e-51	2.166753e+28	1.193739e-51
4.170000e-06	1.750355e-51	3.610392e-51	2.338529e-51	1.453297e-51	1.517279e-51	2.134991e+28	1.211081e-51
4.190000e-06	1.775661e-51	3.662590e-51	2.372338e-51	1.474308e-51	1.539215e-51	1.894882e+28	1.228590e-51
4.210000e-06	1.801209e-51	3.715288e-51	2.406472e-51	1.495521e-51	1.561362e-51	1.816638e+28	1.246268e-51
4.230000e-06	1.827002e-51	3.768490e-51	2.440932e-51	1.516936e-51	1.583720e-51	1.656221e+28	1.264114e-51
4.250000e-06	1.853040e-51	3.822196e-51	2.475719e-51	1.538555e-51	1.606290e-51	1.541597e+28	1.282129e-51
4.270000e-06	1.879323e-51	3.876411e-51	2.510835e-51	1.560378e-51	1.629074e-51	1.436838e+28	1.300315e-51
4.290000e-06	1.905855e-51	3.931136e-51	2.546282e-51	1.582407e-51	1.652072e-51	1.314912e+28	1.318672e-51
4.310000e-06	1.932634e-51	3.986374e-51	2.582060e-51	1.604642e-51	1.675286e-51	1.230138e+28	1.337201e-51
4.330000e-06	1.959664e-51	4.042127e-51	2.618172e-51	1.627084e-51	1.698716e-51	1.142230e+28	1.355903e-51
4.350000e-06	1.986944e-51	4.098397e-51	2.654620e-51	1.649734e-51	1.722364e-51	1.103395e+28	1.374779e-51
4.370000e-06	2.014477e-51	4.155187e-51	2.691404e-51	1.672594e-51	1.746230e-51	1.003473e+28	1.393828e-51
4.390000e-06	2.042262e-51	4.212499e-51	2.728526e-51	1.695664e-51	1.770316e-51	9.162075e+27	1.413053e-51
4.410000e-06	2.070302e-51	4.270335e-51	2.765988e-51	1.718945e-51	1.794622e-51	8.501559e+27	1.432454e-51
4.430000e-06	2.098597e-51	4.328699e-51	2.803792e-51	1.742438e-51	1.819149e-51	7.923372e+27	1.452032e-51
4.450000e-06	2.127149e-51	4.387592e-51	2.841938e-51	1.766145e-51	1.843899e-51	7.389023e+27	1.471787e-51
4.470000e-06	2.155959e-51	4.447017e-51	2.880429e-51	1.790065e-51	1.868873e-51	6.862513e+27	1.491721e-51
4.490000e-06	2.185028e-51	4.506976e-51	2.919265e-51	1.814200e-51	1.894071e-51	6.232829e+27	1.511834e-51
4.510000e-06	2.214356e-51	4.567471e-51	2.958450e-51	1.838552e-51	1.919494e-51	6.016357e+27	1.532127e-51
4.530000e-06	2.243947e-51	4.628506e-51	2.997983e-51	1.863120e-51	1.945144e-51	5.310529e+27	1.552600e-51
4.550000e-06	2.273799e-51	4.690082e-51	3.037867e-51	1.887906e-51	1.971022e-51	5.081293e+27	1.573255e-51
4.570000e-06	2.303915e-51	4.752201e-51	3.078103e-51	1.912911e-51	1.997128e-51	4.551516e+27	1.594093e-51
4.590000e-06	2.334296e-51	4.814867e-51	3.118693e-51	1.938136e-51	2.023463e-51	4.224871e+27	1.615114e-51
4.610000e-06	2.364943e-51	4.878081e-51	3.159638e-51	1.963582e-51	2.050029e-51	4.102476e+27	1.636318e-51
4.630000e-06	2.395857e-51	4.941846e-51	3.200940e-51	1.989249e-51	2.076826e-51	3.624334e+27	1.657708e-51
4.650000e-06	2.427039e-51	5.006164e-51	3.242600e-51	2.015139e-51	2.103856e-51	3.375911e+27	1.679283e-51
4.670000e-06	2.458491e-51	5.071038e-51	3.284620e-51	2.041253e-51	2.131120e-51	3.061478e+27	1.701044e-51
4.690000e-06	2.490213e-51	5.136470e-51	3.327002e-51	2.067592e-51	2.158618e-51	2.811747e+27	1.722993e-51
4.710000e-06	2.522206e-51	5.202462e-51	3.369747e-51	2.094156e-51	2.186351e-51	2.662634e+27	1.745130e-51
4.730000e-06	2.554473e-51	5.269017e-51	3.412856e-51	2.120946e-51	2.214321e-51	2.373323e+27	1.767455e-51
4.750000e-06	2.587014e-51	5.336138e-51	3.456331e-51	2.147964e-51	2.242529e-51	2.198768e+27	1.789970e-51
4.770000e-06	2.619830e-51	5.403826e-51	3.500174e-51	2.175211e-51	2.270975e-51	2.033748e+27	1.812676e-51
4.790000e-06	2.652922e-51	5.472084e-51	3.544387e-51	2.202687e-51	2.299661e-51	1.955781e+27	1.835572e-51
4.810000e-06	2.686291e-51	5.540914e-51	3.588970e-51	2.230393e-51	2.328587e-51	1.717951e+27	1.858661e-51
4.830000e-06	2.719940e-51	5.610320e-51	3.633925e-51	2.258331e-51	2.357755e-51	1.568370e+27	1.881943e-51
4.850000e-06	2.753868e-51	5.680302e-51	3.679254e-51	2.286501e-51	2.387165e-51	1.472144e+27	1.905418e-51
4.870000e-06	2.788077e-51	5.750864e-51	3.724958e-51	2.314905e-51	2.416819e-51	1.316814e+27	1.929087e-51
4.890000e-06	2.822568e-51	5.822008e-51	3.771040e-51	2.343542e-51	2.446717e-51	1.207386e+27	1.952952e-51
4.910000e-06	2.857343e-51	5.893736e-51	3.817500e-51	2.372415e-51	2.476861e-51	1.134089e+27	1.977013e-51
4.930000e-06	2.892402e-51	5.966051e-51	3.864340e-51	2.401524e-51	2.507252e-51	1.016972e+27	2.001270e-51
4.950000e-06	2.927747e-51	6.038955e-51	3.911561e-51	2.430871e-51	2.537890e-51	9.294311e+26	2.025726e-51
4.970000e-06	2.963378e-51	6.112451e-51	3.959166e-51	2.460455e-51	2.568777e-51	8.509730e+26	2.050379e-51
4.990000e-06	2.999297e-51	6.186540e-51	4.007155e-51	2.490278e-51	2.599913e-51	8.165426e+26	2.075232e-51
5.010000e-06	3.035506e-51	6.261226e-51	4.055531e-51	2.520342e-51	2.631300e-51	7.169583e+26	2.100285e-51
5.030000e-06	3.072005e-51	6.336511e-51	4.104294e-51	2.550646e-51	2.662939e-51	6.441794e+26	2.125538e-51
5.050000e-06	3.108795e-51	6.412396e-51	4.153447e-51	2.581192e-51	2.694830e-51	5.932900e+26	2.150994e-51
5.070000e-06	3.145877e-51	6.488885e-51	4.202991e-51	2.611982e-51	2.726975e-51	5.534762e+26	2.176651e-51
5.090000e-06	3.183254e-51	6.565980e-51	4.252927e-51	2.643015e-51	2.759374e-51	4.908179e+26	2.202512e-51
5.110000e-06	3.220925e-51	6.643683e-51	4.303257e-51	2.674293e-51	2.792029e-51	4.483923e+26	2.228577e-51
5.130000e-06	3.258892e-51	6.721997e-51	4.353982e-51	2.705816e-51	2.824940e-51	4.120397e+26	2.254847e-51
5.150000e-06	3.297157e-51	6.800924e-51	4.405105e-51	2.737587e-51	2.858110e-51	3.936039e+26	2.281323e-51
5.170000e-06	3.335720e-51	6.880466e-51	4.456626e-51	2.769605e-51	2.891538e-51	3.398619e+26	2.308004e-51
5.190000e-06	3.374582e-51	6.960626e-51	4.508547e-51	2.801872e-51	2.925225e-51	3.114564e+26	2.334893e-51
5.210000e-06	3.413745e-51	7.041406e-51	4.560870e-51	2.834389e-51	2.959173e-51	2.794563e+26	2.361991e-51
5.230000e-06	3.453210e-51	7.122809e-51	4.613596e-51	2.867156e-51	2.993383e-51	2.533389e+26	2.389297e-51
5.250000e-06	3.492978e-51	7.204836e-51	4.666728e-51	2.900175e-51	3.027855e-51	2.356663e+26	2.416812e-51
5.270000e-06	3.533050e-51	7.287492e-51	4.720265e-51	2.933446e-51	3.062591e-51	2.082965e+26	2.444538e-51
5.290000e-06	3.573427e-51	7.370776e-51	4.774210e-51	2.966971e-51	3.097592e-51	1.975860e+26	2.472476e-51
5.310000e-06	3.614111e-51	7.454693e-51	4.828565e-51	3.000750e-51	3.132858e-51	1.742517e+26	2.500625e-51
5.330000e-06	3.655102e-51	7.539245e-51	4.883331e-51	3.034785e-51	3.168391e-51	1.606561e+26	2.528987e-51
5.350000e-06	3.696402e-51	7.624433e-51	4.938509e-51	3.069076e-51	3.204192e-51	1.364270e+26	2.557563e-51
5.370000e-06	3.738013e-51	7.710261e-51	4.994102e-51	3.103624e-51	3.240262e-51	1.276908e+26	2.586353e-51
5.390000e-06	3.779934e-51	7.796730e-51	5.050110e-51	3.138431e-51	3.276601e-51	1.190273e+26	2.615359e-51
5.410000e-06	3.822167e-51	7.883844e-51	5.106535e-51	3.173497e-51	3.313210e-51	1.039592e+26	2.644581e-51
5.430000e-06	3.864714e-51	7.971604e-51	5.163379e-51	3.208823e-51	3.350092e-51	9.482667e+25	2.674019e-51
5.450000e-06	3.907576e-51	8.060013e-51	5.220644e-51	3.244410e-51	3.387246e-51	8.567360e+25	2.703675e-51
5.470000e-06	3.950753e-51	8.149073e-51	5.278330e-51	3.280260e-51	3.424674e-51	8.116503e+25	2.733550e-51
5.490000e-06	3.994247e-51	8.238787e-51	5.336439e-51	3.316372e-51	3.462376e-51	6.595536e+25	2.763644e-51
5.510000e-06	4.038059e-51	8.329156e-51	5.394974e-51	3.352749e-51	3.500354e-51	6.288664e+25	2.793958e-51
5.530000e-06	4.082191e-51	8.420185e-51	5.453935e-51	3.389391e-51	3.538609e-51	5.872989e+25	2.824492e-51
5.550000e-06	4.126643e-51	8.511874e-51	5.513324e-51	3.426298e-51	3.577142e-51	5.066670e+25	2.855249e-51
5.570000e-06	4.171416e-51	8.604226e-51	5.573142e-51	3.463473e-51	3.615953e-51	4.547735e+25	2.886228e-51
5.590000e-06	4.216512e-51	8.697244e-51	5.633392e-51	3.500916e-51	3.655044e-51	4.205437e+25	2.917430e-51
5.610000e-06	4.261932e-51	8.790930e-51	5.694074e-51	3.538627e-51	3.694416e-51	3.672871e+25	2.948856e-51
5.630000e-06	4.307677e-51	8.885286e-51	5.755191e-51	3.576609e-51	3.734069e-51	3.230048e+25	2.980507e-51
5.650000e-06	4.353748e-51	8.980315e-51	5.816743e-51	3.614861e-51	3.774006e-51	3.020565e+25	3.012384e-51
5.670000e-06	4.400146e-51	9.076019e-51	5.878733e-51	3.653385e-51	3.814226e-51	2.644059e+25	3.044487e-51
5.690000e-06	4.446873e-51	9.172401e-51	5.941161e-51	3.692182e-51	3.854730e-51	2.351844e+25	3.076818e-51
5.710000e-06	4.493929e-51	9.269462e-51	6.004030e-51	3.731252e-51	3.895521e-51	2.126405e+25	3.109377e-51
5.730000e-06	4.541316e-51	9.367206e-51	6.067341e-51	3.770597e-51	3.936598e-51	2.007818e+25	3.142164e-51
5.750000e-06	4.589036e-51	9.465635e-51	6.131095e-51	3.810218e-51	3.977963e-51	1.707715e+25	3.175181e-51
5.770000e-06	4.637088e-51	9.564751e-51	6.195295e-51	3.850115e-51	4.019617e-51	1.443070e+25	3.208429e-51
5.790000e-06	4.685475e-51	9.664556e-51	6.259941e-51	3.890290e-51	4.061560e-51	1.420590e+25	3.241908e-51
5.810000e-06	4.734197e-51	9.765053e-51	6.325035e-51	3.930743e-51	4.103795e-51	1.204386e+25	3.275619e-51
5.830000e-06	4.783255e-51	9.866245e-51	6.390579e-51	3.971476e-51	4.146321e-51	1.103080e+25	3.309563e-51
5.850000e-06	4.832652e-51	9.968133e-51	6.456574e-51	4.012489e-51	4.189139e-51	9.604543e+24	3.343741e-51
5.870000e-06	4.882387e-51	1.007072e-50	6.523022e-51	4.053783e-51	4.232252e-51	8.579060e+24	3.378153e-51
5.890000e-06	4.932462e-51	1.017401e-50	6.589924e-51	4.095360e-51	4.275659e-51	7.694147e+24	3.412800e-51
5.910000e-06	4.982879e-51	1.027800e-50	6.657282e-51	4.137221e-51	4.319362e-51	6.745894e+24	3.447684e-51
5.930000e-06	5.033638e-51	1.038270e-50	6.725098e-51	4.179365e-51	4.363362e-51	6.008546e+24	3.482804e-51
5.950000e-06	5.084741e-51	1.048811e-50	6.793373e-51	4.221795e-51	4.407660e-51	5.334170e+24	3.518163e-51
5.970000e-06	5.136188e-51	1.059423e-50	6.862108e-51	4.264511e-51	4.452257e-51	4.954148e+24	3.553759e-51
5.990000e-06	5.187981e-51	1.070106e-50	6.931305e-51	4.307514e-51	4.497153e-51	4.161490e+24	3.589595e-51
6.010000e-06	5.240121e-51	1.080860e-50	7.000966e-51	4.350805e-51	4.542350e-51	3.787310e+24	3.625671e-51
6.030000e-06	5.292609e-51	1.091687e-50	7.071092e-51	4.394386e-51	4.587849e-51	3.280545e+24	3.661988e-51
6.050000e-06	5.345447e-51	1.102586e-50	7.141685e-51	4.438256e-51	4.633651e-51	2.918403e+24	3.698547e-51
6.070000e-06	5.398635e-51	1.113557e-50	7.212746e-51	4.482418e-51	4.679757e-51	2.652971e+24	3.735348e-51
6.090000e-06	5.452175e-51	1.124600e-50	7.284276e-51	4.526871e-51	4.726167e-51	2.283981e+24	3.772393e-51
6.110000e-06	5.506067e-51	1.135716e-50	7.356279e-51	4.571617e-51	4.772884e-51	2.025455e+24	3.809681e-51
6.130000e-06	5.560314e-51	1.146906e-50	7.428754e-51	4.616658e-51	4.819907e-51	1.781165e+24	3.847215e-51
6.150000e-06	5.614916e-51	1.158168e-50	7.501703e-51	4.661993e-51	4.867238e-51	1.570626e+24	3.884994e-51
6.170000e-06	5.669874e-51	1.169504e-50	7.575129e-51	4.707624e-51	4.914878e-51	1.374761e+24	3.923020e-51
6.190000e-06	5.725189e-51	1.180914e-50	7.649032e-51	4.753551e-51	4.962827e-51	1.217499e+24	3.961293e-51
6.210000e-06	5.780863e-51	1.192397e-50	7.723414e-51	4.799777e-51	5.011088e-51	1.071775e+24	3.999814e-51
6.230000e-06	5.836897e-51	1.203955e-50	7.798277e-51	4.846301e-51	5.059660e-51	9.926676e+23	4.038584e-51
6.250000e-06	5.893292e-51	1.215588e-50	7.873623e-51	4.893125e-51	5.108545e-51	7.892797e+23	4.077604e-51
6.270000e-06	5.950049e-51	1.227295e-50	7.949452e-51	4.940249e-51	5.157745e-51	7.275948e+23	4.116874e-51
6.290000e-06	6.007169e-51	1.239077e-50	8.025766e-51	4.987675e-51	5.207259e-51	6.674434e+23	4.156396e-51
6.310000e-06	6.064653e-51	1.250934e-50	8.102567e-51	5.035404e-51	5.257088e-51	5.543844e+23	4.196170e-51
6.330000e-06	6.122503e-51	1.262866e-50	8.179856e-51	5.083436e-51	5.307235e-51	4.919006e+23	4.236197e-51
6.350000e-06	6.180720e-51	1.274874e-50	8.257636e-51	5.131773e-51	5.357700e-51	4.283248e+23	4.276477e-51
6.370000e-06	6.239305e-51	1.286958e-50	8.335907e-51	5.180415e-51	5.408483e-51	3.721042e+23	4.317012e-51
6.390000e-06	6.298258e-51	1.299119e-50	8.414671e-51	5.229363e-51	5.459587e-51	3.247190e+23	4.357803e-51
6.410000e-06	6.357582e-51	1.311355e-50	8.493929e-51	5.278619e-51	5.511011e-51	2.857057e+23	4.398849e-51
6.430000e-06	6.417277e-51	1.323668e-50	8.573684e-51	5.328183e-51	5.562757e-51	2.547857e+23	4.440153e-51
6.450000e-06	6.477345e-51	1.336058e-50	8.653936e-51	5.378057e-51	5.614827e-51	2.111429e+23	4.481714e-51
6.470000e-06	6.537787e-51	1.348525e-50	8.734688e-51	5.428241e-51	5.667220e-51	1.927893e+23	4.523534e-51
6.490000e-06	6.598603e-51	1.361070e-50	8.815940e-51	5.478736e-51	5.719938e-51	1.638708e+23	4.565613e-51
6.510000e-06	6.659795e-51	1.373691e-50	8.897695e-51	5.529543e-51	5.772982e-51	1.418995e+23	4.607952e-51
6.530000e-06	6.721364e-51	1.386391e-50	8.979953e-51	5.580663e-51	5.826352e-51	1.237837e+23	4.650552e-51
6.550000e-06	6.783312e-51	1.399169e-50	9.062717e-51	5.632097e-51	5.880051e-51	1.081440e+23	4.693414e-51
6.570000e-06	6.845639e-51	1.412025e-50	9.145988e-51	5.683847e-51	5.934079e-51	9.270422e+22	4.736539e-51
6.590000e-06	6.908347e-51	1.424959e-50	9.229768e-51	5.735912e-51	5.988437e-51	8.047840e+22	4.779927e-51
6.610000e-06	6.971437e-51	1.437973e-50	9.314058e-51	5.788295e-51	6.043125e-51	6.969234e+22	4.823579e-51
6.630000e-06	7.034909e-51	1.451065e-50	9.398859e-51	5.840995e-51	6.098146e-51	6.100585e+22	4.867496e-51
6.650000e-06	7.098766e-51	1.464236e-50	9.484173e-51	5.894014e-51	6.153499e-51	5.230394e+22	4.911679e-51
6.670000e-06	7.163007e-51	1.477487e-50	9.570002e-51	5.947353e-51	6.209187e-51	4.510232e+22	4.956128e-51
6.690000e-06	7.227636e-51	1.490818e-50	9.656348e-51	6.001013e-51	6.265209e-51	3.884675e+22	5.000845e-51
6.710000e-06	7.292651e-51	1.504228e-50	9.743211e-51	6.054995e-51	6.321567e-51	3.360085e+22	5.045829e-51
6.730000e-06	7.358056e-51	1.517719e-50	9.830593e-51	6.109300e-51	6.378263e-51	2.997833e+22	5.091083e-51
6.750000e-06	7.423851e-51	1.531290e-50	9.918497e-51	6.163928e-51	6.435296e-51	2.375221e+22	5.136607e-51
6.770000e-06	7.490036e-51	1.544942e-50	1.000692e-50	6.218881e-51	6.492668e-51	2.235025e+22	5.182401e-51
6.790000e-06	7.556614e-51	1.558675e-50	1.009587e-50	6.274160e-51	6.550381e-51	1.823412e+22	5.228466e-51
6.810000e-06	7.623585e-51	1.572489e-50	1.018535e-50	6.329765e-51	6.608434e-51	1.603316e+22	5.274804e-51
6.830000e-06	7.690950e-51	1.586384e-50	1.027535e-50	6.385698e-51	6.666829e-51	1.304342e+22	5.321415e-51
6.850000e-06	7.758712e-51	1.600361e-50	1.036588e-50	6.441959e-51	6.725567e-51	1.159505e+22	5.368299e-51
6.870000e-06	7.826870e-51	1.614420e-50	1.045694e-50	6.498550e-51	6.784650e-51	9.857017e+21	5.415458e-51
6.890000e-06	7.895426e-51	1.628560e-50	1.054854e-50	6.555471e-51	6.844077e-51	8.638761e+21	5.462893e-51
6.910000e-06	7.964381e-51	1.642784e-50	1.064066e-50	6.612724e-51	6.903850e-51	7.190703e+21	5.510603e-51
6.930000e-06	8.033737e-51	1.657089e-50	1.073332e-50	6.670309e-51	6.963970e-51	5.950565e+21	5.558591e-51
6.950000e-06	8.103494e-51	1.671478e-50	1.082652e-50	6.728227e-51	7.024439e-51	5.382503e+21	5.606856e-51
6.970000e-06	8.173654e-51	1.685949e-50	1.092026e-50	6.786480e-51	7.085256e-51	4.431016e+21	5.655400e-51
6.990000e-06	8.244217e-51	1.700504e-50	1.101453e-50	6.845068e-51	7.146423e-51	3.775685e+21	5.704223e-51
7.010000e-06	8.315186e-51	1.715143e-50	1.110935e-50	6.903992e-51	7.207942e-51	3.210124e+21	5.753327e-51
7.030000e-06	8.386560e-51	1.729865e-50	1.120471e-50	6.963254e-51	7.269812e-51	2.725011e+21	5.802711e-51
7.050000e-06	8.458342e-51	1.744671e-50	1.130061e-50	7.022853e-51	7.332036e-51	2.311306e+21	5.852378e-51
7.070000e-06	8.530532e-51	1.759562e-50	1.139706e-50	7.082792e-51	7.394613e-51	1.962320e+21	5.902327e-51
7.090000e-06	8.603132e-51	1.774536e-50	1.149405e-50	7.143071e-51	7.457546e-51	1.661170e+21	5.952559e-51
7.110000e-06	8.676143e-51	1.789596e-50	1.159160e-50	7.203691e-51	7.520834e-51	1.395005e+21	6.003075e-51
7.130000e-06	8.749566e-51	1.804741e-50	1.168969e-50	7.264652e-51	7.584480e-51	1.191600e+21	6.053877e-51
7.150000e-06	8.823401e-51	1.819970e-50	1.178834e-50	7.325957e-51	7.648484e-51	1.005944e+21	6.104964e-51
7.170000e-06	8.897651e-51	1.835286e-50	1.188754e-50	7.387606e-51	7.712846e-51	8.424807e+20	6.156338e-51
7.190000e-06	8.972316e-51	1.850687e-50	1.198730e-50	7.449599e-51	7.777569e-51	7.070111e+20	6.207999e-51
7.210000e-06	9.047398e-51	1.866173e-50	1.208761e-50	7.511939e-51	7.842653e-51	5.958839e+20	6.259949e-51
7.230000e-06	9.122897e-51	1.881746e-50	1.218848e-50	7.574625e-51	7.908099e-51	5.013039e+20	6.312188e-51
7.250000e-06	9.198816e-51	1.897406e-50	1.228991e-50	7.637659e-51	7.973908e-51	4.232553e+20	6.364716e-51
7.270000e-06	9.275154e-51	1.913152e-50	1.239190e-50	7.701042e-51	8.040081e-51	3.528199e+20	6.417535e-51
7.290000e-06	9.351914e-51	1.928985e-50	1.249445e-50	7.764774e-51	8.106620e-51	2.952568e+20	6.470645e-51
7.310000e-06	9.429095e-51	1.944905e-50	1.259757e-50	7.828857e-51	8.173524e-51	2.577799e+20	6.524048e-51
7.330000e-06	9.506701e-51	1.960912e-50	1.270125e-50	7.893292e-51	8.240795e-51	1.956975e+20	6.577743e-51
7.350000e-06	9.584731e-51	1.977007e-50	1.280550e-50	7.958079e-51	8.308435e-51	1.793249e+20	6.631733e-51
7.370000e-06	9.663187e-51	1.993190e-50	1.291032e-50	8.023220e-51	8.376444e-51	1.437685e+20	6.686017e-51
7.390000e-06	9.742069e-51	2.009461e-50	1.301571e-50	8.088715e-51	8.444822e-51	1.133392e+20	6.740596e-51
7.410000e-06	9.821380e-51	2.025820e-50	1.312167e-50	8.154566e-51	8.513572e-51	9.953016e+19	6.795472e-51
7.430000e-06	9.901120e-51	2.042268e-50	1.322821e-50	8.220774e-51	8.582694e-51	8.632831e+19	6.850645e-51
7.450000e-06	9.981291e-51	2.058804e-50	1.333532e-50	8.287338e-51	8.652190e-51	6.847421e+19	6.906115e-51
7.470000e-06	1.006189e-50	2.075430e-50	1.344300e-50	8.354261e-51	8.722059e-51	5.604007e+19	6.961884e-51
7.490000e-06	1.014293e-50	2.092144e-50	1.355127e-50	8.421544e-51	8.792303e-51	4.677349e+19	7.017953e-51
7.510000e-06	1.022440e-50	2.108949e-50	1.366011e-50	8.489186e-51	8.862924e-51	3.875223e+19	7.074322e-51
7.530000e-06	1.030630e-50	2.125843e-50	1.376954e-50	8.557190e-51	8.933922e-51	3.058854e+19	7.130992e-51
7.550000e-06	1.038864e-50	2.142827e-50	1.387955e-50	8.625556e-51	9.005297e-51	2.649340e+19	7.187963e-51
7.570000e-06	1.047142e-50	2.159901e-50	1.399014e-50	8.694285e-51	9.077053e-51	2.271504e+19	7.245238e-51
7.590000e-06	1.055464e-50	2.177066e-50	1.410132e-50	8.763379e-51	9.149188e-51	1.791759e+19	7.302815e-51
7.610000e-06	1.063829e-50	2.194321e-50	1.421309e-50	8.832837e-51	9.221704e-51	1.404386e+19	7.360697e-51
7.630000e-06	1.072239e-50	2.211667e-50	1.432545e-50	8.902661e-51	9.294603e-51	1.261830e+19	7.418885e-51
7.650000e-06	1.080693e-50	2.229105e-50	1.443839e-50	8.972853e-51	9.367884e-51	9.871917e+18	7.477377e-51
7.670000e-06	1.089191e-50	2.246634e-50	1.455193e-50	9.043412e-51	9.441550e-51	7.733925e+18	7.536177e-51
7.690000e-06	1.097734e-50	2.264254e-50	1.466606e-50	9.114341e-51	9.515601e-51	6.905946e+18	7.595284e-51
7.710000e-06	1.106321e-50	2.281967e-50	1.478079e-50	9.185639e-51	9.590038e-51	5.391352e+18	7.654699e-51
7.730000e-06	1.114953e-50	2.299772e-50	1.489612e-50	9.257308e-51	9.664863e-51	4.405790e+18	7.714424e-51
7.750000e-06	1.123629e-50	2.317669e-50	1.501204e-50	9.329349e-51	9.740075e-51	3.554503e+18	7.774458e-51
7.770000e-06	1.132351e-50	2.335658e-50	1.512856e-50	9.401763e-51	9.815677e-51	2.920473e+18	7.834803e-51
7.790000e-06	1.141117e-50	2.353741e-50	1.524568e-50	9.474551e-51	9.891669e-51	2.365349e+18	7.895459e-51
7.810000e-06	1.149929e-50	2.371916e-50	1.536341e-50	9.547713e-51	9.968052e-51	1.918414e+18	7.956427e-51
7.830000e-06	1.158786e-50	2.390185e-50	1.548174e-50	9.621251e-51	1.004483e-50	1.539664e+18	8.017709e-51
7.850000e-06	1.167688e-50	2.408547e-50	1.560068e-50	9.695165e-51	1.012200e-50	1.268358e+18	8.079304e-51
7.870000e-06	1.176636e-50	2.427004e-50	1.572022e-50	9.769457e-51	1.019956e-50	1.012156e+18	8.141214e-51
7.890000e-06	1.185629e-50	2.445554e-50	1.584038e-50	9.844128e-51	1.027752e-50	8.205917e+17	8.203440e-51
7.910000e-06	1.194668e-50	2.464198e-50	1.596114e-50	9.919178e-51	1.035587e-50	6.574281e+17	8.265982e-51
7.930000e-06	1.203753e-50	2.482937e-50	1.608252e-50	9.994609e-51	1.043462e-50	5.294175e+17	8.328841e-51
7.950000e-06	1.212884e-50	2.501771e-50	1.620451e-50	1.007042e-50	1.051377e-50	4.245255e+17	8.392018e-51
7.970000e-06	1.222061e-50	2.520700e-50	1.632712e-50	1.014662e-50	1.059332e-50	3.287285e+17	8.455513e-51
7.990000e-06	1.231284e-50	2.539724e-50	1.645034e-50	1.022319e-50	1.067327e-50	2.882685e+17	8.519328e-51
8.010000e-06	1.240553e-50	2.558844e-50	1.657418e-50	1.030016e-50	1.075362e-50	2.175775e+17	8.583463e-51
8.030000e-06	1.249869e-50	2.578059e-50	1.669864e-50	1.037750e-50	1.083437e-50	1.679601e+17	8.647919e-51
8.050000e-06	1.259231e-50	2.597370e-50	1.682373e-50	1.045524e-50	1.091553e-50	1.408620e+17	8.712698e-51
8.070000e-06	1.268640e-50	2.616778e-50	1.694943e-50	1.053336e-50	1.099709e-50	1.124590e+17	8.777798e-51
8.090000e-06	1.278096e-50	2.636281e-50	1.707576e-50	1.061187e-50	1.107906e-50	8.879808e+16	8.843223e-51
8.110000e-06	1.287598e-50	2.655882e-50	1.720272e-50	1.069077e-50	1.116143e-50	7.304146e+16	8.908971e-51
8.130000e-06	1.297148e-50	2.675579e-50	1.733030e-50	1.077005e-50	1.124421e-50	5.327874e+16	8.975045e-51
8.150000e-06	1.306745e-50	2.695374e-50	1.745852e-50	1.084973e-50	1.132739e-50	4.424156e+16	9.041445e-51
8.170000e-06	1.316388e-50	2.715266e-50	1.758736e-50	1.092981e-50	1.141099e-50	3.654327e+16	9.108171e-51
8.190000e-06	1.326080e-50	2.735256e-50	1.771684e-50	1.101027e-50	1.149500e-50	2.616010e+16	9.175225e-51
8.210000e-06	1.335818e-50	2.755343e-50	1.784695e-50	1.109113e-50	1.157942e-50	2.245207e+16	9.242607e-51
8.230000e-06	1.345604e-50	2.775529e-50	1.797770e-50	1.117238e-50	1.166425e-50	1.633975e+16	9.310318e-51
8.250000e-06	1.355438e-50	2.795813e-50	1.810908e-50	1.125403e-50	1.174949e-50	1.340049e+16	9.378359e-51
8.270000e-06	1.365320e-50	2.816195e-50	1.824110e-50	1.133608e-50	1.183515e-50	1.048952e+16	9.446731e-51
8.290000e-06	1.375249e-50	2.836676e-50	1.837376e-50	1.141852e-50	1.192122e-50	8.238288e+15	9.515434e-51
8.310000e-06	1.385227e-50	2.857257e-50	1.850707e-50	1.150136e-50	1.200771e-50	6.439032e+15	9.584469e-51
8.330000e-06	1.395253e-50	2.877937e-50	1.864101e-50	1.158461e-50	1.209462e-50	4.997836e+15	9.653838e-51
8.350000e-06	1.405327e-50	2.898716e-50	1.877561e-50	1.166825e-50	1.218195e-50	3.902311e+15	9.723540e-51
8.370000e-06	1.415449e-50	2.919595e-50	1.891084e-50	1.175229e-50	1.226969e-50	3.044644e+15	9.793578e-51
8.390000e-06	1.425620e-50	2.940574e-50	1.904673e-50	1.183674e-50	1.235785e-50	2.353368e+15	9.863950e-51
8.410000e-06	1.435839e-50	2.961653e-50	1.918327e-50	1.192159e-50	1.244644e-50	1.824588e+15	9.934659e-51
8.430000e-06	1.446108e-50	2.982833e-50	1.932045e-50	1.200685e-50	1.253545e-50	1.412089e+15	1.000571e-50
8.450000e-06	1.456425e-50	3.004114e-50	1.945829e-50	1.209251e-50	1.262488e-50	1.094511e+15	1.007709e-50
8.470000e-06	1.466791e-50	3.025495e-50	1.959678e-50	1.217858e-50	1.271474e-50	8.388050e+14	1.014881e-50
8.490000e-06	1.477206e-50	3.046978e-50	1.973593e-50	1.226505e-50	1.280502e-50	6.439061e+14	1.022087e-50
8.510000e-06	1.487670e-50	3.068562e-50	1.987574e-50	1.235193e-50	1.289573e-50	4.950510e+14	1.029328e-50
8.530000e-06	1.498183e-50	3.090248e-50	2.001620e-50	1.243923e-50	1.298686e-50	3.793255e+14	1.036602e-50
8.550000e-06	1.508746e-50	3.112036e-50	2.015732e-50	1.252693e-50	1.307843e-50	2.899811e+14	1.043911e-50
8.570000e-06	1.519359e-50	3.133926e-50	2.029911e-50	1.261504e-50	1.317042e-50	2.212870e+14	1.051254e-50
8.590000e-06	1.530021e-50	3.155918e-50	2.044156e-50	1.270357e-50	1.326285e-50	1.692470e+14	1.058631e-50
8.610000e-06	1.540733e-50	3.178013e-50	2.058467e-50	1.279251e-50	1.335570e-50	1.245117e+14	1.066042e-50
8.630000e-06	1.551495e-50	3.200211e-50	2.072845e-50	1.288186e-50	1.344899e-50	9.802586e+13	1.073488e-50
8.650000e-06	1.562306e-50	3.222512e-50	2.087290e-50	1.297163e-50	1.354271e-50	7.421781e+13	1.080969e-50
8.670000e-06	1.573168e-50	3.244916e-50	2.101802e-50	1.306182e-50	1.363686e-50	5.587845e+13	1.088485e-50
8.690000e-06	1.584080e-50	3.267424e-50	2.116381e-50	1.315242e-50	1.373145e-50	4.215493e+13	1.096035e-50
8.710000e-06	1.595043e-50	3.290036e-50	2.131027e-50	1.324344e-50	1.382648e-50	3.168538e+13	1.103620e-50
8.730000e-06	1.606056e-50	3.312752e-50	2.145741e-50	1.333488e-50	1.392195e-50	2.296011e+13	1.111240e-50
8.750000e-06	1.617119e-50	3.335572e-50	2.160522e-50	1.342673e-50	1.401785e-50	1.888428e+13	1.118895e-50
8.770000e-06	1.628233e-50	3.358497e-50	2.175371e-50	1.351901e-50	1.411419e-50	1.287874e+13	1.126585e-50
8.790000e-06	1.639398e-50	3.381527e-50	2.190288e-50	1.361172e-50	1.421097e-50	1.015209e+13	1.134310e-50
8.810000e-06	1.650614e-50	3.404662e-50	2.205273e-50	1.370484e-50	1.430820e-50	7.588542e+12	1.142070e-50
8.830000e-06	1.661881e-50	3.427901e-50	2.220326e-50	1.379839e-50	1.440586e-50	5.632538e+12	1.149866e-50
8.850000e-06	1.673199e-50	3.451247e-50	2.235447e-50	1.389236e-50	1.450397e-50	4.180576e+12	1.157697e-50
8.870000e-06	1.684569e-50	3.474698e-50	2.250637e-50	1.398676e-50	1.460253e-50	3.109730e+12	1.165563e-50
8.890000e-06	1.695990e-50	3.498255e-50	2.265895e-50	1.408158e-50	1.470153e-50	2.287983e+12	1.173465e-50
8.910000e-06	1.707462e-50	3.521919e-50	2.281223e-50	1.417684e-50	1.480097e-50	1.691983e+12	1.181403e-50
8.930000e-06	1.718986e-50	3.545689e-50	2.296619e-50	1.427252e-50	1.490087e-50	1.239240e+12	1.189377e-50
8.950000e-06	1.730561e-50	3.569565e-50	2.312084e-50	1.436863e-50	1.500121e-50	9.132372e+11	1.197386e-50
8.970000e-06	1.742189e-50	3.593549e-50	2.327619e-50	1.446517e-50	1.510200e-50	6.677151e+11	1.205431e-50
8.990000e-06	1.753868e-50	3.617640e-50	2.343223e-50	1.456214e-50	1.520324e-50	4.787387e+11	1.213512e-50
9.010000e-06	1.765600e-50	3.641838e-50	2.358897e-50	1.465955e-50	1.530494e-50	3.584046e+11	1.221629e-50
9.030000e-06	1.777384e-50	3.666144e-50	2.374640e-50	1.475739e-50	1.540708e-50	2.624763e+11	1.229782e-50
9.050000e-06	1.789220e-50	3.690557e-50	2.390453e-50	1.485566e-50	1.550968e-50	1.884572e+11	1.237972e-50
9.070000e-06	1.801108e-50	3.715079e-50	2.406337e-50	1.495437e-50	1.561274e-50	1.326672e+11	1.246197e-50
9.090000e-06	1.813049e-50	3.739709e-50	2.422290e-50	1.505351e-50	1.571625e-50	1.047459e+11	1.254460e-50
9.110000e-06	1.825043e-50	3.764448e-50	2.438314e-50	1.515310e-50	1.582021e-50	6.862691e+10	1.262758e-50
9.130000e-06	1.837089e-50	3.789296e-50	2.454409e-50	1.525312e-50	1.592464e-50	5.225662e+10	1.271093e-50
9.150000e-06	1.849188e-50	3.814253e-50	2.470574e-50	1.535358e-50	1.602952e-50	3.760625e+10	1.279465e-50
9.170000e-06	1.861341e-50	3.839319e-50	2.486810e-50	1.545447e-50	1.613486e-50	2.684856e+10	1.287873e-50
9.190000e-06	1.873546e-50	3.864495e-50	2.503117e-50	1.555582e-50	1.624066e-50	1.912947e+10	1.296318e-50
9.210000e-06	1.885805e-50	3.889781e-50	2.519495e-50	1.565760e-50	1.634693e-50	1.365768e+10	1.304800e-50
9.230000e-06	1.898117e-50	3.915176e-50	2.535944e-50	1.575982e-50	1.645365e-50	9.683356e+09	1.313319e-50
9.250000e-06	1.910483e-50	3.940682e-50	2.552465e-50	1.586249e-50	1.656084e-50	6.889990e+09	1.321874e-50
9.270000e-06	1.922902e-50	3.966299e-50	2.569057e-50	1.596561e-50	1.666850e-50	4.845509e+09	1.330467e-50
9.290000e-06	1.935375e-50	3.992026e-50	2.585721e-50	1.606917e-50	1.677662e-50	3.344918e+09	1.339097e-50
9.310000e-06	1.947901e-50	4.017864e-50	2.602457e-50	1.617318e-50	1.688520e-50	2.418630e+09	1.347765e-50
9.330000e-06	1.960482e-50	4.043814e-50	2.619265e-50	1.627763e-50	1.699426e-50	1.708835e+09	1.356469e-50
9.350000e-06	1.973117e-50	4.069875e-50	2.636145e-50	1.638253e-50	1.710378e-50	1.193692e+09	1.365211e-50
9.370000e-06	1.985805e-50	4.096048e-50	2.653098e-50	1.648789e-50	1.721377e-50	8.310732e+08	1.373991e-50
9.390000e-06	1.998548e-50	4.122332e-50	2.670123e-50	1.659369e-50	1.732423e-50	5.565789e+08	1.382808e-50
9.410000e-06	2.011346e-50	4.148729e-50	2.687221e-50	1.669995e-50	1.743517e-50	4.097256e+08	1.391662e-50
9.430000e-06	2.024198e-50	4.175239e-50	2.704392e-50	1.680666e-50	1.754657e-50	2.821592e+08	1.400555e-50
9.450000e-06	2.037105e-50	4.201861e-50	2.721636e-50	1.691382e-50	1.765845e-50	1.948829e+08	1.409485e-50
9.470000e-06	2.050066e-50	4.228596e-50	2.738952e-50	1.702144e-50	1.777081e-50	1.338403e+08	1.418453e-50
9.490000e-06	2.063082e-50	4.255444e-50	2.756342e-50	1.712951e-50	1.788364e-50	9.194517e+07	1.427459e-50
9.510000e-06	2.076153e-50	4.282405e-50	2.773806e-50	1.723804e-50	1.799694e-50	6.286558e+07	1.436503e-50
9.530000e-06	2.089280e-50	4.309480e-50	2.791343e-50	1.734702e-50	1.811073e-50	4.277916e+07	1.445585e-50
9.550000e-06	2.102461e-50	4.336670e-50	2.808954e-50	1.745647e-50	1.822499e-50	2.923343e+07	1.454706e-50
9.570000e-06	2.115698e-50	4.363973e-50	2.826639e-50	1.756637e-50	1.833973e-50	1.931358e+07	1.463864e-50
9.590000e-06	2.128990e-50	4.391390e-50	2.844398e-50	1.767674e-50	1.845496e-50	1.357125e+07	1.473061e-50
9.610000e-06	2.142338e-50	4.418922e-50	2.862231e-50	1.778756e-50	1.857066e-50	9.090018e+06	1.482297e-50
9.630000e-06	2.155742e-50	4.446569e-50	2.880139e-50	1.789885e-50	1.868685e-50	6.166377e+06	1.491571e-50
9.650000e-06	2.169201e-50	4.474331e-50	2.898121e-50	1.801060e-50	1.880352e-50	3.923250e+06	1.500883e-50
9.670000e-06	2.182716e-50	4.502209e-50	2.916178e-50	1.812282e-50	1.892068e-50	2.794053e+06	1.510235e-50
9.690000e-06	2.196288e-50	4.530202e-50	2.934309e-50	1.823550e-50	1.903832e-50	1.856098e+06	1.519625e-50
9.710000e-06	2.209915e-50	4.558311e-50	2.952516e-50	1.834864e-50	1.915644e-50	1.236606e+06	1.529054e-50
9.730000e-06	2.223599e-50	4.586535e-50	2.970798e-50	1.846226e-50	1.927506e-50	8.165892e+05	1.538521e-50
9.750000e-06	2.237339e-50	4.614876e-50	2.989155e-50	1.857634e-50	1.939416e-50	5.374230e+05	1.548028e-50
9.770000e-06	2.251135e-50	4.643334e-50	3.007587e-50	1.869089e-50	1.951376e-50	3.541696e+05	1.557574e-50
9.790000e-06	2.264988e-50	4.671908e-50	3.026095e-50	1.880591e-50	1.963384e-50	2.255041e+05	1.567159e-50
9.810000e-06	2.278898e-50	4.700599e-50	3.044679e-50	1.892140e-50	1.975442e-50	1.537971e+05	1.576783e-50
9.830000e-06	2.292865e-50	4.729408e-50	3.063339e-50	1.903736e-50	1.987549e-50	9.970656e+04	1.586447e-50
9.850000e-06	2.306888e-50	4.758334e-50	3.082075e-50	1.915380e-50	1.999705e-50	6.438163e+04	1.596150e-50
9.870000e-06	2.320969e-50	4.787378e-50	3.100887e-50	1.927071e-50	2.011911e-50	4.043460e+04	1.605892e-50
9.890000e-06	2.335107e-50	4.816539e-50	3.119776e-50	1.938809e-50	2.024166e-50	2.755160e+04	1.615675e-50
9.910000e-06	2.349302e-50	4.845819e-50	3.138741e-50	1.950595e-50	2.036471e-50	1.764716e+04	1.625496e-50
9.930000e-06	2.363555e-50	4.875217e-50	3.157783e-50	1.962429e-50	2.048825e-50	1.122781e+04	1.635358e-50
9.950000e-06	2.377865e-50	4.904734e-50	3.176902e-50	1.974311e-50	2.061230e-50	7.212158e+03	1.645259e-50
9.970000e-06	2.392232e-50	4.934370e-50	3.196097e-50	1.986240e-50	2.073685e-50	4.436645e+03	1.655200e-50
9.990000e-06	2.406658e-50	4.964125e-50	3.215370e-50	1.998217e-50	2.086189e-50	2.935163e+03	1.665181e-50
1.001000e-05	2.421141e-50	4.993999e-50	3.234721e-50	2.010243e-50	2.098744e-50	1.836667e+03	1.675202e-50
1.003000e-05	2.435683e-50	5.023993e-50	3.254148e-50	2.022316e-50	2.111349e-50	1.150156e+03	1.685263e-50
1.005000e-05	2.450282e-50	5.054107e-50	3.273654e-50	2.034438e-50	2.124004e-50	6.983094e+02	1.695365e-50
1.007000e-05	2.464940e-50	5.084341e-50	3.293237e-50	2.046608e-50	2.136710e-50	4.608648e+02	1.705507e-50
1.009000e-05	2.479656e-50	5.114695e-50	3.312898e-50	2.058826e-50	2.149467e-50	2.864080e+02	1.715689e-50
1.011000e-05	2.494430e-50	5.145169e-50	3.332637e-50	2.071094e-50	2.162274e-50	1.758608e+02	1.725911e-50
1.013000e-05	2.509263e-50	5.175765e-50	3.352454e-50	2.083409e-50	2.175132e-50	1.086174e+02	1.736174e-50
1.015000e-05	2.524155e-50	5.206482e-50	3.372350e-50	2.095774e-50	2.188040e-50	6.520817e+01	1.746478e-50
1.017000e-05	2.539106e-50	5.237320e-50	3.392325e-50	2.108187e-50	2.201000e-50	4.097573e+01	1.756822e-50
1.019000e-05	2.554115e-50	5.268279e-50	3.412378e-50	2.120649e-50	2.214011e-50	2.510342e+01	1.767208e-50
1.021000e-05	2.569184e-50	5.299360e-50	3.432510e-50	2.133160e-50	2.227073e-50	1.463827e+01	1.777633e-50
1.023000e-05	2.584311e-50	5.330563e-50	3.452721e-50	2.145720e-50	2.240186e-50	9.376505e+00	1.788100e-50
1.025000e-05	2.599498e-50	5.361889e-50	3.473011e-50	2.158330e-50	2.253351e-50	5.635310e+00	1.798608e-50
1.027000e-05	2.614744e-50	5.393337e-50	3.493380e-50	2.170989e-50	2.266567e-50	3.379488e+00	1.809157e-50
1.029000e-05	2.630050e-50	5.424908e-50	3.513829e-50	2.183697e-50	2.279835e-50	2.014516e+00	1.819747e-50
1.031000e-05	2.645416e-50	5.456601e-50	3.534358e-50	2.196455e-50	2.293154e-50	1.167866e+00	1.830379e-50
1.033000e-05	2.660841e-50	5.488418e-50	3.554966e-50	2.209262e-50	2.306525e-50	7.153770e-01	1.841052e-50
1.035000e-05	2.676326e-50	5.520358e-50	3.575655e-50	2.222119e-50	2.319948e-50	4.192598e-01	1.851766e-50
1.037000e-05	2.691871e-50	5.552422e-50	3.596423e-50	2.235026e-50	2.333423e-50	2.447474e-01	1.862521e-50
1.039000e-05	2.707476e-50	5.584610e-50	3.617272e-50	2.247982e-50	2.346950e-50	1.387683e-01	1.873319e-50
1.041000e-05	2.723141e-50	5.616922e-50	3.638201e-50	2.260989e-50	2.360529e-50	8.564827e-02	1.884157e-50
1.043000e-05	2.738866e-50	5.649359e-50	3.659211e-50	2.274046e-50	2.374161e-50	4.970750e-02	1.895038e-50
1.045000e-05	2.754652e-50	5.681920e-50	3.680302e-50	2.287152e-50	2.387845e-50	2.830525e-02	1.905960e-50
1.047000e-05	2.770499e-50	5.714606e-50	3.701473e-50	2.300310e-50	2.401581e-50	1.585402e-02	1.916925e-50
1.049000e-05	2.786406e-50	5.747417e-50	3.722725e-50	2.313517e-50	2.415370e-50	9.368998e-03	1.927931e-50
1.051000e-05	2.802374e-50	5.780353e-50	3.744059e-50	2.326775e-50	2.429212e-50	5.304511e-03	1.938979e-50
1.053000e-05	2.818402e-50	5.813415e-50	3.765474e-50	2.340084e-50	2.443106e-50	2.876312e-03	1.950070e-50
1.055000e-05	2.834492e-50	5.846603e-50	3.786970e-50	2.353443e-50	2.457053e-50	1.717270e-03	1.961202e-50
1.057000e-05	2.850643e-50	5.879917e-50	3.808549e-50	2.366853e-50	2.471054e-50	9.607853e-04	1.972377e-50
1.059000e-05	2.866855e-50	5.913357e-50	3.830209e-50	2.380313e-50	2.485107e-50	5.326644e-04	1.983594e-50
1.061000e-05	2.883129e-50	5.946924e-50	3.851950e-50	2.393825e-50	2.499214e-50	2.880526e-04	1.994854e-50
1.063000e-05	2.899464e-50	5.980617e-50	3.873774e-50	2.407388e-50	2.513373e-50	1.641963e-04	2.006156e-50
1.065000e-05	2.915860e-50	6.014438e-50	3.895681e-50	2.421002e-50	2.527587e-50	8.697803e-05	2.017501e-50
1.067000e-05	2.932319e-50	6.048386e-50	3.917670e-50	2.434667e-50	2.541853e-50	5.006049e-05	2.028889e-50
1.069000e-05	2.948839e-50	6.082461e-50	3.939741e-50	2.448383e-50	2.556173e-50	2.723373e-05	2.040319e-50
