# number of size bins = 335
# 0:size [cm], masses (1:Al2O3, 2:Fe, 3:Fe3O4, 4:MgSiO3, 5:Mg2SiO4, 6:AC, 7:SiO2) [g]
1.000000e-08	2.413892e-59	4.979047e-59	3.225036e-59	2.004224e-59	2.092460e-59	1.230387e+04	1.670187e-59
3.000000e-08	6.517509e-58	3.780132e+09	8.707597e-58	5.411405e-58	5.649643e-58	4.294620e+02	4.509504e-58
5.000000e-08	3.017365e-57	6.874412e-16	4.031295e-57	2.505280e-57	2.615575e-57	2.973220e-18	2.087733e-57
7.000000e-08	8.279651e-57	1.707813e-56	3.758242e+25	6.874488e-57	7.177139e-57	6.035205e+04	5.728740e-57
9.000000e-08	2.280395e+26	3.629725e-56	1.815845e+20	1.461079e-56	1.525403e-56	7.559469e+16	1.217566e-56
1.100000e-07	2.145332e+20	6.627111e-56	7.849608e+10	2.667622e-56	2.785065e-56	2.050169e+20	2.223018e-56
1.300000e-07	1.272776e+10	1.093897e-55	2.725479e-02	4.403280e-56	4.597135e-56	2.083736e+22	3.669400e-56
1.500000e-07	3.754039e-06	1.680428e-55	1.545634e-18	6.764256e-56	7.062053e-56	5.684745e+23	5.636880e-56
1.700000e-07	6.063209e-26	2.446206e-55	3.982383e-38	9.846752e-56	1.028026e-55	5.591996e+24	8.205627e-56
1.900000e-07	1.655689e-55	3.415128e-55	2.212052e-55	1.374697e-55	1.435218e-55	3.636951e+25	4.091044e+28
2.100000e-07	2.235506e-55	4.611095e-55	2.986706e-55	1.856112e-55	1.937827e-55	1.582042e+26	1.521605e+26
2.300000e-07	2.936983e-55	6.058006e-55	3.923901e-55	2.438539e-55	2.545896e-55	5.659391e+26	4.008815e+22
2.500000e-07	3.771707e-55	7.779761e-55	5.039118e-55	3.131600e-55	3.269469e-55	1.502855e+27	3.310476e+16
2.700000e-07	4.751264e-55	9.800258e-55	6.347838e-55	3.944914e-55	4.118589e-55	3.761121e+27	5.644787e+07
2.900000e-07	5.887242e-55	1.214340e-54	7.865540e-55	4.888102e-55	5.103301e-55	7.478408e+27	3.712416e-05
3.100000e-07	7.191227e-55	1.483308e-54	9.607704e-55	5.970784e-55	6.233648e-55	1.626195e+28	1.154444e-21
3.300000e-07	8.674805e-55	1.789320e-54	1.158981e-54	2.502939e+30	7.519674e-55	2.876462e+28	9.269016e-43
3.500000e-07	1.034956e-54	2.134766e-54	1.382734e-54	1.942390e+29	8.971423e-55	4.560834e+28	7.160925e-55
3.700000e-07	1.222709e-54	2.522037e-54	1.633577e-54	2.601179e+26	1.059894e-54	7.221645e+28	8.459996e-55
3.900000e-07	1.431897e-54	2.953521e-54	1.913059e-54	7.796131e+21	1.241226e-54	1.109850e+29	9.907380e-55
4.100000e-07	1.663679e-54	3.431609e-54	2.222727e-54	4.513326e+14	1.442145e-54	1.834282e+29	1.151109e-54
4.300000e-07	1.919213e-54	3.958691e-54	2.564129e-54	4.485619e+05	1.663652e-54	2.380049e+29	1.327915e-54
4.500000e-07	2.199659e-54	4.537156e-54	2.938814e-54	2.734089e-08	1.906754e-54	3.205716e+29	1.521958e-54
4.700000e-07	2.506175e-54	5.169396e-54	3.348329e-54	5.916961e-24	4.238207e+29	4.255369e+29	1.734038e-54
4.900000e-07	2.839920e-54	5.857799e-54	3.794222e-54	1.678015e-42	1.299208e+29	5.568822e+29	1.964958e-54
5.100000e-07	3.202052e-54	6.604755e-54	4.278042e-54	2.658623e-54	1.588337e+26	6.901578e+29	2.215519e-54
5.300000e-07	3.593731e-54	7.412656e-54	4.801337e-54	2.983828e-54	4.393230e+21	8.430164e+29	2.486524e-54
5.500000e-07	4.016113e-54	8.283889e-54	5.365653e-54	3.334528e-54	2.521149e+15	1.054155e+30	2.778773e-54
5.700000e-07	4.470360e-54	9.220846e-54	5.972541e-54	3.711682e-54	2.627919e+06	1.210383e+30	3.093069e-54
5.900000e-07	4.957628e-54	1.022592e-53	6.623546e-54	4.116255e-54	2.652849e-07	1.480494e+30	3.430213e-54
6.100000e-07	5.479077e-54	1.130149e-53	7.320219e-54	4.549208e-54	9.389004e-22	1.681534e+30	3.791006e-54
6.300000e-07	6.035865e-54	1.244996e-53	8.064105e-54	5.011502e-54	2.056059e-40	1.877337e+30	4.176252e-54
6.500000e-07	6.629152e-54	1.367371e-53	8.856755e-54	5.504100e-54	5.746419e-54	2.211053e+30	4.586750e-54
6.700000e-07	7.260095e-54	1.497513e-53	9.699714e-54	6.027964e-54	6.293346e-54	2.369144e+30	5.023303e-54
6.900000e-07	7.929854e-54	1.635662e-53	1.059453e-53	6.584056e-54	6.873920e-54	2.674270e+30	5.486713e-54
7.100000e-07	8.639586e-54	1.782056e-53	1.154276e-53	7.173338e-54	7.489145e-54	2.922203e+30	5.977782e-54
7.300000e-07	9.390452e-54	1.936934e-53	1.254594e-53	7.796772e-54	8.140026e-54	3.240400e+30	6.497310e-54
7.500000e-07	1.018361e-53	2.100535e-53	1.360562e-53	8.455320e-54	8.827567e-54	3.468795e+30	7.046100e-54
7.700000e-07	1.102022e-53	2.273099e-53	1.472335e-53	9.149944e-54	9.552771e-54	3.583831e+30	7.624953e-54
7.900000e-07	1.190143e-53	2.454864e-53	1.590068e-53	9.881606e-54	1.031664e-53	4.046517e+30	8.234671e-54
8.100000e-07	1.282841e-53	2.646070e-53	1.713916e-53	1.065127e-53	1.112019e-53	4.059923e+30	8.876056e-54
8.300000e-07	1.380232e-53	2.846954e-53	1.844034e-53	1.145989e-53	1.196442e-53	4.308618e+30	9.549910e-54
8.500000e-07	1.482432e-53	3.057757e-53	1.980575e-53	1.230844e-53	1.285032e-53	4.685825e+30	1.025703e-53
8.700000e-07	1.589555e-53	3.278717e-53	2.123696e-53	1.319787e-53	1.377891e-53	4.678616e+30	1.099823e-53
8.900000e-07	1.701719e-53	3.510074e-53	2.273550e-53	1.412916e-53	1.475120e-53	4.877081e+30	1.177430e-53
9.100000e-07	1.819039e-53	3.752065e-53	2.430293e-53	1.510325e-53	1.576817e-53	5.007983e+30	1.258604e-53
9.300000e-07	1.941631e-53	4.004931e-53	2.594080e-53	1.612112e-53	1.683085e-53	4.942594e+30	1.343426e-53
9.500000e-07	2.069611e-53	4.268910e-53	2.765065e-53	1.718372e-53	1.794023e-53	5.311150e+30	1.431976e-53
9.700000e-07	2.203094e-53	4.544242e-53	2.943403e-53	1.829201e-53	1.909732e-53	5.367159e+30	1.524334e-53
9.900000e-07	2.342197e-53	4.831164e-53	3.129249e-53	1.944696e-53	2.030312e-53	5.228851e+30	1.620580e-53
1.010000e-06	2.487036e-53	5.129917e-53	3.322758e-53	2.064954e-53	2.155864e-53	5.524733e+30	1.720795e-53
1.030000e-06	2.637725e-53	5.440739e-53	3.524084e-53	2.190070e-53	2.286488e-53	5.603095e+30	1.825058e-53
1.050000e-06	2.794382e-53	5.763869e-53	3.733382e-53	2.320140e-53	2.422284e-53	5.394535e+30	1.933450e-53
1.070000e-06	2.957122e-53	6.099547e-53	3.950808e-53	2.455261e-53	2.563354e-53	5.611837e+30	2.046050e-53
1.090000e-06	3.126061e-53	6.448010e-53	4.176515e-53	2.595528e-53	2.709797e-53	5.401271e+30	2.162940e-53
1.110000e-06	3.301314e-53	6.809499e-53	4.410659e-53	2.741039e-53	2.861713e-53	5.621618e+30	2.284199e-53
1.130000e-06	3.482998e-53	7.184252e-53	4.653395e-53	2.891889e-53	3.019205e-53	4.975971e+30	2.409907e-53
1.150000e-06	3.671229e-53	7.572508e-53	4.904876e-53	3.048174e-53	3.182370e-53	5.000633e+30	2.540145e-53
1.170000e-06	3.866121e-53	7.974506e-53	5.165259e-53	3.209991e-53	3.351311e-53	5.166574e+30	2.674993e-53
1.190000e-06	4.067792e-53	8.390486e-53	5.434698e-53	3.377436e-53	3.526128e-53	4.792014e+30	2.814530e-53
1.210000e-06	4.276358e-53	8.820685e-53	5.713348e-53	3.550605e-53	3.706921e-53	4.755036e+30	2.958837e-53
1.230000e-06	4.491933e-53	9.265344e-53	6.001363e-53	3.729594e-53	3.893790e-53	4.886248e+30	3.107995e-53
1.250000e-06	4.714634e-53	9.724701e-53	6.298898e-53	3.914500e-53	4.086836e-53	4.507043e+30	3.262083e-53
1.270000e-06	4.944576e-53	1.019900e-52	6.606109e-53	4.105418e-53	4.286160e-53	4.450203e+30	3.421182e-53
1.290000e-06	5.181876e-53	1.068847e-52	6.923149e-53	4.302445e-53	4.491861e-53	4.551741e+30	3.585371e-53
1.310000e-06	5.426650e-53	1.119335e-52	7.250174e-53	4.505678e-53	4.704041e-53	4.180680e+30	3.754732e-53
1.330000e-06	5.679012e-53	1.171389e-52	7.587339e-53	4.715211e-53	4.922799e-53	4.108205e+30	3.929343e-53
1.350000e-06	5.939080e-53	1.225032e-52	7.934797e-53	4.931142e-53	5.148237e-53	3.996369e+30	4.109285e-53
1.370000e-06	6.206969e-53	1.280289e-52	8.292706e-53	5.153567e-53	5.380454e-53	4.035353e+30	4.294639e-53
1.390000e-06	6.482795e-53	1.337182e-52	8.661217e-53	5.382582e-53	5.619551e-53	3.753759e+30	4.485485e-53
1.410000e-06	6.766674e-53	1.395737e-52	9.040488e-53	5.618283e-53	5.865628e-53	3.639844e+30	4.681902e-53
1.430000e-06	7.058721e-53	1.455976e-52	9.430672e-53	5.860766e-53	6.118787e-53	3.299103e+30	4.883971e-53
1.450000e-06	7.359053e-53	1.517925e-52	9.831925e-53	6.110127e-53	6.379127e-53	3.219620e+30	5.091773e-53
1.470000e-06	7.667785e-53	1.581606e-52	1.024440e-52	6.366463e-53	6.646748e-53	3.058129e+30	5.305386e-53
1.490000e-06	7.985033e-53	1.647043e-52	1.066825e-52	6.629871e-53	6.921752e-53	3.097854e+30	5.524892e-53
1.510000e-06	8.310913e-53	1.714261e-52	1.110364e-52	6.900445e-53	7.204238e-53	2.823984e+30	5.750371e-53
1.530000e-06	8.645541e-53	1.783284e-52	1.155071e-52	7.178282e-53	7.494307e-53	2.676813e+30	5.981902e-53
1.550000e-06	8.989033e-53	1.854135e-52	1.200963e-52	7.463479e-53	7.792060e-53	2.582551e+30	6.219566e-53
1.570000e-06	9.341505e-53	1.926838e-52	1.248054e-52	7.756132e-53	8.097597e-53	2.469845e+30	6.463443e-53
1.590000e-06	9.703072e-53	2.001417e-52	1.296361e-52	8.056337e-53	8.411018e-53	2.451244e+30	6.713614e-53
1.610000e-06	1.007385e-52	2.077896e-52	1.345898e-52	8.364190e-53	8.732424e-53	2.241840e+30	6.970158e-53
1.630000e-06	1.045396e-52	2.156299e-52	1.396681e-52	8.679787e-53	9.061916e-53	2.141104e+30	7.233156e-53
1.650000e-06	1.084351e-52	2.236650e-52	1.448726e-52	9.003224e-53	9.399593e-53	2.044245e+30	7.502687e-53
1.670000e-06	1.124261e-52	2.318973e-52	1.502048e-52	9.334599e-53	9.745556e-53	1.929250e+30	7.778832e-53
1.690000e-06	1.165140e-52	2.403291e-52	1.556663e-52	9.674006e-53	1.009991e-52	1.710525e+30	8.061672e-53
1.710000e-06	1.206997e-52	2.489629e-52	1.612586e-52	1.002154e-52	1.046274e-52	1.673356e+30	8.351285e-53
1.730000e-06	1.249845e-52	2.578010e-52	1.669832e-52	1.037730e-52	1.083417e-52	1.579079e+30	8.647754e-53
1.750000e-06	1.293695e-52	2.668458e-52	1.728418e-52	1.074139e-52	1.121428e-52	1.489383e+30	8.951156e-53
1.770000e-06	1.338560e-52	2.760998e-52	1.788358e-52	1.111389e-52	1.160318e-52	1.390924e+30	9.261574e-53
1.790000e-06	1.384449e-52	2.855652e-52	1.849667e-52	1.149490e-52	1.200097e-52	1.324560e+30	9.579086e-53
1.810000e-06	1.431376e-52	2.952446e-52	1.912363e-52	1.188453e-52	1.240775e-52	1.247856e+30	9.903774e-53
1.830000e-06	1.479351e-52	3.051402e-52	1.976459e-52	1.228286e-52	1.282362e-52	1.220229e+30	1.023572e-52
1.850000e-06	1.528386e-52	3.152546e-52	2.041972e-52	1.268999e-52	1.324867e-52	1.049568e+30	1.057500e-52
1.870000e-06	1.578493e-52	3.255900e-52	2.108916e-52	1.310603e-52	1.368302e-52	1.041978e+30	1.092169e-52
1.890000e-06	1.629684e-52	3.361488e-52	2.177308e-52	1.353105e-52	1.412676e-52	9.804567e+29	1.127588e-52
1.910000e-06	1.681969e-52	3.469336e-52	2.247163e-52	1.396517e-52	1.457999e-52	9.066576e+29	1.163764e-52
1.930000e-06	1.735361e-52	3.579465e-52	2.318497e-52	1.440848e-52	1.504282e-52	8.156364e+29	1.200707e-52
1.950000e-06	1.789871e-52	3.691901e-52	2.391324e-52	1.486107e-52	1.551533e-52	7.683892e+29	1.238422e-52
1.970000e-06	1.845511e-52	3.806667e-52	2.465660e-52	1.532304e-52	1.599764e-52	7.160083e+29	1.276920e-52
1.990000e-06	1.902292e-52	3.923787e-52	2.541521e-52	1.579449e-52	1.648984e-52	6.673679e+29	1.316207e-52
2.010000e-06	1.960226e-52	4.043285e-52	2.618923e-52	1.627550e-52	1.699203e-52	6.158693e+29	1.356292e-52
2.030000e-06	2.019324e-52	4.165185e-52	2.697880e-52	1.676619e-52	1.750432e-52	5.794019e+29	1.397182e-52
2.050000e-06	2.079598e-52	4.289511e-52	2.778409e-52	1.726664e-52	1.802681e-52	5.395571e+29	1.438887e-52
2.070000e-06	2.141060e-52	4.416287e-52	2.860524e-52	1.777695e-52	1.855958e-52	5.020799e+29	1.481413e-52
2.090000e-06	2.203722e-52	4.545536e-52	2.944241e-52	1.829722e-52	1.910276e-52	4.630992e+29	1.524768e-52
2.110000e-06	2.267594e-52	4.677282e-52	3.029576e-52	1.882754e-52	1.965643e-52	4.106964e+29	1.568962e-52
2.130000e-06	2.332688e-52	4.811550e-52	3.116545e-52	1.936801e-52	2.022069e-52	3.886382e+29	1.614001e-52
2.150000e-06	2.399017e-52	4.948364e-52	3.205162e-52	1.991873e-52	2.079565e-52	3.585788e+29	1.659894e-52
2.170000e-06	2.466591e-52	5.087746e-52	3.295443e-52	2.047979e-52	2.138141e-52	3.306614e+29	1.706649e-52
2.190000e-06	2.535422e-52	5.229721e-52	3.387403e-52	2.105128e-52	2.197807e-52	3.022140e+29	1.754274e-52
2.210000e-06	2.605522e-52	5.374314e-52	3.481059e-52	2.163331e-52	2.258572e-52	2.813946e+29	1.802776e-52
2.230000e-06	2.676902e-52	5.521547e-52	3.576425e-52	2.222598e-52	2.320448e-52	2.594064e+29	1.852165e-52
2.250000e-06	2.749574e-52	5.671446e-52	3.673517e-52	2.282936e-52	2.383443e-52	2.390174e+29	1.902447e-52
2.270000e-06	2.823550e-52	5.824032e-52	3.772351e-52	2.344357e-52	2.447568e-52	2.182970e+29	1.953631e-52
2.290000e-06	2.898841e-52	5.979332e-52	3.872942e-52	2.406870e-52	2.512833e-52	2.028166e+29	2.005725e-52
2.310000e-06	2.975458e-52	6.137368e-52	3.975305e-52	2.470485e-52	2.579248e-52	1.796738e+29	2.058737e-52
2.330000e-06	3.053414e-52	6.298164e-52	4.079456e-52	2.535210e-52	2.646823e-52	1.640668e+29	2.112675e-52
2.350000e-06	3.132719e-52	6.461745e-52	4.185411e-52	2.601057e-52	2.715569e-52	1.486197e+29	2.167547e-52
2.370000e-06	3.213386e-52	6.628134e-52	4.293185e-52	2.668034e-52	2.785494e-52	1.370342e+29	2.223361e-52
2.390000e-06	3.295426e-52	6.797354e-52	4.402793e-52	2.736150e-52	2.856610e-52	1.252110e+29	2.280125e-52
2.410000e-06	3.378851e-52	6.969431e-52	4.514251e-52	2.805417e-52	2.928926e-52	1.088662e+29	2.337847e-52
2.430000e-06	3.463672e-52	7.144388e-52	4.627574e-52	2.875842e-52	3.002452e-52	1.089018e+29	2.396535e-52
2.450000e-06	3.549900e-52	7.322249e-52	4.742778e-52	2.947437e-52	3.077198e-52	9.532591e+28	2.456197e-52
2.470000e-06	3.637548e-52	7.503037e-52	4.859878e-52	3.020210e-52	3.153175e-52	8.118049e+28	2.516841e-52
2.490000e-06	3.726627e-52	7.686777e-52	4.978891e-52	3.094171e-52	3.230392e-52	7.655001e+28	2.578476e-52
2.510000e-06	3.817149e-52	7.873492e-52	5.099830e-52	3.169330e-52	3.308860e-52	6.931393e+28	2.641108e-52
2.530000e-06	3.909124e-52	8.063206e-52	5.222712e-52	3.245696e-52	3.388588e-52	6.215692e+28	2.704746e-52
2.550000e-06	4.002565e-52	8.255944e-52	5.347553e-52	3.323279e-52	3.469587e-52	5.679013e+28	2.769399e-52
2.570000e-06	4.097484e-52	8.451729e-52	5.474367e-52	3.402089e-52	3.551866e-52	5.140285e+28	2.835074e-52
2.590000e-06	4.193892e-52	8.650586e-52	5.603170e-52	3.482134e-52	3.635436e-52	4.648829e+28	2.901779e-52
2.610000e-06	4.291799e-52	8.852537e-52	5.733979e-52	3.563426e-52	3.720307e-52	4.169621e+28	2.969522e-52
2.630000e-06	4.391219e-52	9.057607e-52	5.866807e-52	3.645973e-52	3.806488e-52	3.532999e+28	3.038311e-52
2.650000e-06	4.492163e-52	9.265820e-52	6.001671e-52	3.729786e-52	3.893990e-52	3.327477e+28	3.108155e-52
2.670000e-06	4.594642e-52	9.477199e-52	6.138586e-52	3.814873e-52	3.982823e-52	2.983438e+28	3.179060e-52
2.690000e-06	4.698668e-52	9.691769e-52	6.277567e-52	3.901244e-52	4.072997e-52	2.677038e+28	3.251036e-52
2.710000e-06	4.804252e-52	9.909554e-52	6.418631e-52	3.988909e-52	4.164521e-52	2.379985e+28	3.324091e-52
2.730000e-06	4.911406e-52	1.013058e-51	6.561792e-52	4.077878e-52	4.257407e-52	2.154040e+28	3.398231e-52
2.750000e-06	5.020142e-52	1.035486e-51	6.707067e-52	4.168159e-52	4.351663e-52	1.933618e+28	3.473466e-52
2.770000e-06	5.130471e-52	1.058243e-51	6.854470e-52	4.259764e-52	4.447301e-52	1.624393e+28	3.549803e-52
2.790000e-06	5.242404e-52	1.081331e-51	7.004016e-52	4.352701e-52	4.544330e-52	1.508562e+28	3.627251e-52
2.810000e-06	5.355954e-52	1.104753e-51	7.155723e-52	4.446980e-52	4.642759e-52	1.329361e+28	3.705817e-52
2.830000e-06	5.471132e-52	1.128510e-51	7.309604e-52	4.542611e-52	4.742600e-52	1.193113e+28	3.785509e-52
2.850000e-06	5.587950e-52	1.152606e-51	7.465676e-52	4.639603e-52	4.843862e-52	1.061992e+28	3.866336e-52
2.870000e-06	5.706418e-52	1.177042e-51	7.623953e-52	4.737966e-52	4.946556e-52	9.432382e+27	3.948305e-52
2.890000e-06	5.826549e-52	1.201821e-51	7.784452e-52	4.837709e-52	5.050690e-52	8.321734e+27	4.031424e-52
2.910000e-06	5.948355e-52	1.226945e-51	7.947188e-52	4.938843e-52	5.156276e-52	6.950956e+27	4.115702e-52
2.930000e-06	6.071846e-52	1.252417e-51	8.112177e-52	5.041376e-52	5.263324e-52	6.441693e+27	4.201147e-52
2.950000e-06	6.197035e-52	1.278240e-51	8.279433e-52	5.145319e-52	5.371842e-52	5.684833e+27	4.287766e-52
2.970000e-06	6.323933e-52	1.304414e-51	8.448972e-52	5.250681e-52	5.481843e-52	5.007526e+27	4.375567e-52
2.990000e-06	6.452551e-52	1.330944e-51	8.620811e-52	5.357471e-52	5.593334e-52	4.383082e+27	4.464559e-52
3.010000e-06	6.582902e-52	1.357831e-51	8.794963e-52	5.465699e-52	5.706328e-52	3.901559e+27	4.554749e-52
3.030000e-06	6.714996e-52	1.385078e-51	8.971446e-52	5.575376e-52	5.820832e-52	3.231468e+27	4.646146e-52
3.050000e-06	6.848846e-52	1.412686e-51	9.150273e-52	5.686509e-52	5.936859e-52	2.957092e+27	4.738758e-52
3.070000e-06	6.984463e-52	1.440659e-51	9.331462e-52	5.799110e-52	6.054417e-52	2.583029e+27	4.832592e-52
3.090000e-06	7.121858e-52	1.469000e-51	9.515026e-52	5.913188e-52	6.173517e-52	2.242681e+27	4.927657e-52
3.110000e-06	7.261044e-52	1.497709e-51	9.700982e-52	6.028752e-52	6.294169e-52	1.979768e+27	5.023960e-52
3.130000e-06	7.402031e-52	1.526790e-51	9.889346e-52	6.145812e-52	6.416382e-52	1.729313e+27	5.121510e-52
3.150000e-06	7.544832e-52	1.556245e-51	1.008013e-51	6.264377e-52	6.540167e-52	1.419504e+27	5.220314e-52
3.170000e-06	7.689457e-52	1.586076e-51	1.027336e-51	6.384458e-52	6.665535e-52	1.290179e+27	5.320382e-52
3.190000e-06	7.835919e-52	1.616286e-51	1.046903e-51	6.506063e-52	6.792494e-52	1.111508e+27	5.421720e-52
3.210000e-06	7.984229e-52	1.646878e-51	1.066718e-51	6.629203e-52	6.921055e-52	9.732620e+26	5.524336e-52
3.230000e-06	8.134399e-52	1.677853e-51	1.086781e-51	6.753887e-52	7.051228e-52	8.430330e+26	5.628239e-52
3.250000e-06	8.286440e-52	1.709213e-51	1.107094e-51	6.880125e-52	7.183024e-52	6.967646e+26	5.733437e-52
3.270000e-06	8.440364e-52	1.740963e-51	1.127659e-51	7.007926e-52	7.316451e-52	6.227489e+26	5.839938e-52
3.290000e-06	8.596182e-52	1.773103e-51	1.148477e-51	7.137300e-52	7.451521e-52	5.320862e+26	5.947750e-52
3.310000e-06	8.753906e-52	1.805636e-51	1.169549e-51	7.268256e-52	7.588242e-52	4.622289e+26	6.056880e-52
3.330000e-06	8.913548e-52	1.838565e-51	1.190878e-51	7.400805e-52	7.726626e-52	3.971665e+26	6.167337e-52
3.350000e-06	9.075119e-52	1.871891e-51	1.212464e-51	7.534955e-52	7.866683e-52	3.423070e+26	6.279129e-52
3.370000e-06	9.238631e-52	1.905618e-51	1.234310e-51	7.670717e-52	8.008421e-52	2.742417e+26	6.392264e-52
3.390000e-06	9.404095e-52	1.939748e-51	1.256417e-51	7.808100e-52	8.151852e-52	2.455488e+26	6.506750e-52
3.410000e-06	9.571523e-52	1.974283e-51	1.278785e-51	7.947113e-52	8.296986e-52	2.115704e+26	6.622594e-52
3.430000e-06	9.740926e-52	2.009225e-51	1.301418e-51	8.087767e-52	8.443832e-52	1.804433e+26	6.739805e-52
3.450000e-06	9.912317e-52	2.044577e-51	1.324317e-51	8.230070e-52	8.592400e-52	1.470989e+26	6.858392e-52
3.470000e-06	1.008571e-51	2.080342e-51	1.347482e-51	8.374033e-52	8.742701e-52	1.295384e+26	6.978361e-52
3.490000e-06	1.026111e-51	2.116521e-51	1.370916e-51	8.519665e-52	8.894745e-52	1.089838e+26	7.099721e-52
3.510000e-06	1.043853e-51	2.153117e-51	1.394620e-51	8.666976e-52	9.048541e-52	9.315360e+25	7.222480e-52
3.530000e-06	1.061798e-51	2.190132e-51	1.418596e-51	8.815975e-52	9.204100e-52	7.879584e+25	7.346646e-52
3.550000e-06	1.079948e-51	2.227570e-51	1.442845e-51	8.966672e-52	9.361432e-52	6.337834e+25	7.472227e-52
3.570000e-06	1.098304e-51	2.265431e-51	1.467368e-51	9.119077e-52	9.520546e-52	5.563137e+25	7.599231e-52
3.590000e-06	1.116866e-51	2.303719e-51	1.492169e-51	9.273199e-52	9.681453e-52	4.641255e+25	7.727666e-52
3.610000e-06	1.135637e-51	2.342436e-51	1.517247e-51	9.429048e-52	9.844163e-52	3.937270e+25	7.857540e-52
3.630000e-06	1.154617e-51	2.381585e-51	1.542604e-51	9.586633e-52	1.000869e-51	3.155847e+25	7.988861e-52
3.650000e-06	1.173806e-51	2.421167e-51	1.568242e-51	9.745965e-52	1.017503e-51	2.751111e+25	8.121637e-52
3.670000e-06	1.193208e-51	2.461186e-51	1.594163e-51	9.907052e-52	1.034321e-51	2.290675e+25	8.255877e-52
3.690000e-06	1.212822e-51	2.501643e-51	1.620368e-51	1.006990e-51	1.051323e-51	1.895213e+25	8.391587e-52
3.710000e-06	1.232650e-51	2.542541e-51	1.646858e-51	1.023453e-51	1.068511e-51	1.593202e+25	8.528776e-52
3.730000e-06	1.252692e-51	2.583882e-51	1.673636e-51	1.040094e-51	1.085885e-51	1.252367e+25	8.667453e-52
3.750000e-06	1.272951e-51	2.625669e-51	1.700702e-51	1.056915e-51	1.103446e-51	1.089702e+25	8.807625e-52
3.770000e-06	1.293427e-51	2.667904e-51	1.728059e-51	1.073916e-51	1.121195e-51	9.022518e+24	8.949300e-52
3.790000e-06	1.314122e-51	2.710590e-51	1.755708e-51	1.091098e-51	1.139134e-51	7.404692e+24	9.092486e-52
3.810000e-06	1.335036e-51	2.753729e-51	1.783649e-51	1.108463e-51	1.157263e-51	5.824742e+24	9.237191e-52
3.830000e-06	1.356170e-51	2.797322e-51	1.811886e-51	1.126011e-51	1.175584e-51	5.037146e+24	9.383424e-52
3.850000e-06	1.377527e-51	2.841374e-51	1.840419e-51	1.143743e-51	1.194096e-51	4.135825e+24	9.531191e-52
3.870000e-06	1.399107e-51	2.885886e-51	1.869250e-51	1.161660e-51	1.212803e-51	3.241051e+24	9.680502e-52
3.890000e-06	1.420910e-51	2.930860e-51	1.898381e-51	1.179764e-51	1.231703e-51	2.770368e+24	9.831365e-52
3.910000e-06	1.442940e-51	2.976299e-51	1.927813e-51	1.198054e-51	1.250799e-51	2.235805e+24	9.983786e-52
3.930000e-06	1.465195e-51	3.022205e-51	1.957547e-51	1.216533e-51	1.270091e-51	1.755274e+24	1.013778e-51
3.950000e-06	1.487679e-51	3.068580e-51	1.987586e-51	1.235201e-51	1.289581e-51	1.508475e+24	1.029334e-51
3.970000e-06	1.510391e-51	3.115428e-51	2.017930e-51	1.254058e-51	1.309269e-51	1.208359e+24	1.045049e-51
3.990000e-06	1.533333e-51	3.162750e-51	2.048581e-51	1.273107e-51	1.329156e-51	9.326053e+23	1.060923e-51
4.010000e-06	1.556507e-51	3.210549e-51	2.079542e-51	1.292348e-51	1.349243e-51	7.984544e+23	1.076956e-51
4.030000e-06	1.579913e-51	3.258827e-51	2.110813e-51	1.311781e-51	1.369533e-51	6.334431e+23	1.093151e-51
4.050000e-06	1.603552e-51	3.307587e-51	2.142395e-51	1.331408e-51	1.390024e-51	5.101245e+23	1.109507e-51
4.070000e-06	1.627426e-51	3.356831e-51	2.174292e-51	1.351231e-51	1.410719e-51	3.914959e+23	1.126026e-51
4.090000e-06	1.651535e-51	3.406561e-51	2.206503e-51	1.371249e-51	1.431618e-51	3.302469e+23	1.142707e-51
4.110000e-06	1.675882e-51	3.456780e-51	2.239030e-51	1.391463e-51	1.452723e-51	2.614276e+23	1.159553e-51
4.130000e-06	1.700466e-51	3.507489e-51	2.271876e-51	1.411875e-51	1.474034e-51	2.064489e+23	1.176563e-51
4.150000e-06	1.725290e-51	3.558693e-51	2.305042e-51	1.432486e-51	1.495552e-51	1.581965e+23	1.193739e-51
4.170000e-06	1.750355e-51	3.610392e-51	2.338529e-51	1.453297e-51	1.517279e-51	1.313179e+23	1.211081e-51
4.190000e-06	1.775661e-51	3.662590e-51	2.372338e-51	1.474308e-51	1.539215e-51	1.035924e+23	1.228590e-51
4.210000e-06	1.801209e-51	3.715288e-51	2.406472e-51	1.495521e-51	1.561362e-51	7.831886e+22	1.246268e-51
4.230000e-06	1.827002e-51	3.768490e-51	2.440932e-51	1.516936e-51	1.583720e-51	6.442338e+22	1.264114e-51
4.250000e-06	1.853040e-51	3.822196e-51	2.475719e-51	1.538555e-51	1.606290e-51	5.015904e+22	1.282129e-51
4.270000e-06	1.879323e-51	3.876411e-51	2.510835e-51	1.560378e-51	1.629074e-51	3.792897e+22	1.300315e-51
4.290000e-06	1.905855e-51	3.931136e-51	2.546282e-51	1.582407e-51	1.652072e-51	3.099760e+22	1.318672e-51
4.310000e-06	1.932634e-51	3.986374e-51	2.582060e-51	1.604642e-51	1.675286e-51	2.412398e+22	1.337201e-51
4.330000e-06	1.959664e-51	4.042127e-51	2.618172e-51	1.627084e-51	1.698716e-51	1.790936e+22	1.355903e-51
4.350000e-06	1.986944e-51	4.098397e-51	2.654620e-51	1.649734e-51	1.722364e-51	1.454397e+22	1.374779e-51
4.370000e-06	2.014477e-51	4.155187e-51	2.691404e-51	1.672594e-51	1.746230e-51	1.116311e+22	1.393828e-51
4.390000e-06	2.042262e-51	4.212499e-51	2.728526e-51	1.695664e-51	1.770316e-51	8.277265e+21	1.413053e-51
4.410000e-06	2.070302e-51	4.270335e-51	2.765988e-51	1.718945e-51	1.794622e-51	6.682680e+21	1.432454e-51
4.430000e-06	2.098597e-51	4.328699e-51	2.803792e-51	1.742438e-51	1.819149e-51	5.117583e+21	1.452032e-51
4.450000e-06	2.127149e-51	4.387592e-51	2.841938e-51	1.766145e-51	1.843899e-51	3.720379e+21	1.471787e-51
4.470000e-06	2.155959e-51	4.447017e-51	2.880429e-51	1.790065e-51	1.868873e-51	2.988885e+21	1.491721e-51
4.490000e-06	2.185028e-51	4.506976e-51	2.919265e-51	1.814200e-51	1.894071e-51	2.170878e+21	1.511834e-51
4.510000e-06	2.214356e-51	4.567471e-51	2.958450e-51	1.838552e-51	1.919494e-51	1.717254e+21	1.532127e-51
4.530000e-06	2.243947e-51	4.628506e-51	2.997983e-51	1.863120e-51	1.945144e-51	1.306847e+21	1.552600e-51
4.550000e-06	2.273799e-51	4.690082e-51	3.037867e-51	1.887906e-51	1.971022e-51	9.362939e+20	1.573255e-51
4.570000e-06	2.303915e-51	4.752201e-51	3.078103e-51	1.912911e-51	1.997128e-51	7.417948e+20	1.594093e-51
4.590000e-06	2.334296e-51	4.814867e-51	3.118693e-51	1.938136e-51	2.023463e-51	5.539211e+20	1.615114e-51
4.610000e-06	2.364943e-51	4.878081e-51	3.159638e-51	1.963582e-51	2.050029e-51	3.926359e+20	1.636318e-51
4.630000e-06	2.395857e-51	4.941846e-51	3.200940e-51	1.989249e-51	2.076826e-51	3.074737e+20	1.657708e-51
4.650000e-06	2.427039e-51	5.006164e-51	3.242600e-51	2.015139e-51	2.103856e-51	2.278888e+20	1.679283e-51
4.670000e-06	2.458491e-51	5.071038e-51	3.284620e-51	2.041253e-51	2.131120e-51	1.610415e+20	1.701044e-51
4.690000e-06	2.490213e-51	5.136470e-51	3.327002e-51	2.067592e-51	2.158618e-51	1.250495e+20	1.722993e-51
4.710000e-06	2.522206e-51	5.202462e-51	3.369747e-51	2.094156e-51	2.186351e-51	9.144592e+19	1.745130e-51
4.730000e-06	2.554473e-51	5.269017e-51	3.412856e-51	2.120946e-51	2.214321e-51	6.379958e+19	1.767455e-51
4.750000e-06	2.587014e-51	5.336138e-51	3.456331e-51	2.147964e-51	2.242529e-51	4.875574e+19	1.789970e-51
4.770000e-06	2.619830e-51	5.403826e-51	3.500174e-51	2.175211e-51	2.270975e-51	3.415732e+19	1.812676e-51
4.790000e-06	2.652922e-51	5.472084e-51	3.544387e-51	2.202687e-51	2.299661e-51	2.604142e+19	1.835572e-51
4.810000e-06	2.686291e-51	5.540914e-51	3.588970e-51	2.230393e-51	2.328587e-51	1.795972e+19	1.858661e-51
4.830000e-06	2.719940e-51	5.610320e-51	3.633925e-51	2.258331e-51	2.357755e-51	1.360612e+19	1.881943e-51
4.850000e-06	2.753868e-51	5.680302e-51	3.679254e-51	2.286501e-51	2.387165e-51	9.716884e+18	1.905418e-51
4.870000e-06	2.788077e-51	5.750864e-51	3.724958e-51	2.314905e-51	2.416819e-51	6.603679e+18	1.929087e-51
4.890000e-06	2.822568e-51	5.822008e-51	3.771040e-51	2.343542e-51	2.446717e-51	4.938051e+18	1.952952e-51
4.910000e-06	2.857343e-51	5.893736e-51	3.817500e-51	2.372415e-51	2.476861e-51	3.502007e+18	1.977013e-51
4.930000e-06	2.892402e-51	5.966051e-51	3.864340e-51	2.401524e-51	2.507252e-51	2.362977e+18	2.001270e-51
4.950000e-06	2.927747e-51	6.038955e-51	3.911561e-51	2.430871e-51	2.537890e-51	1.749656e+18	2.025726e-51
4.970000e-06	2.963378e-51	6.112451e-51	3.959166e-51	2.460455e-51	2.568777e-51	1.171247e+18	2.050379e-51
4.990000e-06	2.999297e-51	6.186540e-51	4.007155e-51	2.490278e-51	2.599913e-51	8.611845e+17	2.075232e-51
5.010000e-06	3.035506e-51	6.261226e-51	4.055531e-51	2.520342e-51	2.631300e-51	5.712230e+17	2.100285e-51
5.030000e-06	3.072005e-51	6.336511e-51	4.104294e-51	2.550646e-51	2.662939e-51	4.151758e+17	2.125538e-51
5.050000e-06	3.108795e-51	6.412396e-51	4.153447e-51	2.581192e-51	2.694830e-51	2.860906e+17	2.150994e-51
5.070000e-06	3.145877e-51	6.488885e-51	4.202991e-51	2.611982e-51	2.726975e-51	1.877726e+17	2.176651e-51
5.090000e-06	3.183254e-51	6.565980e-51	4.252927e-51	2.643015e-51	2.759374e-51	1.350970e+17	2.202512e-51
5.110000e-06	3.220925e-51	6.643683e-51	4.303257e-51	2.674293e-51	2.792029e-51	8.789324e+16	2.228577e-51
5.130000e-06	3.258892e-51	6.721997e-51	4.353982e-51	2.705816e-51	2.824940e-51	6.280050e+16	2.254847e-51
5.150000e-06	3.297157e-51	6.800924e-51	4.405105e-51	2.737587e-51	2.858110e-51	4.036615e+16	2.281323e-51
5.170000e-06	3.335720e-51	6.880466e-51	4.456626e-51	2.769605e-51	2.891538e-51	2.848741e+16	2.308004e-51
5.190000e-06	3.374582e-51	6.960626e-51	4.508547e-51	2.801872e-51	2.925225e-51	1.828420e+16	2.334893e-51
5.210000e-06	3.413745e-51	7.041406e-51	4.560870e-51	2.834389e-51	2.959173e-51	1.286092e+16	2.361991e-51
5.230000e-06	3.453210e-51	7.122809e-51	4.613596e-51	2.867156e-51	2.993383e-51	8.121769e+15	2.389297e-51
5.250000e-06	3.492978e-51	7.204836e-51	4.666728e-51	2.900175e-51	3.027855e-51	5.648315e+15	2.416812e-51
5.270000e-06	3.533050e-51	7.287492e-51	4.720265e-51	2.933446e-51	3.062591e-51	3.530701e+15	2.444538e-51
5.290000e-06	3.573427e-51	7.370776e-51	4.774210e-51	2.966971e-51	3.097592e-51	2.438133e+15	2.472476e-51
5.310000e-06	3.614111e-51	7.454693e-51	4.828565e-51	3.000750e-51	3.132858e-51	1.560616e+15	2.500625e-51
5.330000e-06	3.655102e-51	7.539245e-51	4.883331e-51	3.034785e-51	3.168391e-51	9.691253e+14	2.528987e-51
5.350000e-06	3.696402e-51	7.624433e-51	4.938509e-51	3.069076e-51	3.204192e-51	6.586018e+14	2.557563e-51
5.370000e-06	3.738013e-51	7.710261e-51	4.994102e-51	3.103624e-51	3.240262e-51	4.014202e+14	2.586353e-51
5.390000e-06	3.779934e-51	7.796730e-51	5.050110e-51	3.138431e-51	3.276601e-51	2.695054e+14	2.615359e-51
5.410000e-06	3.822167e-51	7.883844e-51	5.106535e-51	3.173497e-51	3.313210e-51	1.625024e+14	2.644581e-51
5.430000e-06	3.864714e-51	7.971604e-51	5.163379e-51	3.208823e-51	3.350092e-51	1.081819e+14	2.674019e-51
5.450000e-06	3.907576e-51	8.060013e-51	5.220644e-51	3.244410e-51	3.387246e-51	6.446463e+13	2.703675e-51
5.470000e-06	3.950753e-51	8.149073e-51	5.278330e-51	3.280260e-51	3.424674e-51	4.213711e+13	2.733550e-51
5.490000e-06	3.994247e-51	8.238787e-51	5.336439e-51	3.316372e-51	3.462376e-51	2.507968e+13	2.763644e-51
5.510000e-06	4.038059e-51	8.329156e-51	5.394974e-51	3.352749e-51	3.500354e-51	1.629700e+13	2.793958e-51
5.530000e-06	4.082191e-51	8.420185e-51	5.453935e-51	3.389391e-51	3.538609e-51	9.505036e+12	2.824492e-51
5.550000e-06	4.126643e-51	8.511874e-51	5.513324e-51	3.426298e-51	3.577142e-51	5.868421e+12	2.855249e-51
5.570000e-06	4.171416e-51	8.604226e-51	5.573142e-51	3.463473e-51	3.615953e-51	3.748801e+12	2.886228e-51
5.590000e-06	4.216512e-51	8.697244e-51	5.633392e-51	3.500916e-51	3.655044e-51	2.226622e+12	2.917430e-51
5.610000e-06	4.261932e-51	8.790930e-51	5.694074e-51	3.538627e-51	3.694416e-51	1.268745e+12	2.948856e-51
5.630000e-06	4.307677e-51	8.885286e-51	5.755191e-51	3.576609e-51	3.734069e-51	7.903637e+11	2.980507e-51
5.650000e-06	4.353748e-51	8.980315e-51	5.816743e-51	3.614861e-51	3.774006e-51	4.474778e+11	3.012384e-51
5.670000e-06	4.400146e-51	9.076019e-51	5.878733e-51	3.653385e-51	3.814226e-51	2.667294e+11	3.044487e-51
5.690000e-06	4.446873e-51	9.172401e-51	5.941161e-51	3.692182e-51	3.854730e-51	1.637646e+11	3.076818e-51
5.710000e-06	4.493929e-51	9.269462e-51	6.004030e-51	3.731252e-51	3.895521e-51	9.020517e+10	3.109377e-51
5.730000e-06	4.541316e-51	9.367206e-51	6.067341e-51	3.770597e-51	3.936598e-51	5.462379e+10	3.142164e-51
5.750000e-06	4.589036e-51	9.465635e-51	6.131095e-51	3.810218e-51	3.977963e-51	2.968280e+10	3.175181e-51
5.770000e-06	4.637088e-51	9.564751e-51	6.195295e-51	3.850115e-51	4.019617e-51	1.771948e+10	3.208429e-51
5.790000e-06	4.685475e-51	9.664556e-51	6.259941e-51	3.890290e-51	4.061560e-51	9.493507e+09	3.241908e-51
5.810000e-06	4.734197e-51	9.765053e-51	6.325035e-51	3.930743e-51	4.103795e-51	5.562510e+09	3.275619e-51
5.830000e-06	4.783255e-51	9.866245e-51	6.390579e-51	3.971476e-51	4.146321e-51	2.956509e+09	3.309563e-51
5.850000e-06	4.832652e-51	9.968133e-51	6.456574e-51	4.012489e-51	4.189139e-51	1.654757e+09	3.343741e-51
5.870000e-06	4.882387e-51	1.007072e-50	6.523022e-51	4.053783e-51	4.232252e-51	9.527464e+08	3.378153e-51
5.890000e-06	4.932462e-51	1.017401e-50	6.589924e-51	4.095360e-51	4.275659e-51	4.911717e+08	3.412800e-51
5.910000e-06	4.982879e-51	1.027800e-50	6.657282e-51	4.137221e-51	4.319362e-51	2.782337e+08	3.447684e-51
5.930000e-06	5.033638e-51	1.038270e-50	6.725098e-51	4.179365e-51	4.363362e-51	1.411650e+08	3.482804e-51
5.950000e-06	5.084741e-51	1.048811e-50	6.793373e-51	4.221795e-51	4.407660e-51	7.584771e+07	3.518163e-51
5.970000e-06	5.136188e-51	1.059423e-50	6.862108e-51	4.264511e-51	4.452257e-51	4.202070e+07	3.553759e-51
5.990000e-06	5.187981e-51	1.070106e-50	6.931305e-51	4.307514e-51	4.497153e-51	2.075028e+07	3.589595e-51
6.010000e-06	5.240121e-51	1.080860e-50	7.000966e-51	4.350805e-51	4.542350e-51	1.124427e+07	3.625671e-51
6.030000e-06	5.292609e-51	1.091687e-50	7.071092e-51	4.394386e-51	4.587849e-51	5.508827e+06	3.661988e-51
6.050000e-06	5.345447e-51	1.102586e-50	7.141685e-51	4.438256e-51	4.633651e-51	2.839283e+06	3.698547e-51
6.070000e-06	5.398635e-51	1.113557e-50	7.212746e-51	4.482418e-51	4.679757e-51	1.504815e+06	3.735348e-51
6.090000e-06	5.452175e-51	1.124600e-50	7.284276e-51	4.526871e-51	4.726167e-51	7.107608e+05	3.772393e-51
6.110000e-06	5.506067e-51	1.135716e-50	7.356279e-51	4.571617e-51	4.772884e-51	3.694786e+05	3.809681e-51
6.130000e-06	5.560314e-51	1.146906e-50	7.428754e-51	4.616658e-51	4.819907e-51	1.711828e+05	3.847215e-51
6.150000e-06	5.614916e-51	1.158168e-50	7.501703e-51	4.661993e-51	4.867238e-51	8.441426e+04	3.884994e-51
6.170000e-06	5.669874e-51	1.169504e-50	7.575129e-51	4.707624e-51	4.914878e-51	4.256423e+04	3.923020e-51
6.190000e-06	5.725189e-51	1.180914e-50	7.649032e-51	4.753551e-51	4.962827e-51	1.917640e+04	3.961293e-51
6.210000e-06	5.780863e-51	1.192397e-50	7.723414e-51	4.799777e-51	5.011088e-51	9.160941e+03	3.999814e-51
6.230000e-06	5.836897e-51	1.203955e-50	7.798277e-51	4.846301e-51	5.059660e-51	4.472222e+03	4.038584e-51
6.250000e-06	5.893292e-51	1.215588e-50	7.873623e-51	4.893125e-51	5.108545e-51	1.966005e+03	4.077604e-51
6.270000e-06	5.950049e-51	1.227295e-50	7.949452e-51	4.940249e-51	5.157745e-51	9.416580e+02	4.116874e-51
6.290000e-06	6.007169e-51	1.239077e-50	8.025766e-51	4.987675e-51	5.207259e-51	4.014134e+02	4.156396e-51
6.310000e-06	6.064653e-51	1.250934e-50	8.102567e-51	5.035404e-51	5.257088e-51	1.820952e+02	4.196170e-51
6.330000e-06	6.122503e-51	1.262866e-50	8.179856e-51	5.083436e-51	5.307235e-51	8.173059e+01	4.236197e-51
6.350000e-06	6.180720e-51	1.274874e-50	8.257636e-51	5.131773e-51	5.357700e-51	3.742452e+01	4.276477e-51
6.370000e-06	6.239305e-51	1.286958e-50	8.335907e-51	5.180415e-51	5.408483e-51	1.524604e+01	4.317012e-51
6.390000e-06	6.298258e-51	1.299119e-50	8.414671e-51	5.229363e-51	5.459587e-51	6.598335e+00	4.357803e-51
6.410000e-06	6.357582e-51	1.311355e-50	8.493929e-51	5.278619e-51	5.511011e-51	2.919292e+00	4.398849e-51
6.430000e-06	6.417277e-51	1.323668e-50	8.573684e-51	5.328183e-51	5.562757e-51	1.143477e+00	4.440153e-51
6.450000e-06	6.477345e-51	1.336058e-50	8.653936e-51	5.378057e-51	5.614827e-51	4.780682e-01	4.481714e-51
6.470000e-06	6.537787e-51	1.348525e-50	8.734688e-51	5.428241e-51	5.667220e-51	2.024858e-01	4.523534e-51
6.490000e-06	6.598603e-51	1.361070e-50	8.815940e-51	5.478736e-51	5.719938e-51	7.698251e-02	4.565613e-51
6.510000e-06	6.659795e-51	1.373691e-50	8.897695e-51	5.529543e-51	5.772982e-51	3.094275e-02	4.607952e-51
6.530000e-06	6.721364e-51	1.386391e-50	8.979953e-51	5.580663e-51	5.826352e-51	1.263204e-02	4.650552e-51
6.550000e-06	6.783312e-51	1.399169e-50	9.062717e-51	5.632097e-51	5.880051e-51	4.569595e-03	4.693414e-51
6.570000e-06	6.845639e-51	1.412025e-50	9.145988e-51	5.683847e-51	5.934079e-51	1.760676e-03	4.736539e-51
6.590000e-06	6.908347e-51	1.424959e-50	9.229768e-51	5.735912e-51	5.988437e-51	6.695770e-04	4.779927e-51
6.610000e-06	6.971437e-51	1.437973e-50	9.314058e-51	5.788295e-51	6.043125e-51	2.581333e-04	4.823579e-51
6.630000e-06	7.034909e-51	1.451065e-50	9.398859e-51	5.840995e-51	6.098146e-51	8.796672e-05	4.867496e-51
6.650000e-06	7.098766e-51	1.464236e-50	9.484173e-51	5.894014e-51	6.153499e-51	3.196530e-05	4.911679e-51
6.670000e-06	7.163007e-51	1.477487e-50	9.570002e-51	5.947353e-51	6.209187e-51	1.145373e-05	4.956128e-51
6.690000e-06	7.227636e-51	1.490818e-50	9.656348e-51	6.001013e-51	6.265209e-51	4.034187e-06	5.000845e-51
