# number of size bins = 465
# 0:size [cm], masses (1:Al2O3, 2:Fe, 3:Fe3O4, 4:MgSiO3, 5:Mg2SiO4, 6:AC, 7:SiO2) [g]
1.000000e-07	1.428736e-02	5.988931e+18	1.462710e+25	2.004224e-56	2.092460e-56	1.386570e-56	2.144839e+23
3.000000e-07	9.894764e+24	1.344343e-54	8.707597e-55	5.411405e-55	5.649643e-55	3.743739e-55	2.886126e+04
5.000000e-07	2.972658e+28	6.223809e-54	4.031295e-54	2.505280e-54	2.615575e-54	1.733213e-54	2.696312e+15
7.000000e-07	3.219538e+29	1.707813e-53	6.883469e+07	6.874488e-54	7.177139e-54	4.755935e-54	1.365459e+19
9.000000e-07	4.057164e+30	3.629725e-53	6.011468e+21	1.461079e-53	1.525403e-53	1.010810e-53	2.874764e+21
1.100000e-06	5.945217e+30	6.627111e-53	8.385213e+25	2.667622e-53	2.785065e-53	8.799799e+31	6.846767e+23
1.300000e-06	9.235541e+30	1.093897e-52	1.685786e+27	4.403280e-53	4.597135e-53	9.721739e+27	2.818422e+24
1.500000e-06	1.159624e+31	1.680428e-52	2.870447e+28	6.764256e-53	7.062053e-53	6.192832e+23	1.375624e+26
1.700000e-06	1.098547e+31	2.446206e-52	2.728005e+29	9.846752e-53	7.162782e-18	1.365028e+28	1.758189e+26
1.900000e-06	8.975891e+30	3.415128e-52	1.205595e+30	1.374697e-52	4.969794e-16	5.534820e+29	1.182918e+27
2.100000e-06	6.767168e+30	4.611095e-52	6.199071e+30	1.856112e-52	4.640590e+02	3.874312e+30	3.923749e+27
2.300000e-06	4.777571e+30	6.058006e-52	1.518919e+31	2.438539e-52	2.102054e+04	8.413268e+30	1.187617e+28
2.500000e-06	2.943268e+30	7.779761e-52	2.124037e+31	3.131600e-52	1.753721e+07	1.200790e+31	1.778553e+28
2.700000e-06	1.654886e+30	9.800258e-52	3.627922e+31	3.944914e-52	2.514369e+08	1.150124e+31	4.863459e+28
2.900000e-06	9.154147e+29	1.214340e-51	8.742735e+31	4.888102e-52	5.543600e+14	1.086527e+31	7.319081e+28
3.100000e-06	3.206218e+29	1.483308e-51	4.006243e+31	5.970784e-52	7.717632e+14	8.966085e+30	1.593666e+29
3.300000e-06	1.626533e+29	1.789320e-51	5.293289e+31	7.202580e-52	1.893092e+16	6.098531e+30	3.502621e+29
3.500000e-06	6.134720e+28	2.134766e-51	5.519915e+31	8.593110e-52	2.509580e+17	5.191198e+30	3.519298e+29
3.700000e-06	2.553163e+28	2.522037e-51	1.151872e+32	1.015200e-51	1.080977e+18	2.404779e+30	1.016543e+30
3.900000e-06	1.811037e+28	2.953521e-51	3.118298e+31	1.188886e-51	3.436369e+23	1.287917e+30	7.059142e+29
4.100000e-06	2.602004e+27	3.431609e-51	3.675991e+31	1.381331e-51	6.547594e+22	8.340987e+29	9.095625e+29
4.300000e-06	1.239680e+27	3.958691e-51	1.995310e+31	1.593498e-51	1.745007e+23	5.034376e+29	1.802048e+30
4.500000e-06	5.929473e+26	4.537156e-51	8.141566e+31	1.826349e-51	1.474789e+24	2.886675e+29	1.042409e+30
4.700000e-06	1.759935e+26	5.169396e-51	2.128915e+31	2.080845e-51	1.716933e+24	1.639582e+29	6.441695e+30
4.900000e-06	5.497995e+25	5.857799e-51	2.020378e+31	2.357949e-51	3.373674e+24	8.195362e+28	2.553292e+30
5.100000e-06	1.355337e+25	6.604755e-51	1.440350e+31	2.658623e-51	2.495315e+25	3.825115e+28	2.879627e+30
5.300000e-06	3.286317e+24	7.412656e-51	2.902396e+31	1.534317e-39	3.636069e+25	1.983640e+28	4.736383e+30
5.500000e-06	7.111235e+23	8.283889e-51	1.234926e+31	1.823516e-38	2.493875e+24	8.372259e+27	3.998697e+30
5.700000e-06	1.258131e+23	9.220846e-51	1.226376e+31	3.711682e-51	9.685759e+27	3.466642e+27	3.771413e+30
5.900000e-06	1.925649e+22	1.022592e-50	1.611621e+31	3.888792e-14	9.299597e+26	1.349218e+27	1.138787e+31
6.100000e-06	2.658506e+21	1.130149e-50	5.236046e+30	1.011197e-13	3.486745e+28	5.387214e+26	5.274225e+30
6.300000e-06	3.137062e+20	1.244996e-50	4.745245e+30	1.513023e-12	4.282565e+27	1.855952e+26	6.219323e+30
6.500000e-06	3.003764e+19	1.367371e-50	4.208843e+30	2.668559e-12	1.138118e+28	6.170824e+25	6.748416e+30
6.700000e-06	2.401961e+18	1.497513e-50	4.965015e+30	4.994641e-09	1.297557e+28	1.923193e+25	9.572571e+30
6.900000e-06	1.511523e+17	1.635662e-50	2.991277e+30	2.695998e-08	2.404283e+28	5.375147e+24	7.408216e+30
7.100000e-06	7.655431e+15	1.782056e-50	2.006411e+30	3.256270e-07	3.028963e+28	1.573740e+24	1.020733e+31
7.300000e-06	2.979355e+14	1.936934e-50	1.450600e+30	8.616939e-05	6.511941e+28	3.896070e+23	1.191224e+31
7.500000e-06	8.995228e+12	2.100535e-50	1.898942e+30	1.587749e-04	7.502845e+28	8.250031e+22	8.924150e+30
7.700000e-06	1.901430e+11	2.273099e-50	1.030481e+30	1.066349e-03	1.070105e+29	1.643250e+22	9.629993e+30
7.900000e-06	2.410997e+09	2.454864e-50	7.491509e+29	1.552237e-03	2.062785e+29	2.924449e+21	1.612602e+31
8.100000e-06	2.397688e+07	2.646070e-50	7.428590e+29	1.065127e-50	2.149614e+29	4.231918e+20	2.301421e+31
8.300000e-06	1.360149e+05	2.846954e-50	3.565518e+29	2.649495e+04	3.020978e+29	6.374782e+19	5.227686e+30
8.500000e-06	5.344460e+02	3.057757e-50	2.909697e+29	5.807729e+03	3.859700e+29	8.982728e+18	6.549390e+30
8.700000e-06	1.589891e+00	3.278717e-50	2.437658e+29	9.183969e+02	8.248296e+29	9.537100e+17	7.435631e+30
8.900000e-06	8.251114e-04	3.510074e-50	1.262107e+29	1.412916e-50	6.396644e+29	8.805271e+16	8.382773e+30
9.100000e-06	3.562019e-07	3.752065e-50	7.822924e+28	1.426532e+07	9.742364e+29	5.417496e+15	1.058546e+31
9.300000e-06	4.922397e-11	4.004931e-50	6.753699e+28	3.920732e+06	1.057677e+30	3.475480e+14	7.528021e+30
9.500000e-06	3.859706e-15	4.268910e-50	4.429657e+28	5.236762e+06	3.089063e+30	1.792150e+13	7.651196e+30
9.700000e-06	5.077927e-20	4.544242e-50	2.576724e+28	1.260988e+07	1.120251e+30	6.227142e+11	8.942200e+30
9.900000e-06	2.214480e-25	4.831164e-50	2.044137e+28	1.845955e+07	9.649170e+29	2.461151e+10	1.192729e+31
1.010000e-05	1.151726e-31	5.129917e-50	1.371049e+28	5.032610e+07	2.006764e+30	6.576954e+08	6.656101e+30
1.030000e-05	4.924710e-39	5.440739e-50	3.955675e+27	1.352632e+08	2.015964e+30	7.228085e+06	7.258810e+30
1.050000e-05	2.794382e-50	5.763869e-50	2.615237e+27	4.908567e+08	9.508574e+30	1.263000e+05	8.152049e+30
1.070000e-05	2.957122e-50	6.099547e-50	2.032500e+27	5.889315e+08	1.892494e+30	1.242891e+03	1.078540e+31
1.090000e-05	3.126061e-50	6.448010e-50	1.515103e+27	1.075800e+09	3.934835e+30	6.552481e+00	5.746833e+30
1.110000e-05	3.301314e-50	6.809499e-50	6.769079e+26	2.113854e+09	3.184545e+30	2.855942e-02	6.338038e+30
1.130000e-05	3.482998e-50	7.184252e-50	4.803010e+26	3.778041e+09	4.054325e+30	5.002276e-05	5.954561e+30
1.150000e-05	3.671229e-50	7.572508e-50	1.896397e+26	1.450677e+10	5.816185e+30	3.263211e-08	1.059551e+31
1.170000e-05	3.866121e-50	7.974506e-50	2.968429e+26	2.206639e+10	6.517922e+30	3.027355e-11	2.788238e+30
1.190000e-05	4.067792e-50	8.390486e-50	6.248663e+25	2.998664e+10	3.664274e+30	6.747382e-15	1.422833e+31
1.210000e-05	4.276358e-50	8.820685e-50	4.400085e+25	5.595869e+10	1.962800e+31	6.919601e-19	3.051268e+30
1.230000e-05	4.491933e-50	9.265344e-50	2.937024e+25	1.006867e+11	9.793304e+30	4.107867e-23	3.670194e+30
1.250000e-05	4.714634e-50	9.724701e-50	1.327106e+25	6.543552e+10	8.111354e+30	6.658629e-28	3.954470e+30
1.270000e-05	4.944576e-50	1.019900e-49	7.545416e+24	7.163578e+11	8.690644e+30	2.631170e-33	7.067003e+30
1.290000e-05	5.181876e-50	1.068847e-49	4.460385e+24	6.421574e+11	9.483202e+30	2.095348e-39	2.928559e+30
1.310000e-05	5.426650e-50	1.119335e-49	3.025615e+24	7.912309e+11	1.004133e+31	3.117136e-50	2.258580e+30
1.330000e-05	5.679012e-50	1.171389e-49	1.126842e+24	1.195876e+12	1.378546e+31	3.262096e-50	7.793356e+30
1.350000e-05	5.939080e-50	1.225032e-49	4.866450e+23	1.898654e+12	1.472657e+31	3.411482e-50	2.535767e+30
1.370000e-05	6.206969e-50	1.280289e-49	4.539115e+23	1.603874e+13	7.403325e+30	3.565361e-50	1.988192e+30
1.390000e-05	6.482795e-50	1.337182e-49	9.937282e+22	1.036493e+13	4.576131e+31	3.723799e-50	2.196063e+30
1.410000e-05	6.766674e-50	1.395737e-49	3.951708e+22	1.857784e+13	1.479112e+31	3.886862e-50	2.480326e+30
1.430000e-05	7.058721e-50	1.455976e-49	2.408003e+22	3.427455e+13	7.746928e+30	4.054618e-50	3.036513e+30
1.450000e-05	7.359053e-50	1.517925e-49	3.346942e+21	2.486956e+14	1.528909e+31	4.227132e-50	1.990542e+30
1.470000e-05	7.667785e-50	1.581606e-49	2.216415e+21	1.280761e+14	1.432716e+31	4.404472e-50	1.763438e+30
1.490000e-05	7.985033e-50	1.647043e-49	9.829056e+20	1.465561e+14	1.699745e+31	4.586703e-50	1.864163e+30
1.510000e-05	8.310913e-50	1.714261e-49	6.025766e+20	2.464692e+14	1.651997e+31	4.773893e-50	2.186410e+30
1.530000e-05	8.645541e-50	1.783284e-49	5.737078e+19	3.061523e+14	1.611613e+31	4.966107e-50	1.187915e+30
1.550000e-05	8.989033e-50	1.854135e-49	6.587025e+19	2.917222e+14	1.659815e+31	5.163413e-50	3.553543e+30
1.570000e-05	9.341505e-50	1.926838e-49	8.573045e+18	1.132731e+15	1.999438e+31	5.365878e-50	1.102316e+30
1.590000e-05	9.703072e-50	2.001417e-49	4.015396e+18	7.406068e+14	4.483016e+31	5.573566e-50	9.968744e+29
1.610000e-05	1.007385e-49	2.077896e-49	1.887838e+18	8.479897e+14	5.380063e+30	5.786546e-50	1.026793e+30
1.630000e-05	1.045396e-49	2.156299e-49	6.133668e+17	8.360400e+14	3.248064e+31	6.004884e-50	8.645942e+29
1.650000e-05	1.084351e-49	2.236650e-49	2.526033e+17	9.163409e+14	1.745175e+31	6.228646e-50	1.368901e+30
1.670000e-05	1.124261e-49	2.318973e-49	9.636622e+16	1.234793e+15	1.509630e+31	6.457899e-50	7.866807e+29
1.690000e-05	1.165140e-49	2.403291e-49	3.078026e+16	3.083746e+14	1.558836e+31	6.692709e-50	8.137534e+29
1.710000e-05	1.206997e-49	2.489629e-49	6.224759e+15	2.623889e+15	1.719073e+31	6.933143e-50	7.275523e+29
1.730000e-05	1.249845e-49	2.578010e-49	2.300630e+15	1.164620e+15	1.654832e+31	7.179267e-50	1.100105e+30
1.750000e-05	1.293695e-49	2.668458e-49	6.387620e+14	7.973891e+14	7.448749e+30	7.431149e-50	5.933983e+29
1.770000e-05	1.338560e-49	2.760998e-49	1.497704e+14	8.411368e+14	1.352071e+32	7.688854e-50	5.795566e+29
1.790000e-05	1.384449e-49	2.855652e-49	1.369491e+13	8.072131e+14	4.078992e+30	7.952449e-50	6.040359e+29
1.810000e-05	1.431376e-49	2.952446e-49	3.048755e+12	7.446276e+14	1.630032e+30	8.222001e-50	6.758162e+29
1.830000e-05	1.479351e-49	3.051402e-49	2.314923e+11	5.814761e+14	1.331480e+31	8.497576e-50	4.198600e+29
1.850000e-05	1.528386e-49	3.152546e-49	9.016554e+10	9.850564e+14	4.092103e+30	8.779241e-50	4.084408e+29
1.870000e-05	1.578493e-49	3.255900e-49	2.275307e+10	4.713483e+14	9.034749e+30	9.067063e-50	4.887651e+29
1.890000e-05	1.629684e-49	3.361488e-49	5.059096e+09	3.331008e+14	6.902961e+30	9.361107e-50	3.303775e+29
1.910000e-05	1.681969e-49	3.469336e-49	7.045658e+08	2.563973e+14	5.894606e+30	9.661441e-50	3.230119e+29
1.930000e-05	1.735361e-49	3.579465e-49	1.642681e+08	2.835089e+14	7.055255e+30	9.968131e-50	2.975859e+29
1.950000e-05	1.789871e-49	3.691901e-49	3.278596e+07	2.165742e+14	7.541767e+30	1.028124e-49	2.934676e+29
1.970000e-05	1.845511e-49	3.806667e-49	4.679785e+06	2.136755e+13	8.219111e+30	1.060085e-49	3.028587e+29
1.990000e-05	1.902292e-49	3.923787e-49	5.865403e+05	1.500898e+14	8.094015e+30	1.092700e-49	2.058121e+29
2.010000e-05	1.960226e-49	4.043285e-49	9.101773e+04	4.741892e+12	8.395523e+30	1.125978e-49	2.027718e+29
2.030000e-05	2.019324e-49	4.165185e-49	1.025464e+03	1.150905e+13	8.584553e+30	1.159925e-49	3.043240e+29
2.050000e-05	2.079598e-49	4.289511e-49	1.061073e+02	6.757117e+12	8.749688e+30	1.194547e-49	1.195664e+29
2.070000e-05	2.141060e-49	4.416287e-49	1.370859e+01	5.290342e+12	8.656669e+30	1.229852e-49	1.166332e+29
2.090000e-05	2.203722e-49	4.545536e-49	2.167631e+00	5.000406e+12	1.101619e+31	1.265845e-49	1.086225e+29
2.110000e-05	2.267594e-49	4.677282e-49	1.491023e-01	4.324733e+12	3.910166e+30	1.302534e-49	1.579997e+29
2.130000e-05	2.332688e-49	4.811550e-49	1.212971e-02	3.794645e+12	1.852489e+31	1.339925e-49	8.729165e+28
2.150000e-05	2.399017e-49	4.948364e-49	1.222899e-03	3.137860e+12	1.505422e+30	1.378025e-49	8.545919e+28
2.170000e-05	2.466591e-49	5.087746e-49	6.509493e-05	2.721018e+12	1.955288e+31	1.416841e-49	8.521132e+28
2.190000e-05	2.535422e-49	5.229721e-49	2.126598e-06	1.783716e+12	7.059705e+30	1.456378e-49	1.163684e+29
2.210000e-05	2.605522e-49	5.374314e-49	7.928277e-09	2.394550e+12	4.193995e+30	1.496644e-49	5.492193e+28
2.230000e-05	2.676902e-49	5.521547e-49	1.802596e-10	5.872580e+11	6.662714e+30	1.537646e-49	4.524922e+28
2.250000e-05	2.749574e-49	5.671446e-49	2.168740e-12	1.656704e+12	5.830059e+30	1.579390e-49	4.707922e+28
2.270000e-05	2.823550e-49	5.824032e-49	1.685515e-13	8.807568e+11	5.339581e+30	1.621882e-49	5.282160e+28
2.290000e-05	2.898841e-49	5.979332e-49	6.831299e-15	3.831724e+11	6.949101e+30	1.665130e-49	3.438221e+28
2.310000e-05	2.975458e-49	6.137368e-49	3.949169e-16	2.640709e+11	6.158069e+30	1.709140e-49	3.288740e+28
2.330000e-05	3.053414e-49	6.298164e-49	3.618049e-18	2.106853e+11	6.110143e+30	1.753919e-49	2.131395e+28
2.350000e-05	3.132719e-49	6.461745e-49	8.947904e-20	1.604570e+11	6.146991e+30	1.799473e-49	5.612159e+28
2.370000e-05	3.213386e-49	6.628134e-49	1.054911e-21	1.376928e+11	6.081250e+30	1.845809e-49	1.697580e+28
2.390000e-05	3.295426e-49	6.797354e-49	7.376863e-24	1.079907e+11	6.384140e+30	1.892934e-49	1.687965e+28
2.410000e-05	3.378851e-49	6.969431e-49	1.029511e-25	7.329949e+10	7.281927e+30	1.940854e-49	1.435369e+28
2.430000e-05	3.463672e-49	7.144388e-49	2.021139e-31	6.701903e+10	2.670580e+30	1.989576e-49	2.130335e+28
2.450000e-05	3.549900e-49	7.322249e-49	4.207601e-33	4.351318e+10	1.643469e+31	2.039107e-49	1.346799e+28
2.470000e-05	3.637548e-49	7.503037e-49	5.506672e-35	3.728821e+09	1.448717e+30	2.089453e-49	1.132243e+28
2.490000e-05	3.726627e-49	7.686777e-49	3.947057e-37	3.709386e+10	8.532412e+30	2.140621e-49	6.390871e+27
2.510000e-05	3.817149e-49	7.873492e-49	7.804425e-40	1.186064e+10	4.029363e+30	2.192618e-49	1.615997e+28
2.530000e-05	3.909124e-49	8.063206e-49	5.222712e-49	4.900760e+09	2.491651e+30	2.245450e-49	1.561506e+28
2.550000e-05	4.002565e-49	8.255944e-49	5.347553e-49	3.566518e+09	3.608406e+30	2.299124e-49	4.427001e+27
2.570000e-05	4.097484e-49	8.451729e-49	5.474367e-49	2.824616e+09	3.308041e+30	2.353646e-49	3.640629e+27
2.590000e-05	4.193892e-49	8.650586e-49	5.603170e-49	2.028608e+09	3.327277e+30	2.409024e-49	3.547470e+27
2.610000e-05	4.291799e-49	8.852537e-49	5.733979e-49	1.488693e+09	3.374362e+30	2.465263e-49	4.871106e+27
2.630000e-05	4.391219e-49	9.057607e-49	5.866807e-49	1.072522e+09	3.259490e+30	2.522372e-49	3.083540e+27
2.650000e-05	4.492163e-49	9.265820e-49	6.001671e-49	7.240577e+08	3.263510e+30	2.580355e-49	2.803438e+27
2.670000e-05	4.594642e-49	9.477199e-49	6.138586e-49	4.045911e+08	3.358853e+30	2.639220e-49	2.571201e+27
2.690000e-05	4.698668e-49	9.691769e-49	6.277567e-49	3.543906e+08	3.259461e+30	2.698974e-49	2.867995e+27
2.710000e-05	4.804252e-49	9.909554e-49	6.418631e-49	3.254790e+08	3.276750e+30	2.759623e-49	1.827302e+27
2.730000e-05	4.911406e-49	1.013058e-48	6.561792e-49	8.348841e+07	3.302064e+30	2.821173e-49	3.513387e+27
2.750000e-05	5.020142e-49	1.035486e-48	6.707067e-49	4.256518e+07	8.720289e+29	2.883632e-49	1.115736e+27
2.770000e-05	5.130471e-49	1.058243e-48	6.854470e-49	2.931403e+07	8.846160e+30	2.947007e-49	1.006038e+27
2.790000e-05	5.242404e-49	1.081331e-48	7.004016e-49	2.249229e+07	3.525327e+30	3.011303e-49	1.660871e+27
2.810000e-05	5.355954e-49	1.104753e-48	7.155723e-49	1.627837e+07	1.161145e+30	3.076527e-49	9.049124e+26
2.830000e-05	5.471132e-49	1.128510e-48	7.309604e-49	1.121015e+07	1.879383e+30	3.142687e-49	9.911411e+26
2.850000e-05	5.587950e-49	1.152606e-48	7.465676e-49	7.430080e+06	1.721637e+30	3.209788e-49	7.145186e+26
2.870000e-05	5.706418e-49	1.177042e-48	7.623953e-49	5.503541e+06	1.112409e+30	3.277838e-49	8.051659e+26
2.890000e-05	5.826549e-49	1.201821e-48	7.784452e-49	3.242053e+06	1.772982e+30	3.346843e-49	6.839597e+26
2.910000e-05	5.948355e-49	1.226945e-48	7.947188e-49	1.936230e+06	1.551607e+30	3.416810e-49	6.773112e+26
2.930000e-05	6.071846e-49	1.252417e-48	8.112177e-49	1.280068e+06	1.842658e+30	3.487745e-49	5.290783e+26
2.950000e-05	6.197035e-49	1.278240e-48	8.279433e-49	1.185921e+05	1.511485e+30	3.559655e-49	4.285298e+26
2.970000e-05	6.323933e-49	1.304414e-48	8.448972e-49	2.767854e+05	1.368245e+30	3.632546e-49	5.562020e+26
2.990000e-05	6.452551e-49	1.330944e-48	8.620811e-49	1.076441e+05	1.773402e+30	3.706426e-49	3.941757e+26
3.010000e-05	6.582902e-49	1.357831e-48	8.794963e-49	6.852907e+04	1.483699e+30	3.781301e-49	3.641750e+26
3.030000e-05	6.714996e-49	1.385078e-48	8.971446e-49	5.759970e+04	8.169393e+29	3.857178e-49	4.509771e+26
3.050000e-05	6.848846e-49	1.412686e-48	9.150273e-49	3.492765e+04	1.695643e+30	3.934063e-49	2.137163e+26
3.070000e-05	6.984463e-49	1.440659e-48	9.331462e-49	2.290054e+04	4.379748e+30	4.011963e-49	1.931588e+26
3.090000e-05	7.121858e-49	1.469000e-48	9.515026e-49	1.573757e+04	4.690389e+29	4.090885e-49	5.980941e+26
3.110000e-05	7.261044e-49	1.497709e-48	9.700982e-49	9.029271e+03	1.296800e+30	4.170835e-49	1.223351e+26
3.130000e-05	7.402031e-49	1.526790e-48	9.889346e-49	7.170165e+03	4.144573e+29	4.251819e-49	1.651088e+26
3.150000e-05	7.544832e-49	1.556245e-48	1.008013e-48	1.624840e+03	7.798476e+29	4.333846e-49	2.754754e+26
3.170000e-05	7.689457e-49	1.586076e-48	1.027336e-48	2.399072e+03	6.480683e+29	4.416921e-49	9.686629e+25
3.190000e-05	7.835919e-49	1.616286e-48	1.046903e-48	4.454228e+02	6.122106e+29	4.501050e-49	1.240068e+26
3.210000e-05	7.984229e-49	1.646878e-48	1.066718e-48	1.169320e+02	4.605765e+29	4.586241e-49	1.232712e+26
3.230000e-05	8.134399e-49	1.677853e-48	1.086781e-48	2.430672e+02	7.432247e+29	4.672501e-49	1.036819e+26
3.250000e-05	8.286440e-49	1.709213e-48	1.107094e-48	9.544529e+01	5.806985e+29	4.759835e-49	1.104784e+26
3.270000e-05	8.440364e-49	1.740963e-48	1.127659e-48	6.250142e+01	5.819658e+29	4.848251e-49	9.866787e+25
3.290000e-05	8.596182e-49	1.773103e-48	1.148477e-48	4.659033e+01	5.259697e+29	4.937755e-49	1.000939e+26
3.310000e-05	8.753906e-49	1.805636e-48	1.169549e-48	2.586510e+01	4.998191e+29	5.028353e-49	6.856732e+25
3.330000e-05	8.913548e-49	1.838565e-48	1.190878e-48	1.565444e+01	5.102656e+29	5.120054e-49	7.720705e+25
3.350000e-05	9.075119e-49	1.871891e-48	1.212464e-48	9.081388e+00	5.497203e+29	5.212862e-49	5.059532e+25
3.370000e-05	9.238631e-49	1.905618e-48	1.234310e-48	5.068771e+00	6.469664e+29	5.306785e-49	5.137262e+25
3.390000e-05	9.404095e-49	1.939748e-48	1.256417e-48	2.296665e+00	1.472534e+30	5.401830e-49	3.713105e+25
3.410000e-05	9.571523e-49	1.974283e-48	1.278785e-48	3.048340e-01	1.843976e+29	5.498003e-49	6.276536e+25
3.430000e-05	9.740926e-49	2.009225e-48	1.301418e-48	5.994206e-01	4.912335e+29	5.595310e-49	1.856440e+25
3.450000e-05	9.912317e-49	2.044577e-48	1.324317e-48	1.992038e-01	1.567024e+29	5.693759e-49	1.798861e+25
3.470000e-05	1.008571e-48	2.080342e-48	1.347482e-48	1.257657e-01	2.883747e+29	5.793356e-49	1.809553e+25
3.490000e-05	1.026111e-48	2.116521e-48	1.370916e-48	6.996682e-02	2.416454e+29	5.894108e-49	7.678028e+24
3.510000e-05	1.043853e-48	2.153117e-48	1.394620e-48	4.158305e-02	2.263648e+29	5.996021e-49	3.012485e+25
3.530000e-05	1.061798e-48	2.190132e-48	1.418596e-48	2.388317e-02	2.136629e+29	6.099102e-49	5.973897e+24
3.550000e-05	1.079948e-48	2.227570e-48	1.442845e-48	1.310171e-02	2.164715e+29	6.203358e-49	5.684716e+24
3.570000e-05	1.098304e-48	2.265431e-48	1.467368e-48	7.927953e-03	2.144593e+29	6.308796e-49	4.414511e+24
3.590000e-05	1.116866e-48	2.303719e-48	1.492169e-48	3.814930e-03	2.025208e+29	6.415421e-49	9.823683e+24
3.610000e-05	1.135637e-48	2.342436e-48	1.517247e-48	3.067746e-04	1.791549e+29	6.523241e-49	2.352800e+24
3.630000e-05	1.154617e-48	2.381585e-48	1.542604e-48	8.651394e-04	2.502208e+29	6.632262e-49	2.277701e+24
3.650000e-05	1.173806e-48	2.421167e-48	1.568242e-48	9.356016e-05	2.013145e+29	6.742491e-49	1.981759e+24
3.670000e-05	1.193208e-48	2.461186e-48	1.594163e-48	4.527139e-05	2.172779e+29	6.853935e-49	1.402765e+24
3.690000e-05	1.212822e-48	2.501643e-48	1.620368e-48	2.628885e-05	9.903060e+28	6.966600e-49	2.680612e+24
3.710000e-05	1.232650e-48	2.542541e-48	1.646858e-48	1.611054e-05	4.382181e+29	7.080494e-49	1.049954e+24
3.730000e-05	1.252692e-48	2.583882e-48	1.673636e-48	9.437789e-06	5.353744e+28	7.195621e-49	9.655325e+23
3.750000e-05	1.272951e-48	2.625669e-48	1.700702e-48	5.376745e-06	2.051897e+29	7.311990e-49	8.662228e+23
3.770000e-05	1.293427e-48	2.667904e-48	1.728059e-48	2.865495e-06	4.357952e+28	7.429607e-49	1.177704e+24
3.790000e-05	1.314122e-48	2.710590e-48	1.755708e-48	1.534600e-06	1.291225e+29	7.548479e-49	4.225332e+23
3.810000e-05	1.335036e-48	2.753729e-48	1.783649e-48	7.459796e-07	8.409042e+28	7.668611e-49	3.563690e+23
3.830000e-05	1.356170e-48	2.797322e-48	1.811886e-48	3.457993e-07	7.921254e+28	7.790012e-49	3.212848e+23
3.850000e-05	1.377527e-48	2.841374e-48	1.840419e-48	1.143743e-48	7.678853e+28	7.912687e-49	4.108770e+23
3.870000e-05	1.399107e-48	2.885886e-48	1.869250e-48	7.718771e-08	7.825880e+28	8.036643e-49	1.857145e+23
3.890000e-05	1.420910e-48	2.930860e-48	1.898381e-48	8.913832e-09	7.232414e+28	8.161888e-49	1.441437e+23
3.910000e-05	1.442940e-48	2.976299e-48	1.927813e-48	3.197083e-09	7.128443e+28	8.288426e-49	1.349158e+23
3.930000e-05	1.465195e-48	3.022205e-48	1.957547e-48	1.800011e-09	6.966514e+28	8.416266e-49	1.394675e+23
3.950000e-05	1.487679e-48	3.068580e-48	1.987586e-48	9.110252e-10	6.810688e+28	8.545414e-49	9.203969e+22
3.970000e-05	1.510391e-48	3.115428e-48	2.017930e-48	5.712101e-10	6.425469e+28	8.675876e-49	7.198377e+22
3.990000e-05	1.533333e-48	3.162750e-48	2.048581e-48	2.800211e-10	6.849481e+28	8.807659e-49	6.042042e+22
4.010000e-05	1.556507e-48	3.210549e-48	2.079542e-48	1.458280e-10	8.235254e+27	8.940770e-49	3.894479e+22
4.030000e-05	1.579913e-48	3.258827e-48	2.110813e-48	6.165521e-11	1.913375e+29	9.075215e-49	5.774285e+22
4.050000e-05	1.603552e-48	3.307587e-48	2.142395e-48	2.424347e-11	1.026893e+28	9.211002e-49	2.829889e+22
4.070000e-05	1.627426e-48	3.356831e-48	2.174292e-48	1.178137e-11	5.282510e+28	9.348136e-49	2.370699e+22
4.090000e-05	1.651535e-48	3.406561e-48	2.206503e-48	2.057293e-12	2.678502e+28	9.486625e-49	2.407587e+22
4.110000e-05	1.675882e-48	3.456780e-48	2.239030e-48	1.777789e-13	1.687809e+28	9.626475e-49	1.287773e+22
4.130000e-05	1.700466e-48	3.507489e-48	2.271876e-48	2.562310e-13	2.242634e+28	9.767692e-49	9.005069e+21
4.150000e-05	1.725290e-48	3.558693e-48	2.305042e-48	7.121690e-14	2.087719e+28	9.910284e-49	7.916280e+21
4.170000e-05	1.750355e-48	3.610392e-48	2.338529e-48	3.040197e-14	1.776417e+28	1.005426e-48	7.537697e+21
4.190000e-05	1.775661e-48	3.662590e-48	2.372338e-48	2.009458e-14	2.256705e+28	1.019962e-48	4.204335e+21
4.210000e-05	1.801209e-48	3.715288e-48	2.406472e-48	8.133647e-15	1.933284e+28	1.034637e-48	3.545744e+21
4.230000e-05	1.827002e-48	3.768490e-48	2.440932e-48	3.818636e-15	1.898181e+28	1.049453e-48	2.967618e+21
4.250000e-05	1.853040e-48	3.822196e-48	2.475719e-48	1.489503e-15	1.786272e+28	1.064409e-48	3.588346e+21
4.270000e-05	1.879323e-48	3.876411e-48	2.510835e-48	5.098416e-16	1.779660e+28	1.079507e-48	8.699250e+20
4.290000e-05	1.905855e-48	3.931136e-48	2.546282e-48	3.322092e-16	1.742870e+28	1.094747e-48	7.506650e+20
4.310000e-05	1.932634e-48	3.986374e-48	2.582060e-48	3.474159e-17	1.812696e+28	1.110129e-48	6.433978e+20
4.330000e-05	1.959664e-48	4.042127e-48	2.618172e-48	1.883325e-17	5.798928e+27	1.125655e-48	3.847282e+20
4.350000e-05	1.986944e-48	4.098397e-48	2.654620e-48	1.818135e-18	4.451178e+28	1.141326e-48	6.788669e+20
4.370000e-05	2.014477e-48	4.155187e-48	2.691404e-48	6.482247e-19	3.791434e+27	1.157141e-48	3.253376e+20
4.390000e-05	2.042262e-48	4.212499e-48	2.728526e-48	2.908421e-19	1.273253e+28	1.173101e-48	2.425055e+20
4.410000e-05	2.070302e-48	4.270335e-48	2.765988e-48	1.324193e-19	3.302772e+27	1.189207e-48	1.458149e+20
4.430000e-05	2.098597e-48	4.328699e-48	2.803792e-48	5.812977e-20	7.870282e+27	1.205461e-48	2.629125e+20
4.450000e-05	2.127149e-48	4.387592e-48	2.841938e-48	2.329500e-20	5.384341e+27	1.221861e-48	6.878530e+19
4.470000e-05	2.155959e-48	4.447017e-48	2.880429e-48	9.034545e-21	5.446713e+27	1.238410e-48	5.897901e+19
4.490000e-05	2.185028e-48	4.506976e-48	2.919265e-48	3.301174e-21	5.213275e+27	1.255107e-48	5.602730e+19
4.510000e-05	2.214356e-48	4.567471e-48	2.958450e-48	1.105901e-21	4.981620e+27	1.271954e-48	4.099319e+19
4.530000e-05	2.243947e-48	4.628506e-48	2.997983e-48	3.341323e-22	4.676500e+27	1.288951e-48	3.126893e+19
4.550000e-05	2.273799e-48	4.690082e-48	3.037867e-48	2.652775e-23	4.305418e+27	1.306099e-48	2.089742e+19
4.570000e-05	2.303915e-48	4.752201e-48	3.078103e-48	3.074601e-24	5.072179e+27	1.323398e-48	1.854849e+19
4.590000e-05	2.334296e-48	4.814867e-48	3.118693e-48	2.363799e-24	4.363780e+27	1.340849e-48	1.305861e+19
4.610000e-05	2.364943e-48	4.878081e-48	3.159638e-48	5.201985e-25	4.146810e+27	1.358453e-48	8.197036e+18
4.630000e-05	2.395857e-48	4.941846e-48	3.200940e-48	1.855412e-25	4.513748e+27	1.376210e-48	6.666945e+18
4.650000e-05	2.427039e-48	5.006164e-48	3.242600e-48	8.948277e-26	1.988557e+27	1.394122e-48	6.947338e+18
4.670000e-05	2.458491e-48	5.071038e-48	3.284620e-48	2.750943e-26	9.878819e+27	1.412188e-48	2.479286e+18
4.690000e-05	2.490213e-48	5.136470e-48	3.327002e-48	9.012859e-27	1.096481e+27	1.430409e-48	2.009595e+18
4.710000e-05	2.522206e-48	5.202462e-48	3.369747e-48	3.606750e-27	2.742992e+27	1.448787e-48	1.402058e+18
4.730000e-05	2.554473e-48	5.269017e-48	3.412856e-48	7.840973e-28	9.079537e+26	1.467321e-48	1.816278e+18
4.750000e-05	2.587014e-48	5.336138e-48	3.456331e-48	3.569920e-28	1.583665e+27	1.486013e-48	4.481766e+17
4.770000e-05	2.619830e-48	5.403826e-48	3.500174e-48	2.855340e-29	1.273017e+27	1.504863e-48	3.238237e+17
4.790000e-05	2.652922e-48	5.472084e-48	3.544387e-48	2.431536e-30	1.180909e+27	1.523871e-48	2.716082e+17
4.810000e-05	2.686291e-48	5.540914e-48	3.588970e-48	8.578700e-32	1.186690e+27	1.543039e-48	1.551462e+17
4.830000e-05	2.719940e-48	5.610320e-48	3.633925e-48	1.285957e-31	1.085120e+27	1.562368e-48	2.789236e+17
4.850000e-05	2.753868e-48	5.680302e-48	3.679254e-48	2.393680e-32	1.103085e+27	1.581856e-48	3.578517e+16
4.870000e-05	2.788077e-48	5.750864e-48	3.724958e-48	8.720223e-33	1.007318e+27	1.601506e-48	1.444897e+17
4.890000e-05	2.822568e-48	5.822008e-48	3.771040e-48	2.010741e-33	9.168660e+26	1.621319e-48	2.193309e+16
4.910000e-05	2.857343e-48	5.893736e-48	3.817500e-48	6.252094e-34	8.461171e+26	1.641294e-48	2.168819e+16
4.930000e-05	2.892402e-48	5.966051e-48	3.864340e-48	1.758944e-34	1.220111e+27	1.661432e-48	1.790822e+16
4.950000e-05	2.927747e-48	6.038955e-48	3.911561e-48	4.703004e-35	4.893210e+26	1.681734e-48	1.438823e+16
4.970000e-05	2.963378e-48	6.112451e-48	3.959166e-48	1.240763e-35	9.671665e+26	1.702202e-48	1.019776e+16
4.990000e-05	2.999297e-48	6.186540e-48	4.007155e-48	2.446810e-36	1.905981e+27	1.722834e-48	7.385567e+15
5.010000e-05	3.035506e-48	6.261226e-48	4.055531e-48	1.967059e-37	2.503666e+26	1.743633e-48	5.082247e+15
5.030000e-05	3.072005e-48	6.336511e-48	4.104294e-48	1.951667e-38	6.113326e+26	1.764598e-48	3.077753e+15
5.050000e-05	3.108795e-48	6.412396e-48	4.153447e-48	2.581192e-48	1.942067e+26	1.785731e-48	3.816638e+15
5.070000e-05	3.145877e-48	6.488885e-48	4.202991e-48	2.611982e-48	3.370634e+26	1.807031e-48	1.374305e+15
5.090000e-05	3.183254e-48	6.565980e-48	4.252927e-48	2.643015e-48	2.700588e+26	1.828501e-48	1.146079e+15
5.110000e-05	3.220925e-48	6.643683e-48	4.303257e-48	2.674293e-48	2.457303e+26	1.850140e-48	5.572131e+14
5.130000e-05	3.258892e-48	6.721997e-48	4.353982e-48	2.705816e-48	2.459100e+26	1.871949e-48	8.488313e+14
5.150000e-05	3.297157e-48	6.800924e-48	4.405105e-48	2.737587e-48	2.275066e+26	1.893928e-48	1.325719e+14
5.170000e-05	3.335720e-48	6.880466e-48	4.456626e-48	2.769605e-48	2.144523e+26	1.916079e-48	3.072025e+14
5.190000e-05	3.374582e-48	6.960626e-48	4.508547e-48	2.801872e-48	2.040326e+26	1.938402e-48	4.757402e+13
5.210000e-05	3.413745e-48	7.041406e-48	4.560870e-48	2.834389e-48	1.715326e+26	1.960898e-48	4.245602e+13
5.230000e-05	3.453210e-48	7.122809e-48	4.613596e-48	2.867156e-48	2.221388e+26	1.983567e-48	3.185106e+13
5.250000e-05	3.492978e-48	7.204836e-48	4.666728e-48	2.900175e-48	1.839520e+26	2.006410e-48	1.805287e+13
5.270000e-05	3.533050e-48	7.287492e-48	4.720265e-48	2.933446e-48	8.561019e+25	2.029428e-48	2.897718e+13
5.290000e-05	3.573427e-48	7.370776e-48	4.774210e-48	2.966971e-48	1.869591e+26	2.052621e-48	1.049393e+13
5.310000e-05	3.614111e-48	7.454693e-48	4.828565e-48	3.000750e-48	3.589278e+26	2.075991e-48	6.889759e+12
5.330000e-05	3.655102e-48	7.539245e-48	4.883331e-48	3.034785e-48	4.216855e+25	2.099537e-48	4.344698e+12
5.350000e-05	3.696402e-48	7.624433e-48	4.938509e-48	3.069076e-48	1.132346e+26	2.123260e-48	4.451096e+12
5.370000e-05	3.738013e-48	7.710261e-48	4.994102e-48	3.103624e-48	3.291137e+25	2.147161e-48	2.051872e+12
5.390000e-05	3.779934e-48	7.796730e-48	5.050110e-48	3.138431e-48	6.501773e+25	2.171241e-48	1.202649e+12
5.410000e-05	3.822167e-48	7.883844e-48	5.106535e-48	3.173497e-48	4.704724e+25	2.195501e-48	6.290109e+11
5.430000e-05	3.864714e-48	7.971604e-48	5.163379e-48	3.208823e-48	4.513337e+25	2.219940e-48	7.987401e+11
5.450000e-05	3.907576e-48	8.060013e-48	5.220644e-48	3.244410e-48	4.294057e+25	2.244560e-48	1.253157e+11
5.470000e-05	3.950753e-48	8.149073e-48	5.278330e-48	3.280260e-48	4.045566e+25	2.269362e-48	9.958909e+10
5.490000e-05	3.994247e-48	8.238787e-48	5.336439e-48	3.316372e-48	3.859839e+25	2.294346e-48	7.756461e+10
5.510000e-05	4.038059e-48	8.329156e-48	5.394974e-48	3.352749e-48	3.175101e+25	2.319512e-48	5.768742e+10
5.530000e-05	4.082191e-48	8.420185e-48	5.453935e-48	3.389391e-48	3.963969e+25	2.344862e-48	2.935159e+10
5.550000e-05	4.126643e-48	8.511874e-48	5.513324e-48	3.426298e-48	3.120828e+25	2.370395e-48	2.049119e+10
5.570000e-05	4.171416e-48	8.604226e-48	5.573142e-48	3.463473e-48	2.994849e+25	2.396114e-48	1.285869e+10
5.590000e-05	4.216512e-48	8.697244e-48	5.633392e-48	3.500916e-48	3.044833e+25	2.422017e-48	3.799668e+09
5.610000e-05	4.261932e-48	8.790930e-48	5.694074e-48	3.538627e-48	1.249285e+25	2.448107e-48	8.975645e+09
5.630000e-05	4.307677e-48	8.885286e-48	5.755191e-48	3.576609e-48	6.476558e+25	2.474383e-48	3.896418e+08
5.650000e-05	4.353748e-48	8.980315e-48	5.816743e-48	3.614861e-48	6.010772e+24	2.500847e-48	1.908503e+09
5.670000e-05	4.400146e-48	9.076019e-48	5.878733e-48	3.653385e-48	1.414001e+25	2.527499e-48	2.429082e+08
5.690000e-05	4.446873e-48	9.172401e-48	5.941161e-48	3.692182e-48	5.081557e+24	2.554339e-48	2.197958e+08
5.710000e-05	4.493929e-48	9.269462e-48	6.004030e-48	3.731252e-48	7.404987e+24	2.581369e-48	1.606777e+08
5.730000e-05	4.541316e-48	9.367206e-48	6.067341e-48	3.770597e-48	6.945534e+24	2.608589e-48	1.169941e+08
5.750000e-05	4.589036e-48	9.465635e-48	6.131095e-48	3.810218e-48	4.355683e+24	2.636000e-48	5.479115e+07
5.770000e-05	4.637088e-48	9.564751e-48	6.195295e-48	3.850115e-48	6.587151e+24	2.663601e-48	3.258352e+07
5.790000e-05	4.685475e-48	9.664556e-48	6.259941e-48	3.890290e-48	5.669662e+24	2.691395e-48	2.176398e+07
5.810000e-05	4.734197e-48	9.765053e-48	6.325035e-48	3.930743e-48	5.043928e+24	2.719382e-48	1.558654e+07
5.830000e-05	4.783255e-48	9.866245e-48	6.390579e-48	3.971476e-48	5.470480e+24	2.747562e-48	7.515467e+06
5.850000e-05	4.832652e-48	9.968133e-48	6.456574e-48	4.012489e-48	4.436354e+24	2.775936e-48	4.150366e+06
5.870000e-05	4.882387e-48	1.007072e-47	6.523022e-48	4.053783e-48	4.021054e+24	2.804504e-48	1.493868e+06
5.890000e-05	4.932462e-48	1.017401e-47	6.589924e-48	4.095360e-48	3.590769e+24	2.833268e-48	1.590392e+06
5.910000e-05	4.982879e-48	1.027800e-47	6.657282e-48	4.137221e-48	3.626295e+24	2.862228e-48	2.227409e+05
5.930000e-05	5.033638e-48	1.038270e-47	6.725098e-48	4.179365e-48	3.814233e+24	2.891385e-48	1.654360e+05
5.950000e-05	5.084741e-48	1.048811e-47	6.793373e-48	4.221795e-48	2.020168e+23	2.920739e-48	1.182682e+05
5.970000e-05	5.136188e-48	1.059423e-47	6.862108e-48	4.264511e-48	8.051880e+24	2.950291e-48	7.514024e+04
5.990000e-05	5.187981e-48	1.070106e-47	6.931305e-48	4.307514e-48	2.754566e+23	2.980041e-48	2.980306e+04
6.010000e-05	5.240121e-48	1.080860e-47	7.000966e-48	4.350805e-48	2.277171e+24	3.009991e-48	1.802784e+04
6.030000e-05	5.292609e-48	1.091687e-47	7.071092e-48	4.394386e-48	9.966416e+23	3.040141e-48	1.074921e+04
6.050000e-05	5.345447e-48	1.102586e-47	7.141685e-48	4.438256e-48	5.967362e+23	3.070492e-48	3.500088e+03
6.070000e-05	5.398635e-48	1.113557e-47	7.212746e-48	4.482418e-48	9.026412e+23	3.101044e-48	4.756537e+03
6.090000e-05	5.452175e-48	1.124600e-47	7.284276e-48	4.526871e-48	7.427989e+23	3.131798e-48	9.843305e+02
6.110000e-05	5.506067e-48	1.135716e-47	7.356279e-48	4.571617e-48	6.714954e+23	3.162754e-48	5.591201e+02
6.130000e-05	5.560314e-48	1.146906e-47	7.428754e-48	4.616658e-48	6.478274e+23	3.193914e-48	3.048781e+02
6.150000e-05	5.614916e-48	1.158168e-47	7.501703e-48	4.661993e-48	5.849080e+23	3.225278e-48	2.053251e+02
6.170000e-05	5.669874e-48	1.169504e-47	7.575129e-48	4.707624e-48	5.257230e+23	3.256847e-48	6.673949e+01
6.190000e-05	5.725189e-48	1.180914e-47	7.649032e-48	4.753551e-48	4.965271e+23	3.288620e-48	4.103148e+01
6.210000e-05	5.780863e-48	1.192397e-47	7.723414e-48	4.799777e-48	5.059334e+23	3.320600e-48	1.911494e+01
6.230000e-05	5.836897e-48	1.203955e-47	7.798277e-48	4.846301e-48	4.258108e+23	3.352787e-48	9.621530e+00
6.250000e-05	5.893292e-48	1.215588e-47	7.873623e-48	4.893125e-48	4.208607e+23	3.385181e-48	2.573897e+00
6.270000e-05	5.950049e-48	1.227295e-47	7.949452e-48	4.940249e-48	9.792307e+22	3.417783e-48	4.269053e-01
6.290000e-05	6.007169e-48	1.239077e-47	8.025766e-48	4.987675e-48	8.388651e+23	3.450593e-48	2.853835e-01
6.310000e-05	6.064653e-48	1.250934e-47	8.102567e-48	5.035404e-48	6.378396e+22	3.483613e-48	1.668503e-01
6.330000e-05	6.122503e-48	1.262866e-47	8.179856e-48	5.083436e-48	2.174985e+23	3.516843e-48	8.047061e-02
6.350000e-05	6.180720e-48	1.274874e-47	8.257636e-48	5.131773e-48	5.004130e+22	3.550283e-48	6.371797e-02
6.370000e-05	6.239305e-48	1.286958e-47	8.335907e-48	5.180415e-48	1.288097e+23	3.583935e-48	2.138610e-02
6.390000e-05	6.298258e-48	1.299119e-47	8.414671e-48	5.229363e-48	8.422035e+22	3.617799e-48	1.053587e-02
6.410000e-05	6.357582e-48	1.311355e-47	8.493929e-48	5.278619e-48	7.375960e+22	3.651875e-48	4.740081e-03
6.430000e-05	6.417277e-48	1.323668e-47	8.573684e-48	5.328183e-48	6.894201e+22	3.686165e-48	2.024068e-03
6.450000e-05	6.477345e-48	1.336058e-47	8.653936e-48	5.378057e-48	6.538971e+22	3.720668e-48	5.672519e-04
6.470000e-05	6.537787e-48	1.348525e-47	8.734688e-48	5.428241e-48	5.567446e+22	3.755387e-48	2.326450e-04
6.490000e-05	6.598603e-48	1.361070e-47	8.815940e-48	5.478736e-48	6.221889e+22	3.790320e-48	1.331428e-04
6.510000e-05	6.659795e-48	1.373691e-47	8.897695e-48	5.529543e-48	5.280086e+22	3.825470e-48	6.031656e-05
6.530000e-05	6.721364e-48	1.386391e-47	8.979953e-48	5.580663e-48	4.575543e+22	3.860836e-48	1.606016e-05
6.550000e-05	6.783312e-48	1.399169e-47	9.062717e-48	5.632097e-48	4.203678e+22	3.896419e-48	8.050805e-06
6.570000e-05	6.845639e-48	1.412025e-47	9.145988e-48	5.683847e-48	4.235920e+22	3.932221e-48	4.019163e-06
6.590000e-05	6.908347e-48	1.424959e-47	9.229768e-48	5.735912e-48	1.588870e+22	3.968241e-48	1.752480e-06
6.610000e-05	6.971437e-48	1.437973e-47	9.314058e-48	5.788295e-48	7.129897e+22	4.004481e-48	7.279838e-07
6.630000e-05	7.034909e-48	1.451065e-47	9.398859e-48	5.840995e-48	7.427820e+21	4.040940e-48	2.521359e-07
6.650000e-05	7.098766e-48	1.464236e-47	9.484173e-48	5.894014e-48	1.776332e+22	4.077620e-48	1.014197e-07
6.670000e-05	7.163007e-48	1.477487e-47	9.570002e-48	5.947353e-48	5.506284e+21	4.114521e-48	1.999385e-08
6.690000e-05	7.227636e-48	1.490818e-47	9.656348e-48	6.001013e-48	9.581843e+21	4.151645e-48	2.992787e-09
6.710000e-05	7.292651e-48	1.504228e-47	9.743211e-48	6.054995e-48	7.480463e+21	4.188990e-48	1.705304e-09
6.730000e-05	7.358056e-48	1.517719e-47	9.830593e-48	6.109300e-48	6.610258e+21	4.226560e-48	8.182965e-10
6.750000e-05	7.423851e-48	1.531290e-47	9.918497e-48	6.163928e-48	5.922315e+21	4.264353e-48	2.623002e-10
6.770000e-05	7.490036e-48	1.544942e-47	1.000692e-47	6.218881e-48	5.551554e+21	4.302371e-48	2.158854e-10
6.790000e-05	7.556614e-48	1.558675e-47	1.009587e-47	6.274160e-48	5.068868e+21	4.340614e-48	4.207728e-11
6.810000e-05	7.623585e-48	1.572489e-47	1.018535e-47	6.329765e-48	4.588955e+21	4.379083e-48	1.959321e-11
6.830000e-05	7.690950e-48	1.586384e-47	1.027535e-47	6.385698e-48	3.696779e+21	4.417778e-48	7.300455e-12
6.850000e-05	7.758712e-48	1.600361e-47	1.036588e-47	6.441959e-48	3.411382e+21	4.456701e-48	2.218715e-12
6.870000e-05	7.826870e-48	1.614420e-47	1.045694e-47	6.498550e-48	4.565860e+21	4.495852e-48	6.981852e-13
6.890000e-05	7.895426e-48	1.628560e-47	1.054854e-47	6.555471e-48	1.724319e+21	4.535232e-48	2.707764e-13
6.910000e-05	7.964381e-48	1.642784e-47	1.064066e-47	6.612724e-48	3.228283e+21	4.574840e-48	3.862756e-14
6.930000e-05	8.033737e-48	1.657089e-47	1.073332e-47	6.670309e-48	6.963970e-48	4.614679e-48	1.959874e-14
6.950000e-05	8.103494e-48	1.671478e-47	1.082652e-47	6.728227e-48	5.779929e+21	4.654748e-48	1.602678e-15
6.970000e-05	8.173654e-48	1.685949e-47	1.092026e-47	6.786480e-48	9.121850e+19	4.695049e-48	6.980172e-16
6.990000e-05	8.244217e-48	1.700504e-47	1.101453e-47	6.845068e-48	1.493071e+21	4.735582e-48	3.140524e-16
7.010000e-05	8.315186e-48	1.715143e-47	1.110935e-47	6.903992e-48	5.883049e+20	4.776347e-48	8.026926e-17
7.030000e-05	8.386560e-48	1.729865e-47	1.120471e-47	6.963254e-48	2.932416e+20	4.817345e-48	3.053810e-17
7.050000e-05	8.458342e-48	1.744671e-47	1.130061e-47	7.022853e-48	5.629229e+20	4.858578e-48	8.237534e-18
7.070000e-05	8.530532e-48	1.759562e-47	1.139706e-47	7.082792e-48	4.029550e+20	4.900045e-48	2.952609e-18
7.090000e-05	8.603132e-48	1.774536e-47	1.149405e-47	7.143071e-48	3.639143e+20	4.941747e-48	6.725199e-19
7.110000e-05	8.676143e-48	1.789596e-47	1.159160e-47	7.203691e-48	3.234380e+20	4.983685e-48	3.849581e-19
7.130000e-05	8.749566e-48	1.804741e-47	1.168969e-47	7.264652e-48	3.037690e+20	5.025860e-48	2.763974e-20
7.150000e-05	8.823401e-48	1.819970e-47	1.178834e-47	7.325957e-48	2.429228e+20	5.068272e-48	7.582967e-21
7.170000e-05	8.897651e-48	1.835286e-47	1.188754e-47	7.387606e-48	2.624969e+20	5.110922e-48	5.930114e-22
7.190000e-05	8.972316e-48	1.850687e-47	1.198730e-47	7.449599e-48	2.051595e+20	5.153811e-48	2.367143e-22
7.210000e-05	9.047398e-48	1.866173e-47	1.208761e-47	7.511939e-48	1.836462e+20	5.196939e-48	7.592269e-23
7.230000e-05	9.122897e-48	1.881746e-47	1.218848e-47	7.574625e-48	1.622723e+20	5.240307e-48	2.411185e-23
7.250000e-05	9.198816e-48	1.897406e-47	1.228991e-47	7.637659e-48	4.064083e+19	5.283915e-48	3.017313e-24
7.270000e-05	9.275154e-48	1.913152e-47	1.239190e-47	7.701042e-48	2.921196e+20	5.327765e-48	1.077399e-24
7.290000e-05	9.351914e-48	1.928985e-47	1.249445e-47	7.764774e-48	2.142155e+19	5.371856e-48	3.029752e-25
7.310000e-05	9.429095e-48	1.944905e-47	1.259757e-47	7.828857e-48	6.906805e+19	5.416191e-48	9.896906e-26
7.330000e-05	9.506701e-48	1.960912e-47	1.270125e-47	7.893292e-48	1.563951e+19	5.460768e-48	1.437695e-26
7.350000e-05	9.584731e-48	1.977007e-47	1.280550e-47	7.958079e-48	3.927174e+19	5.505589e-48	4.027445e-27
7.370000e-05	9.663187e-48	1.993190e-47	1.291032e-47	8.023220e-48	2.462334e+19	5.550655e-48	9.829067e-28
7.390000e-05	9.742069e-48	2.009461e-47	1.301571e-47	8.088715e-48	2.093831e+19	5.595967e-48	1.157403e-28
7.410000e-05	9.821380e-48	2.025820e-47	1.312167e-47	8.154566e-48	1.887913e+19	5.641524e-48	3.141910e-29
7.430000e-05	9.901120e-48	2.042268e-47	1.322821e-47	8.220774e-48	1.736738e+19	5.687328e-48	2.414866e-30
7.450000e-05	9.981291e-48	2.058804e-47	1.333532e-47	8.287338e-48	1.427924e+19	5.733379e-48	5.733200e-31
7.470000e-05	1.006189e-47	2.075430e-47	1.344300e-47	8.354261e-48	1.524454e+19	5.779678e-48	1.344107e-31
7.490000e-05	1.014293e-47	2.092144e-47	1.355127e-47	8.421544e-48	1.236473e+19	5.826225e-48	2.932125e-32
7.510000e-05	1.022440e-47	2.108949e-47	1.366011e-47	8.489186e-48	1.029703e+19	5.873022e-48	3.878674e-33
7.530000e-05	1.030630e-47	2.125843e-47	1.376954e-47	8.557190e-48	9.353570e+18	5.920069e-48	8.400018e-34
7.550000e-05	1.038864e-47	2.142827e-47	1.387955e-47	8.625556e-48	8.500022e+18	5.967366e-48	1.717644e-34
7.570000e-05	1.047142e-47	2.159901e-47	1.399014e-47	8.694285e-48	3.395022e+18	6.014914e-48	8.272065e-36
7.590000e-05	1.055464e-47	2.177066e-47	1.410132e-47	8.763379e-48	1.198264e+19	6.062715e-48	1.262873e-36
7.610000e-05	1.063829e-47	2.194321e-47	1.421309e-47	8.832837e-48	1.256043e+18	6.110768e-48	2.140221e-37
7.630000e-05	1.072239e-47	2.211667e-47	1.432545e-47	8.902661e-48	2.637325e+18	6.159074e-48	4.541340e-38
7.650000e-05	1.080693e-47	2.229105e-47	1.443839e-47	8.972853e-48	9.282129e+17	6.207634e-48	1.144286e-38
7.670000e-05	1.089191e-47	2.246634e-47	1.455193e-47	9.043412e-48	1.210708e+18	6.256449e-48	7.536177e-48
7.690000e-05	1.097734e-47	2.264254e-47	1.466606e-47	9.114341e-48	1.102541e+18	6.305519e-48	7.595284e-48
7.710000e-05	1.106321e-47	2.281967e-47	1.478079e-47	9.185639e-48	6.037601e+17	6.354845e-48	7.654699e-48
7.730000e-05	1.114953e-47	2.299772e-47	1.489612e-47	9.257308e-48	9.013712e+17	6.404427e-48	7.714424e-48
7.750000e-05	1.123629e-47	2.317669e-47	1.501204e-47	9.329349e-48	7.273339e+17	6.454267e-48	7.774458e-48
7.770000e-05	1.132351e-47	2.335658e-47	1.512856e-47	9.401763e-48	7.180043e+17	6.504364e-48	7.834803e-48
7.790000e-05	1.141117e-47	2.353741e-47	1.524568e-47	9.474551e-48	5.466197e+17	6.554721e-48	7.895459e-48
7.810000e-05	1.149929e-47	2.371916e-47	1.536341e-47	9.547713e-48	4.607851e+17	6.605336e-48	7.956427e-48
7.830000e-05	1.158786e-47	2.390185e-47	1.548174e-47	9.621251e-48	3.606441e+17	6.656211e-48	8.017709e-48
7.850000e-05	1.167688e-47	2.408547e-47	1.560068e-47	9.695165e-48	3.257634e+17	6.707347e-48	8.079304e-48
7.870000e-05	1.176636e-47	2.427004e-47	1.572022e-47	9.769457e-48	3.030440e+17	6.758744e-48	8.141214e-48
7.890000e-05	1.185629e-47	2.445554e-47	1.584038e-47	9.844128e-48	3.010042e+17	6.810403e-48	8.203440e-48
7.910000e-05	1.194668e-47	2.464198e-47	1.596114e-47	9.919178e-48	3.498543e+17	6.862325e-48	8.265982e-48
7.930000e-05	1.203753e-47	2.482937e-47	1.608252e-47	9.994609e-48	6.179786e+16	6.914509e-48	8.328841e-48
7.950000e-05	1.212884e-47	2.501771e-47	1.620451e-47	1.007042e-47	1.163006e+17	6.966958e-48	8.392018e-48
7.970000e-05	1.222061e-47	2.520700e-47	1.632712e-47	1.014662e-47	3.702355e+16	7.019671e-48	8.455513e-48
7.990000e-05	1.231284e-47	2.539724e-47	1.645034e-47	1.022319e-47	5.422595e+16	7.072650e-48	8.519328e-48
8.010000e-05	1.240553e-47	2.558844e-47	1.657418e-47	1.030016e-47	4.129529e+16	7.125894e-48	8.583463e-48
8.030000e-05	1.249869e-47	2.578059e-47	1.669864e-47	1.037750e-47	3.465602e+16	7.179405e-48	8.647919e-48
8.050000e-05	1.259231e-47	2.597370e-47	1.682373e-47	1.045524e-47	2.985144e+16	7.233183e-48	8.712698e-48
8.070000e-05	1.268640e-47	2.616778e-47	1.694943e-47	1.053336e-47	2.584587e+16	7.287229e-48	8.777798e-48
8.090000e-05	1.278096e-47	2.636281e-47	1.707576e-47	1.061187e-47	2.136610e+16	7.341543e-48	8.843223e-48
8.110000e-05	1.287598e-47	2.655882e-47	1.720272e-47	1.069077e-47	2.058759e+16	7.396127e-48	8.908971e-48
8.130000e-05	1.297148e-47	2.675579e-47	1.733030e-47	1.077005e-47	1.600334e+16	7.450981e-48	8.975045e-48
8.150000e-05	1.306745e-47	2.695374e-47	1.745852e-47	1.084973e-47	1.339418e+16	7.506105e-48	9.041445e-48
8.170000e-05	1.316388e-47	2.715266e-47	1.758736e-47	1.092981e-47	1.139721e+16	7.561500e-48	9.108171e-48
8.190000e-05	1.326080e-47	2.735256e-47	1.771684e-47	1.101027e-47	1.005030e+16	7.617168e-48	9.175225e-48
8.210000e-05	1.335818e-47	2.755343e-47	1.784695e-47	1.109113e-47	3.309382e+15	7.673107e-48	9.242607e-48
8.230000e-05	1.345604e-47	2.775529e-47	1.797770e-47	1.117238e-47	1.035691e+16	7.729320e-48	9.310318e-48
8.250000e-05	1.355438e-47	2.795813e-47	1.810908e-47	1.125403e-47	6.593200e+14	7.785807e-48	9.378359e-48
8.270000e-05	1.365320e-47	2.816195e-47	1.824110e-47	1.133608e-47	1.403184e+14	7.842569e-48	9.446731e-48
8.290000e-05	1.375249e-47	2.836676e-47	1.837376e-47	1.141852e-47	1.611015e+15	7.899605e-48	9.515434e-48
8.310000e-05	1.385227e-47	2.857257e-47	1.850707e-47	1.150136e-47	6.317401e+14	7.956918e-48	9.584469e-48
8.330000e-05	1.395253e-47	2.877937e-47	1.864101e-47	1.158461e-47	4.149227e+14	8.014507e-48	9.653838e-48
8.350000e-05	1.405327e-47	2.898716e-47	1.877561e-47	1.166825e-47	4.633620e+14	8.072373e-48	9.723540e-48
8.370000e-05	1.415449e-47	2.919595e-47	1.891084e-47	1.175229e-47	3.578020e+14	8.130517e-48	9.793578e-48
8.390000e-05	1.425620e-47	2.940574e-47	1.904673e-47	1.183674e-47	3.572954e+14	8.188940e-48	9.863950e-48
8.410000e-05	1.435839e-47	2.961653e-47	1.918327e-47	1.192159e-47	2.898727e+14	8.247642e-48	9.934659e-48
8.430000e-05	1.446108e-47	2.982833e-47	1.932045e-47	1.200685e-47	2.391689e+14	8.306624e-48	1.000571e-47
8.450000e-05	1.456425e-47	3.004114e-47	1.945829e-47	1.209251e-47	1.976923e+14	8.365886e-48	1.007709e-47
8.470000e-05	1.466791e-47	3.025495e-47	1.959678e-47	1.217858e-47	1.678279e+14	8.425429e-48	1.014881e-47
8.490000e-05	1.477206e-47	3.046978e-47	1.973593e-47	1.226505e-47	1.899250e+14	8.485255e-48	1.022087e-47
8.510000e-05	1.487670e-47	3.068562e-47	1.987574e-47	1.235193e-47	7.896190e+13	8.545362e-48	1.029328e-47
8.530000e-05	1.498183e-47	3.090248e-47	2.001620e-47	1.243923e-47	1.118211e+14	8.605753e-48	1.036602e-47
8.550000e-05	1.508746e-47	3.112036e-47	2.015732e-47	1.252693e-47	1.060090e+14	8.666428e-48	1.043911e-47
8.570000e-05	1.519359e-47	3.133926e-47	2.029911e-47	1.261504e-47	4.909650e-03	8.727388e-48	1.051254e-47
8.590000e-05	1.530021e-47	3.155918e-47	2.044156e-47	1.270357e-47	1.183559e+14	8.788632e-48	1.058631e-47
8.610000e-05	1.540733e-47	3.178013e-47	2.058467e-47	1.279251e-47	3.548095e+12	8.850163e-48	1.066042e-47
8.630000e-05	1.551495e-47	3.200211e-47	2.072845e-47	1.288186e-47	2.812903e+13	8.911980e-48	1.073488e-47
8.650000e-05	1.562306e-47	3.222512e-47	2.087290e-47	1.297163e-47	1.066715e+13	8.974084e-48	1.080969e-47
8.670000e-05	1.573168e-47	3.244916e-47	2.101802e-47	1.306182e-47	5.715972e+12	9.036476e-48	1.088485e-47
8.690000e-05	1.584080e-47	3.267424e-47	2.116381e-47	1.315242e-47	8.526373e+12	9.099157e-48	1.096035e-47
8.710000e-05	1.595043e-47	3.290036e-47	2.131027e-47	1.324344e-47	6.017768e+12	9.162126e-48	1.103620e-47
8.730000e-05	1.606056e-47	3.312752e-47	2.145741e-47	1.333488e-47	5.094419e+12	9.225386e-48	1.111240e-47
8.750000e-05	1.617119e-47	3.335572e-47	2.160522e-47	1.342673e-47	4.184368e+12	9.288936e-48	1.118895e-47
8.770000e-05	1.628233e-47	3.358497e-47	2.175371e-47	1.351901e-47	3.480359e+12	9.352777e-48	1.126585e-47
8.790000e-05	1.639398e-47	3.381527e-47	2.190288e-47	1.361172e-47	2.809004e+12	9.416910e-48	1.134310e-47
8.810000e-05	1.650614e-47	3.404662e-47	2.205273e-47	1.370484e-47	2.423721e+12	9.481336e-48	1.142070e-47
8.830000e-05	1.661881e-47	3.427901e-47	2.220326e-47	1.379839e-47	1.855074e+12	9.546055e-48	1.149866e-47
8.850000e-05	1.673199e-47	3.451247e-47	2.235447e-47	1.389236e-47	1.503259e+12	9.611067e-48	1.157697e-47
8.870000e-05	1.684569e-47	3.474698e-47	2.250637e-47	1.398676e-47	1.250213e+12	9.676374e-48	1.165563e-47
8.890000e-05	1.695990e-47	3.498255e-47	2.265895e-47	1.408158e-47	2.777348e+11	9.741977e-48	1.173465e-47
8.910000e-05	1.707462e-47	3.521919e-47	2.281223e-47	1.417684e-47	1.178574e+12	9.807875e-48	1.181403e-47
8.930000e-05	1.718986e-47	3.545689e-47	2.296619e-47	1.427252e-47	8.960857e+10	9.874070e-48	1.189377e-47
8.950000e-05	1.730561e-47	3.569565e-47	2.312084e-47	1.436863e-47	1.815819e+11	9.940561e-48	1.197386e-47
8.970000e-05	1.742189e-47	3.593549e-47	2.327619e-47	1.446517e-47	5.947912e+10	1.000735e-47	1.205431e-47
8.990000e-05	1.753868e-47	3.617640e-47	2.343223e-47	1.456214e-47	8.568298e+10	1.007444e-47	1.213512e-47
9.010000e-05	1.765600e-47	3.641838e-47	2.358897e-47	1.465955e-47	5.947061e+10	1.014183e-47	1.221629e-47
9.030000e-05	1.777384e-47	3.666144e-47	2.374640e-47	1.475739e-47	3.390987e+10	1.020951e-47	1.229782e-47
9.050000e-05	1.789220e-47	3.690557e-47	2.390453e-47	1.485566e-47	4.938287e+10	1.027750e-47	1.237972e-47
9.070000e-05	1.801108e-47	3.715079e-47	2.406337e-47	1.495437e-47	3.674633e+10	1.034579e-47	1.246197e-47
9.090000e-05	1.813049e-47	3.739709e-47	2.422290e-47	1.505351e-47	2.839649e+10	1.041438e-47	1.254460e-47
9.110000e-05	1.825043e-47	3.764448e-47	2.438314e-47	1.515310e-47	2.744109e+10	1.048327e-47	1.262758e-47
9.130000e-05	1.837089e-47	3.789296e-47	2.454409e-47	1.525312e-47	1.808325e+10	1.055247e-47	1.271093e-47
9.150000e-05	1.849188e-47	3.814253e-47	2.470574e-47	1.535358e-47	1.432565e+10	1.062197e-47	1.279465e-47
9.170000e-05	1.861341e-47	3.839319e-47	2.486810e-47	1.545447e-47	1.095478e+10	1.069178e-47	1.287873e-47
9.190000e-05	1.873546e-47	3.864495e-47	2.503117e-47	1.555582e-47	9.280279e+09	1.076188e-47	1.296318e-47
9.210000e-05	1.885805e-47	3.889781e-47	2.519495e-47	1.565760e-47	7.576798e+09	1.083230e-47	1.304800e-47
9.230000e-05	1.898117e-47	3.915176e-47	2.535944e-47	1.575982e-47	5.873345e+08	1.090302e-47	1.313319e-47
9.250000e-05	1.910483e-47	3.940682e-47	2.552465e-47	1.586249e-47	6.552963e+09	1.097405e-47	1.321874e-47
9.270000e-05	1.922902e-47	3.966299e-47	2.569057e-47	1.596561e-47	4.234482e+08	1.104539e-47	1.330467e-47
9.290000e-05	1.935375e-47	3.992026e-47	2.585721e-47	1.606917e-47	1.099647e+09	1.111703e-47	1.339097e-47
