# number of size bins = 100
# 0:size [cm], masses (1:Al2O3, 2:Fe, 3:Fe3O4, 4:MgSiO3, 5:Mg2SiO4, 6:AC, 7:SiO2) [g]
1.000000e-07	9.870097e+24	0.000000e+00	0.000000e+00	3.255555e+00	2.141245e+19	0.000000e+00	0.000000e+00
1.072267e-07	0.000000e+00	0.000000e+00	0.000000e+00	0.000000e+00	0.000000e+00	0.000000e+00	0.000000e+00
1.149757e-07	0.000000e+00	0.000000e+00	0.000000e+00	0.000000e+00	2.059971e+11	0.000000e+00	0.000000e+00
1.232847e-07	6.974482e+11	0.000000e+00	0.000000e+00	0.000000e+00	6.939348e+22	0.000000e+00	0.000000e+00
1.321941e-07	1.084153e+25	0.000000e+00	3.973013e+25	0.000000e+00	0.000000e+00	0.000000e+00	0.000000e+00
1.417474e-07	3.652538e+24	0.000000e+00	0.000000e+00	0.000000e+00	0.000000e+00	0.000000e+00	0.000000e+00
1.519911e-07	0.000000e+00	0.000000e+00	0.000000e+00	0.000000e+00	0.000000e+00	0.000000e+00	0.000000e+00
1.629751e-07	1.344743e+26	0.000000e+00	5.183075e+22	1.206847e+05	4.274556e+21	0.000000e+00	0.000000e+00
1.747528e-07	7.771634e+25	0.000000e+00	1.447951e+26	0.000000e+00	5.350384e+23	0.000000e+00	0.000000e+00
1.873817e-07	5.552813e+26	0.000000e+00	0.000000e+00	0.000000e+00	8.656675e+23	9.638892e+04	0.000000e+00
2.009233e-07	5.334162e+26	0.000000e+00	1.341489e+24	6.939017e+00	0.000000e+00	0.000000e+00	0.000000e+00
2.154435e-07	0.000000e+00	0.000000e+00	0.000000e+00	0.000000e+00	0.000000e+00	0.000000e+00	0.000000e+00
2.310130e-07	4.705157e+26	0.000000e+00	1.433654e+26	0.000000e+00	0.000000e+00	2.727019e+02	0.000000e+00
2.477076e-07	4.117512e+26	0.000000e+00	3.224859e+26	7.223846e+05	1.611817e+22	9.052170e-14	0.000000e+00
2.656088e-07	2.701641e+26	0.000000e+00	2.162313e+26	1.866899e+04	2.594870e+23	3.541967e-13	0.000000e+00
2.848036e-07	1.427363e+27	0.000000e+00	0.000000e+00	1.798441e+10	2.165556e+25	0.000000e+00	0.000000e+00
3.053856e-07	0.000000e+00	0.000000e+00	0.000000e+00	0.000000e+00	0.000000e+00	0.000000e+00	0.000000e+00
3.274549e-07	1.796421e+26	0.000000e+00	5.288798e+26	9.272872e+09	0.000000e+00	0.000000e+00	0.000000e+00
3.511192e-07	4.466087e+26	0.000000e+00	6.731446e+24	5.522801e+10	1.360383e+24	0.000000e+00	0.000000e+00
3.764936e-07	5.045117e+26	0.000000e+00	1.198735e+27	6.305582e+10	2.000359e+25	0.000000e+00	0.000000e+00
4.037017e-07	1.751372e+26	0.000000e+00	9.208438e+26	0.000000e+00	2.556391e+25	9.959444e-31	0.000000e+00
4.328761e-07	0.000000e+00	0.000000e+00	0.000000e+00	0.000000e+00	0.000000e+00	0.000000e+00	0.000000e+00
4.641589e-07	9.431444e+26	0.000000e+00	7.867591e+26	1.080739e+06	5.382466e+25	0.000000e+00	0.000000e+00
4.977024e-07	2.223525e+24	0.000000e+00	1.461263e+27	3.458009e+08	9.365732e+25	0.000000e+00	0.000000e+00
5.336699e-07	3.849859e+26	0.000000e+00	1.625434e+27	4.604581e+11	4.119025e+24	2.559562e-20	0.000000e+00
5.722368e-07	5.360141e+26	0.000000e+00	1.623074e+27	2.716754e+09	1.252379e+26	0.000000e+00	0.000000e+00
6.135907e-07	0.000000e+00	0.000000e+00	0.000000e+00	0.000000e+00	0.000000e+00	0.000000e+00	0.000000e+00
6.579332e-07	5.763350e+26	0.000000e+00	4.592615e+27	3.290103e+09	9.849546e+24	3.650820e-30	0.000000e+00
7.054802e-07	5.146664e+26	0.000000e+00	1.650369e+27	3.129611e+10	3.257327e+25	0.000000e+00	0.000000e+00
7.564633e-07	8.115259e+26	0.000000e+00	1.109448e+28	2.784060e+11	2.716240e+26	8.563624e-06	0.000000e+00
8.111308e-07	1.833697e+26	0.000000e+00	3.162187e+27	6.924106e+11	6.897447e+25	8.269507e+06	0.000000e+00
8.697490e-07	0.000000e+00	0.000000e+00	0.000000e+00	0.000000e+00	0.000000e+00	0.000000e+00	0.000000e+00
9.326033e-07	4.516410e+26	0.000000e+00	7.670805e+27	1.351978e+12	8.865373e+25	0.000000e+00	0.000000e+00
1.000000e-06	3.113198e+26	0.000000e+00	5.608035e+27	3.018404e+12	2.020011e+27	4.646997e+04	0.000000e+00
1.072267e-06	1.343370e+26	0.000000e+00	2.153107e+27	1.052979e+12	1.136722e+27	1.521034e-11	0.000000e+00
1.149757e-06	7.477344e+25	0.000000e+00	1.525158e+27	9.084101e+12	9.493099e+26	2.343371e+07	0.000000e+00
1.232847e-06	0.000000e+00	0.000000e+00	0.000000e+00	0.000000e+00	0.000000e+00	0.000000e+00	0.000000e+00
1.321941e-06	1.758747e+26	0.000000e+00	1.137834e+27	2.463084e+13	7.618542e+27	3.024931e+07	0.000000e+00
1.417474e-06	4.690955e+25	0.000000e+00	3.019547e+26	1.749222e+13	7.400904e+27	7.816728e+07	0.000000e+00
1.519911e-06	1.079404e+25	0.000000e+00	1.834644e+26	5.316812e+13	1.717016e+28	1.003872e+08	0.000000e+00
1.629751e-06	7.517783e+23	0.000000e+00	3.023467e+25	3.575755e+13	1.175942e+28	4.707926e+00	0.000000e+00
1.747528e-06	0.000000e+00	0.000000e+00	0.000000e+00	0.000000e+00	0.000000e+00	0.000000e+00	0.000000e+00
1.873817e-06	5.088344e+22	0.000000e+00	5.070957e+24	1.819723e+13	2.833421e+28	3.340995e+08	0.000000e+00
2.009233e-06	1.938583e+21	0.000000e+00	4.365213e+24	4.875004e+12	1.617639e+28	7.868421e+00	0.000000e+00
2.154435e-06	2.070477e+19	0.000000e+00	5.964284e+23	2.653889e+12	2.832532e+28	1.394527e+08	1.222153e-37
2.310130e-06	4.513448e+16	0.000000e+00	7.507828e+22	8.312930e+11	3.748245e+28	6.846714e-31	0.000000e+00
2.477076e-06	0.000000e+00	0.000000e+00	0.000000e+00	0.000000e+00	0.000000e+00	0.000000e+00	0.000000e+00
2.656088e-06	1.567663e+13	0.000000e+00	1.115227e+21	5.125784e+10	6.092235e+28	1.708775e+14	0.000000e+00
2.848036e-06	4.649705e+10	0.000000e+00	2.794535e-36	2.532302e+09	5.377695e+28	2.198543e+14	0.000000e+00
3.053856e-06	4.684015e+06	0.000000e+00	1.983929e-37	3.465640e+08	5.860624e+28	5.628541e+14	0.000000e+00
3.274549e-06	3.800842e-03	3.820245e-36	0.000000e+00	1.893207e+07	3.771212e+28	7.167199e+14	1.048585e-36
3.511192e-06	0.000000e+00	0.000000e+00	0.000000e+00	0.000000e+00	0.000000e+00	0.000000e+00	0.000000e+00
3.764936e-06	3.300741e-19	0.000000e+00	7.210036e-36	9.222134e+05	1.872193e+28	1.256992e-21	5.344284e-36
4.037017e-06	0.000000e+00	8.363003e-36	0.000000e+00	3.908104e+03	2.093678e+26	8.342942e-19	2.102725e-36
4.328761e-06	8.062555e-36	1.209113e-35	1.301355e-35	7.246293e-02	9.341028e-01	4.363655e-18	0.000000e+00
4.641589e-06	0.000000e+00	0.000000e+00	4.861004e-36	1.205598e-35	7.827780e-12	2.211834e+21	3.876060e-36
4.977024e-06	0.000000e+00	0.000000e+00	0.000000e+00	0.000000e+00	0.000000e+00	0.000000e+00	0.000000e+00
5.336699e-06	2.657696e-35	5.055148e-35	2.551040e-35	1.681090e-35	1.007091e-11	6.540158e+21	1.566745e-35
5.722368e-06	1.058561e-35	6.762186e-35	3.541259e-35	8.042952e-36	1.938487e-11	1.066927e+22	7.685706e-36
6.135907e-06	3.438180e-35	7.773703e-36	1.274615e-35	3.243773e-35	2.328796e-31	1.379667e+22	1.218609e-35
6.579332e-06	4.612706e-35	0.000000e+00	2.137985e-35	7.346947e-35	4.483215e-31	3.688973e+23	4.182092e-35
7.054802e-06	0.000000e+00	0.000000e+00	0.000000e+00	0.000000e+00	0.000000e+00	0.000000e+00	0.000000e+00
7.564633e-06	1.057605e-34	2.870795e-35	0.000000e+00	2.469899e-35	5.738415e-31	7.849322e+22	9.135930e-35
8.111308e-06	9.352454e-35	3.501504e-35	5.165164e-35	1.382523e-34	0.000000e+00	1.182326e+25	3.507470e-35
8.697490e-06	2.704108e-34	0.000000e+00	0.000000e+00	4.684270e-35	5.792412e-35	1.853246e+24	1.078266e-34
9.326033e-06	1.967259e-34	3.050875e-34	1.160255e-34	1.711898e-34	7.316283e-35	8.761270e+24	7.550981e-35
1.000000e-05	0.000000e+00	0.000000e+00	0.000000e+00	0.000000e+00	0.000000e+00	0.000000e+00	0.000000e+00
1.072267e-05	6.309856e-34	0.000000e+00	1.465496e-34	0.000000e+00	0.000000e+00	8.442080e+26	9.573808e-35
1.149757e-05	4.234045e-34	6.123723e-34	0.000000e+00	5.229842e-34	3.504560e-34	1.192422e+26	0.000000e+00
1.232847e-05	7.490017e-34	3.932016e-34	7.019845e-34	0.000000e+00	0.000000e+00	2.852756e+27	4.185445e-34
1.321941e-05	8.213903e-34	4.966452e-34	0.000000e+00	6.579048e-34	6.814760e-34	1.537534e+28	0.000000e+00
1.417474e-05	0.000000e+00	0.000000e+00	0.000000e+00	0.000000e+00	0.000000e+00	0.000000e+00	0.000000e+00
1.519911e-05	7.712114e-34	1.845795e-33	1.365038e-33	0.000000e+00	5.575121e-36	9.405915e+27	1.216340e-33
1.629751e-05	0.000000e+00	0.000000e+00	1.030014e-33	1.896937e-33	1.316083e-33	7.079180e+28	0.000000e+00
1.747528e-05	2.335306e-33	5.442179e-33	1.312079e-33	0.000000e+00	8.823586e-35	1.386968e+29	3.774678e-33
1.873817e-05	3.428951e-33	5.329342e-33	5.782337e-33	8.156917e-33	8.467474e-33	1.499177e+29	3.011221e-33
2.009233e-05	0.000000e+00	0.000000e+00	0.000000e+00	0.000000e+00	0.000000e+00	0.000000e+00	0.000000e+00
2.154435e-05	1.834771e-35	0.000000e+00	9.675711e-33	3.401010e-33	3.741774e-33	0.000000e+00	8.359362e-33
2.310130e-05	4.331224e-33	2.467651e-32	2.779746e-32	1.296189e-32	1.129797e-32	1.123275e+30	4.156187e-33
2.477076e-05	2.454290e-32	2.875493e-32	1.097263e-32	1.880909e-32	2.580139e-32	0.000000e+00	1.549696e-32
2.656088e-05	2.667293e-32	1.266819e-33	3.254143e-32	8.989222e-33	5.891215e-33	1.457978e+30	2.595884e-32
2.848036e-05	0.000000e+00	0.000000e+00	0.000000e+00	0.000000e+00	0.000000e+00	0.000000e+00	0.000000e+00
3.053856e-05	1.870263e-32	4.128562e-32	6.509888e-32	4.025990e-32	3.616145e-32	2.361959e+30	1.149187e-32
3.274549e-05	4.916425e-32	4.174159e-32	5.560299e-32	6.558198e-32	6.846924e-32	2.492276e+30	4.132603e-32
3.511192e-05	9.339558e-32	3.508988e-32	5.550392e-33	2.727629e-32	6.337305e-32	5.622761e+29	7.801662e-32
3.764936e-05	1.334104e-31	5.172859e-32	3.350572e-32	7.756988e-32	3.563345e-32	2.500305e+30	1.070685e-22
4.037017e-05	0.000000e+00	0.000000e+00	0.000000e+00	0.000000e+00	0.000000e+00	0.000000e+00	0.000000e+00
4.328761e-05	1.459164e-31	0.000000e+00	1.350191e-22	2.081997e-22	1.743295e-22	0.000000e+00	1.700255e-22
4.641589e-05	1.313394e-22	2.709090e-22	0.000000e+00	0.000000e+00	0.000000e+00	3.879962e+27	0.000000e+00
4.977024e-05	0.000000e+00	0.000000e+00	0.000000e+00	0.000000e+00	0.000000e+00	0.000000e+00	0.000000e+00
5.336699e-05	0.000000e+00	0.000000e+00	0.000000e+00	0.000000e+00	0.000000e+00	0.000000e+00	0.000000e+00
5.722368e-05	0.000000e+00	0.000000e+00	0.000000e+00	0.000000e+00	0.000000e+00	0.000000e+00	0.000000e+00
6.135907e-05	0.000000e+00	0.000000e+00	0.000000e+00	0.000000e+00	0.000000e+00	0.000000e+00	0.000000e+00
6.579332e-05	0.000000e+00	0.000000e+00	0.000000e+00	0.000000e+00	0.000000e+00	0.000000e+00	0.000000e+00
7.054802e-05	0.000000e+00	0.000000e+00	0.000000e+00	0.000000e+00	0.000000e+00	0.000000e+00	0.000000e+00
7.564633e-05	0.000000e+00	0.000000e+00	0.000000e+00	0.000000e+00	0.000000e+00	0.000000e+00	0.000000e+00
8.111308e-05	0.000000e+00	0.000000e+00	0.000000e+00	0.000000e+00	0.000000e+00	0.000000e+00	0.000000e+00
8.697490e-05	0.000000e+00	0.000000e+00	0.000000e+00	0.000000e+00	0.000000e+00	0.000000e+00	0.000000e+00
9.326033e-05	0.000000e+00	0.000000e+00	0.000000e+00	0.000000e+00	0.000000e+00	0.000000e+00	0.000000e+00
1.000000e-04	2.125133e+25	0.000000e+00	5.861329e+25	2.375611e+12	2.124142e+26	1.215957e+05	4.932814e+09
