# number of size bins = 469
# 0:size [cm], masses (1:Al2O3, 2:Fe, 3:Fe3O4, 4:MgSiO3, 5:Mg2SiO4, 6:AC, 7:SiO2) [g]
1.000000e-07	2.413892e-56	1.246350e+25	3.225036e-56	2.004224e-56	2.092460e-56	5.012804e+15	1.670187e-56
3.000000e-07	6.517509e-55	2.441707e+27	8.707597e-55	5.411405e-55	5.649643e-55	3.743739e-55	4.509504e-55
5.000000e-07	3.017365e-54	2.564895e+28	4.031295e-54	2.505280e-54	2.615575e-54	1.733213e-54	2.087733e-54
7.000000e-07	8.279651e-54	1.128546e+29	1.106187e-53	6.874488e-54	7.177139e-54	4.755935e-54	5.728740e-54
9.000000e-07	1.759728e-53	3.199593e+29	2.351051e-53	1.461079e-53	1.525403e-53	1.010810e-53	1.217566e-53
1.100000e-06	3.212891e-53	6.593724e+29	4.292523e-53	2.667622e-53	2.785065e-53	1.845525e-53	2.223018e-53
1.300000e-06	5.303322e-53	1.261025e+30	7.085404e-53	4.403280e-53	4.597135e-53	3.046294e-53	3.669400e-53
1.500000e-06	8.146887e-53	1.936242e+30	1.088450e-52	6.764256e-53	7.062053e-53	4.679674e-53	5.636880e-53
1.700000e-06	1.185945e-52	2.849337e+30	1.584460e-52	9.846752e-53	1.028026e-52	6.812219e-53	8.205627e-53
1.900000e-06	1.655689e-52	3.913220e+30	2.212052e-52	1.374697e-52	1.435218e-52	9.510484e-53	1.145581e-52
2.100000e-06	2.235506e-52	5.088390e+30	2.986706e-52	1.856112e-52	1.937827e-52	1.284102e-52	1.546760e-52
2.300000e-06	2.936983e-52	6.399663e+30	3.923901e-52	2.438539e-52	2.545896e-52	1.687040e-52	2.032116e-52
2.500000e-06	3.771707e-52	7.913052e+30	5.039118e-52	3.131600e-52	3.269469e-52	2.166516e-52	2.609667e-52
2.700000e-06	4.751264e-52	8.975125e+30	6.347838e-52	3.944914e-52	4.118589e-52	2.729186e-52	3.287428e-52
2.900000e-06	5.887242e-52	9.875163e+30	7.865540e-52	4.888102e-52	5.103301e-52	3.381706e-52	4.073418e-52
3.100000e-06	7.191227e-52	1.120180e+31	9.607704e-52	5.970784e-52	6.233648e-52	4.130731e-52	4.975653e-52
3.300000e-06	8.674805e-52	1.243500e+31	1.158981e-51	7.202580e-52	7.519674e-52	4.982917e-52	6.002150e-52
3.500000e-06	1.034956e-51	1.283065e+31	1.382734e-51	8.593110e-52	8.971423e-52	5.944919e-52	7.160925e-52
3.700000e-06	1.222709e-51	1.383867e+31	1.633577e-51	1.015200e-51	1.059894e-51	7.023393e-52	8.459996e-52
3.900000e-06	1.431897e-51	1.473052e+31	1.913059e-51	1.188886e-51	1.241226e-51	8.224995e-52	9.907380e-52
4.100000e-06	1.663679e-51	1.550257e+31	2.222727e-51	1.381331e-51	1.442145e-51	9.556379e-52	1.151109e-51
4.300000e-06	1.919213e-51	1.615544e+31	2.564129e-51	1.593498e-51	1.663652e-51	1.102420e-51	1.327915e-51
4.500000e-06	2.199659e-51	1.575842e+31	2.938814e-51	1.826349e-51	1.906754e-51	1.263512e-51	1.521958e-51
4.700000e-06	2.506175e-51	1.626287e+31	3.348329e-51	2.080845e-51	2.172455e-51	1.439579e-51	1.734038e-51
4.900000e-06	2.839920e-51	1.328537e+31	3.794222e-51	2.357949e-51	2.461759e-51	1.631286e-51	1.964958e-51
5.100000e-06	3.202052e-51	5.260249e+30	4.278042e-51	2.658623e-51	2.775669e-51	1.839299e-51	2.215519e-51
5.300000e-06	3.593731e-51	4.911009e+30	4.801337e-51	2.983828e-51	3.115192e-51	2.064284e-51	2.486524e-51
5.500000e-06	4.016113e-51	4.562550e+30	5.365653e-51	3.334528e-51	3.481331e-51	2.306906e-51	2.778773e-51
5.700000e-06	4.470360e-51	3.978534e+30	5.972541e-51	3.711682e-51	3.875090e-51	2.567831e-51	3.093069e-51
5.900000e-06	4.957628e-51	3.932681e+30	6.623546e-51	4.116255e-51	4.297474e-51	2.322045e-34	3.430213e-51
6.100000e-06	5.479077e-51	3.402808e+30	7.320219e-51	4.549208e-51	4.749487e-51	2.926514e-31	3.791006e-51
6.300000e-06	6.035865e-51	3.339755e+30	8.064105e-51	5.011502e-51	5.232134e-51	3.424227e-28	4.176252e-51
6.500000e-06	6.629152e-51	2.870908e+30	8.856755e-51	5.504100e-51	5.746419e-51	3.451205e-25	4.586750e-51
6.700000e-06	7.260095e-51	2.640553e+30	9.699714e-51	6.027964e-51	6.293346e-51	6.774635e-22	5.023303e-51
6.900000e-06	7.929854e-51	2.422158e+30	1.059453e-50	6.584056e-51	6.873920e-51	8.620642e-19	5.486713e-51
7.100000e-06	8.639586e-51	2.216274e+30	1.154276e-50	7.173338e-51	7.489145e-51	1.927583e-15	5.977782e-51
7.300000e-06	9.390452e-51	1.898990e+30	1.254594e-50	7.796772e-51	8.140026e-51	2.923703e-13	6.497310e-51
7.500000e-06	1.018361e-50	1.864412e+30	1.360562e-50	8.455320e-51	8.827567e-51	2.659740e-09	7.046100e-51
7.700000e-06	1.102022e-50	1.590752e+30	1.472335e-50	9.149944e-51	9.552771e-51	3.053609e-08	7.624953e-51
7.900000e-06	1.190143e-50	1.555593e+30	1.590068e-50	9.881606e-51	1.031664e-50	1.043188e-06	8.234671e-51
8.100000e-06	1.282841e-50	1.322314e+30	1.713916e-50	1.065127e-50	1.112019e-50	2.532232e-05	8.876056e-51
8.300000e-06	1.380232e-50	1.209438e+30	1.844034e-50	1.145989e-50	1.196442e-50	1.212774e-03	9.549910e-51
8.500000e-06	1.482432e-50	1.104404e+30	1.980575e-50	1.230844e-50	1.285032e-50	2.083956e-02	1.025703e-50
8.700000e-06	1.589555e-50	4.882961e+29	2.123696e-50	1.319787e-50	1.377891e-50	8.609157e-01	1.099823e-50
8.900000e-06	1.701719e-50	4.118775e+29	2.273550e-50	1.412916e-50	1.475120e-50	8.728446e+00	1.177430e-50
9.100000e-06	1.819039e-50	3.469550e+29	2.430293e-50	1.510325e-50	1.576817e-50	9.668410e+01	1.258604e-50
9.300000e-06	1.941631e-50	2.918962e+29	2.594080e-50	1.612112e-50	1.683085e-50	4.729883e+02	1.343426e-50
9.500000e-06	2.069611e-50	2.296272e+29	2.765065e-50	1.718372e-50	1.794023e-50	1.801641e+07	1.431976e-50
9.700000e-06	2.203094e-50	2.093959e+29	2.943403e-50	1.829201e-50	1.909732e-50	9.881887e+06	1.524334e-50
9.900000e-06	2.342197e-50	1.643554e+29	3.129249e-50	1.944696e-50	2.030312e-50	3.900028e+07	1.620580e-50
1.010000e-05	2.487036e-50	1.495532e+29	3.322758e-50	2.064954e-50	2.155864e-50	1.217475e+08	1.720795e-50
1.030000e-05	2.637725e-50	1.171449e+29	3.524084e-50	2.190070e-50	2.286488e-50	4.511775e+08	1.825058e-50
1.050000e-05	2.794382e-50	9.959465e+28	3.733382e-50	2.320140e-50	2.422284e-50	1.695062e+09	1.933450e-50
1.070000e-05	2.957122e-50	8.459569e+28	3.950808e-50	2.455261e-50	2.563354e-50	6.483352e+09	2.046050e-50
1.090000e-05	3.126061e-50	7.179230e+28	4.176515e-50	2.595528e-50	2.709797e-50	2.362077e+10	2.162940e-50
1.110000e-05	3.301314e-50	6.087540e+28	4.410659e-50	2.741039e-50	2.861713e-50	7.889336e+10	2.284199e-50
1.130000e-05	3.482998e-50	4.436148e+28	4.653395e-50	2.891889e-50	3.019205e-50	2.711297e+11	2.409907e-50
1.150000e-05	3.671229e-50	2.536675e+28	4.904876e-50	3.048174e-50	3.182370e-50	8.721649e+11	2.540145e-50
1.170000e-05	3.866121e-50	1.861426e+28	5.165259e-50	3.209991e-50	3.351311e-50	2.676207e+12	2.674993e-50
1.190000e-05	4.067792e-50	1.603666e+28	5.434698e-50	3.377436e-50	3.526128e-50	7.877534e+12	2.814530e-50
1.210000e-05	4.276358e-50	1.259632e+28	5.713348e-50	3.550605e-50	3.706921e-50	2.122700e+13	2.958837e-50
1.230000e-05	4.491933e-50	9.225424e+27	6.001363e-50	3.729594e-50	3.893790e-50	6.033607e+13	3.107995e-50
1.250000e-05	4.714634e-50	7.401531e+27	6.298898e-50	3.914500e-50	4.086836e-50	3.406855e+13	3.262083e-50
1.270000e-05	4.944576e-50	6.361159e+27	6.606109e-50	4.105418e-50	4.286160e-50	2.237024e+16	3.421182e-50
1.290000e-05	5.181876e-50	4.650916e+27	6.923149e-50	4.302445e-50	4.491861e-50	4.801354e+15	3.585371e-50
1.310000e-05	5.426650e-50	3.725238e+27	7.250174e-50	4.505678e-50	4.704041e-50	1.052279e+16	3.754732e-50
1.330000e-05	5.679012e-50	2.982271e+27	7.587339e-50	4.715211e-50	4.922799e-50	9.351277e+16	3.929343e-50
1.350000e-05	5.939080e-50	1.968438e+27	7.934797e-50	4.931142e-50	5.148237e-50	6.935564e+16	4.109285e-50
1.370000e-05	6.206969e-50	1.234103e+27	8.292706e-50	5.153567e-50	5.380454e-50	8.391712e+16	4.294639e-50
1.390000e-05	6.482795e-50	9.211346e+26	8.661217e-50	5.382582e-50	5.619551e-50	1.497483e+17	4.485485e-50
1.410000e-05	6.766674e-50	6.383879e+26	9.040488e-50	5.618283e-50	5.865628e-50	2.081282e+17	4.681902e-50
1.430000e-05	7.058721e-50	5.271142e+26	9.430672e-50	5.860766e-50	6.118787e-50	6.655002e+17	4.883971e-50
1.450000e-05	7.359053e-50	3.929910e+26	9.831925e-50	6.110127e-50	6.379127e-50	1.030320e+18	5.091773e-50
1.470000e-05	7.667785e-50	2.720582e+26	1.024440e-49	6.366463e-50	6.646748e-50	1.441741e+18	5.305386e-50
1.490000e-05	7.985033e-50	2.243978e+26	1.066825e-49	6.629871e-50	6.921752e-50	1.259756e+19	5.524892e-50
1.510000e-05	8.310913e-50	1.552417e+26	1.110364e-49	6.900445e-50	7.204238e-50	1.065394e+16	5.750371e-50
1.530000e-05	8.645541e-50	1.033968e+26	1.155071e-49	7.178282e-50	7.494307e-50	2.170844e+21	5.981902e-50
1.550000e-05	8.989033e-50	6.119023e+25	1.200963e-49	7.463479e-50	7.792060e-50	1.167784e+20	6.219566e-50
1.570000e-05	9.341505e-50	4.392385e+25	1.248054e-49	7.756132e-50	8.097597e-50	1.518747e+20	6.463443e-50
1.590000e-05	9.703072e-50	3.152162e+25	1.296361e-49	8.056337e-50	8.411018e-50	2.979881e+20	6.713614e-50
1.610000e-05	1.007385e-49	2.261581e+25	1.345898e-49	8.364190e-50	8.732424e-50	3.013756e+20	6.970158e-50
1.630000e-05	1.045396e-49	1.742151e+25	1.396681e-49	8.679787e-50	9.061916e-50	1.839655e+21	7.233156e-50
1.650000e-05	1.084351e-49	1.125022e+25	1.448726e-49	9.003224e-50	9.399593e-50	1.485900e+21	7.502687e-50
1.670000e-05	1.124261e-49	7.022003e+24	1.502048e-49	9.334599e-50	9.745556e-50	3.127432e+21	7.778832e-50
1.690000e-05	1.165140e-49	4.506937e+24	1.556663e-49	9.674006e-50	1.009991e-49	1.067618e+23	8.061672e-50
1.710000e-05	1.206997e-49	3.028023e+24	1.612586e-49	1.002154e-49	1.046274e-49	5.760436e+25	8.351285e-50
1.730000e-05	1.249845e-49	2.034123e+24	1.669832e-49	1.037730e-49	1.083417e-49	6.401137e+25	8.647754e-50
1.750000e-05	1.293695e-49	1.265015e+24	1.728418e-49	1.074139e-49	1.121428e-49	8.798942e+25	8.951156e-50
1.770000e-05	1.338560e-49	9.543558e+23	1.788358e-49	1.111389e-49	1.160318e-49	8.488202e+25	9.261574e-50
1.790000e-05	1.384449e-49	6.408620e+23	1.849667e-49	1.149490e-49	1.200097e-49	7.343200e+25	9.579086e-50
1.810000e-05	1.431376e-49	3.191122e+23	1.912363e-49	1.188453e-49	1.240775e-49	6.829013e+27	9.903774e-50
1.830000e-05	1.479351e-49	2.099684e+23	1.976459e-49	1.228286e-49	1.282362e-49	1.689109e+29	1.023572e-49
1.850000e-05	1.528386e-49	1.488296e+23	2.041972e-49	1.268999e-49	1.324867e-49	6.151835e+28	1.057500e-49
1.870000e-05	1.578493e-49	8.686964e+22	2.108916e-49	1.310603e-49	1.368302e-49	8.179121e+28	1.092169e-49
1.890000e-05	1.629684e-49	5.714414e+22	2.177308e-49	1.353105e-49	1.412676e-49	1.024520e+29	1.127588e-49
1.910000e-05	1.681969e-49	3.846268e+22	2.247163e-49	1.396517e-49	1.457999e-49	2.301036e+29	1.163764e-49
1.930000e-05	1.735361e-49	1.900370e+22	2.318497e-49	1.440848e-49	1.504282e-49	5.674461e+28	1.200707e-49
1.950000e-05	1.789871e-49	1.177263e+22	2.391324e-49	1.486107e-49	1.551533e-49	5.162609e+29	1.238422e-49
1.970000e-05	1.845511e-49	7.292887e+21	2.465660e-49	1.532304e-49	1.599764e-49	1.240044e+29	1.276920e-49
1.990000e-05	1.902292e-49	4.517717e+21	2.541521e-49	1.579449e-49	1.648984e-49	1.517867e+29	1.316207e-49
2.010000e-05	1.960226e-49	2.659917e+21	2.618923e-49	1.627550e-49	1.699203e-49	1.508360e+29	1.356292e-49
2.030000e-05	2.019324e-49	1.423214e+21	2.697880e-49	1.676619e-49	1.750432e-49	1.302833e+29	1.397182e-49
2.050000e-05	2.079598e-49	7.666390e+20	2.778409e-49	1.726664e-49	1.802681e-49	8.091547e+29	1.438887e-49
2.070000e-05	2.141060e-49	5.124419e+20	2.860524e-49	1.777695e-49	1.855958e-49	1.165870e+29	1.481413e-49
2.090000e-05	2.203722e-49	2.988904e+20	2.944241e-49	1.829722e-49	1.910276e-49	2.765875e+29	1.524768e-49
2.110000e-05	2.267594e-49	1.523274e+20	3.029576e-49	1.882754e-49	1.965643e-49	2.096211e+29	1.568962e-49
2.130000e-05	2.332688e-49	7.606432e+19	3.116545e-49	1.936801e-49	2.022069e-49	1.777440e+29	1.614001e-49
2.150000e-05	2.399017e-49	4.803083e+19	3.205162e-49	1.991873e-49	2.079565e-49	1.781719e+29	1.659894e-49
2.170000e-05	2.466591e-49	2.441633e+19	3.295443e-49	2.047979e-49	2.138141e-49	3.810494e+29	1.706649e-49
2.190000e-05	2.535422e-49	1.367210e+19	3.387403e-49	2.105128e-49	2.197807e-49	1.533298e+30	1.754274e-49
2.210000e-05	2.605522e-49	6.453808e+18	3.481059e-49	2.163331e-49	2.258572e-49	5.387832e+29	1.802776e-49
2.230000e-05	2.676902e-49	3.849489e+18	3.576425e-49	2.222598e-49	2.320448e-49	1.128348e+30	1.852165e-49
2.250000e-05	2.749574e-49	1.794607e+18	3.673517e-49	2.282936e-49	2.383443e-49	7.954926e+29	1.902447e-49
2.270000e-05	2.823550e-49	8.844522e+17	3.772351e-49	2.344357e-49	2.447568e-49	9.415356e+29	1.953631e-49
2.290000e-05	2.898841e-49	4.982243e+17	3.872942e-49	2.406870e-49	2.512833e-49	6.257294e+29	2.005725e-49
2.310000e-05	2.975458e-49	2.253834e+17	3.975305e-49	2.470485e-49	2.579248e-49	8.454122e+29	2.058737e-49
2.330000e-05	3.053414e-49	1.050271e+17	4.079456e-49	2.535210e-49	2.646823e-49	6.547481e+29	2.112675e-49
2.350000e-05	3.132719e-49	5.208796e+16	4.185411e-49	2.601057e-49	2.715569e-49	8.795529e+29	2.167547e-49
2.370000e-05	3.213386e-49	2.583713e+16	4.293185e-49	2.668034e-49	2.785494e-49	7.468394e+29	2.223361e-49
2.390000e-05	3.295426e-49	1.171046e+16	4.402793e-49	2.736150e-49	2.856610e-49	8.751423e+29	2.280125e-49
2.410000e-05	3.378851e-49	5.425120e+15	4.514251e-49	2.805417e-49	2.928926e-49	1.077627e+30	2.337847e-49
2.430000e-05	3.463672e-49	2.532117e+15	4.627574e-49	2.875842e-49	3.002452e-49	1.201790e+30	2.396535e-49
2.450000e-05	3.549900e-49	1.075966e+15	4.742778e-49	2.947437e-49	3.077198e-49	1.266796e+30	2.456197e-49
2.470000e-05	3.637548e-49	4.778875e+14	4.859878e-49	3.020210e-49	3.153175e-49	9.918371e+29	2.516841e-49
2.490000e-05	3.726627e-49	1.919808e+14	4.978891e-49	3.094171e-49	3.230392e-49	3.049220e+30	2.578476e-49
2.510000e-05	3.817149e-49	9.219699e+13	5.099830e-49	3.169330e-49	3.308860e-49	1.201692e+30	2.641108e-49
2.530000e-05	3.909124e-49	3.874593e+13	5.222712e-49	3.245696e-49	3.388588e-49	3.301532e+30	2.704746e-49
2.550000e-05	4.002565e-49	1.386335e+13	5.347553e-49	3.323279e-49	3.469587e-49	1.446223e+30	2.769399e-49
2.570000e-05	4.097484e-49	6.584810e+12	5.474367e-49	3.402089e-49	3.551866e-49	1.797191e+30	2.835074e-49
2.590000e-05	4.193892e-49	2.510305e+12	5.603170e-49	3.482134e-49	3.635436e-49	1.919775e+30	2.901779e-49
2.610000e-05	4.291799e-49	8.594447e+11	5.733979e-49	3.563426e-49	3.720307e-49	1.560546e+30	2.969522e-49
2.630000e-05	4.391219e-49	3.791675e+11	5.866807e-49	3.645973e-49	3.806488e-49	2.064154e+30	3.038311e-49
2.650000e-05	4.492163e-49	1.223253e+11	6.001671e-49	3.729786e-49	3.893990e-49	1.367685e+30	3.108155e-49
2.670000e-05	4.594642e-49	5.135385e+10	6.138586e-49	3.814873e-49	3.982823e-49	1.677385e+30	3.179060e-49
2.690000e-05	4.698668e-49	1.575704e+10	6.277567e-49	3.901244e-49	4.072997e-49	1.563264e+30	3.251036e-49
2.710000e-05	4.804252e-49	5.863530e+09	6.418631e-49	3.988909e-49	4.164521e-49	3.705053e+30	3.324091e-49
2.730000e-05	4.911406e-49	2.214368e+09	6.561792e-49	4.077878e-49	4.257407e-49	3.716481e+30	3.398231e-49
2.750000e-05	5.020142e-49	6.349362e+08	6.707067e-49	4.168159e-49	4.351663e-49	1.552586e+30	3.473466e-49
2.770000e-05	5.130471e-49	2.156449e+08	6.854470e-49	4.259764e-49	4.447301e-49	1.942326e+30	3.549803e-49
2.790000e-05	5.242404e-49	7.051505e+07	7.004016e-49	4.352701e-49	4.544330e-49	1.943925e+30	3.627251e-49
2.810000e-05	5.355954e-49	2.274040e+07	7.155723e-49	4.446980e-49	4.642759e-49	5.168098e+30	3.705817e-49
2.830000e-05	5.471132e-49	6.970906e+06	7.309604e-49	4.542611e-49	4.742600e-49	1.572099e+30	3.785509e-49
2.850000e-05	5.587950e-49	2.239361e+06	7.465676e-49	4.639603e-49	4.843862e-49	4.552899e+30	3.866336e-49
2.870000e-05	5.706418e-49	5.258078e+05	7.623953e-49	4.737966e-49	4.946556e-49	3.428938e+30	3.948305e-49
2.890000e-05	5.826549e-49	1.462292e+05	7.784452e-49	4.837709e-49	5.050690e-49	3.524565e+30	4.031424e-49
2.910000e-05	5.948355e-49	3.730744e+04	7.947188e-49	4.938843e-49	5.156276e-49	3.829877e+30	4.115702e-49
2.930000e-05	6.071846e-49	1.239295e+04	8.112177e-49	5.041376e-49	5.263324e-49	4.603758e+30	4.201147e-49
2.950000e-05	6.197035e-49	3.116530e+03	8.279433e-49	5.145319e-49	5.371842e-49	2.182908e+30	4.287766e-49
2.970000e-05	6.323933e-49	7.535102e+02	8.448972e-49	5.250681e-49	5.481843e-49	2.021423e+31	4.375567e-49
2.990000e-05	6.452551e-49	1.774231e+02	8.620811e-49	5.357471e-49	5.593334e-49	2.299529e+30	4.464559e-49
3.010000e-05	6.582902e-49	3.987722e+01	8.794963e-49	5.465699e-49	5.706328e-49	3.002836e+30	4.554749e-49
3.030000e-05	6.714996e-49	8.066668e+00	8.971446e-49	5.575376e-49	5.820832e-49	3.493989e+30	4.646146e-49
3.050000e-05	6.848846e-49	2.137682e+00	9.150273e-49	5.686509e-49	5.936859e-49	3.177961e+30	4.738758e-49
3.070000e-05	6.984463e-49	4.210105e-01	9.331462e-49	5.799110e-49	6.054417e-49	5.903456e+30	4.832592e-49
3.090000e-05	7.121858e-49	7.485812e-02	9.515026e-49	5.913188e-49	6.173517e-49	3.165823e+30	4.927657e-49
3.110000e-05	7.261044e-49	1.754198e-02	9.700982e-49	6.028752e-49	6.294169e-49	3.724810e+30	5.023960e-49
3.130000e-05	7.402031e-49	2.988763e-03	9.889346e-49	6.145812e-49	6.416382e-49	3.449855e+30	5.121510e-49
3.150000e-05	7.544832e-49	4.597557e-04	1.008013e-48	6.264377e-49	6.540167e-49	4.751414e+30	5.220314e-49
3.170000e-05	7.689457e-49	9.362611e-05	1.027336e-48	6.384458e-49	6.665535e-49	7.927774e+30	5.320382e-49
3.190000e-05	7.835919e-49	1.298690e-05	1.046903e-48	6.506063e-49	6.792494e-49	3.112631e+30	5.421720e-49
3.210000e-05	7.984229e-49	2.388750e-06	1.066718e-48	6.629203e-49	6.921055e-49	6.431746e+30	5.524336e-49
3.230000e-05	8.134399e-49	2.961708e-07	1.086781e-48	6.753887e-49	7.051228e-49	3.419691e+30	5.628239e-49
3.250000e-05	8.286440e-49	4.690007e-08	1.107094e-48	6.880125e-49	7.183024e-49	4.202389e+30	5.733437e-49
3.270000e-05	8.440364e-49	7.317334e-09	1.127659e-48	7.007926e-49	7.316451e-49	4.766430e+30	5.839938e-49
3.290000e-05	8.596182e-49	7.507030e-10	1.148477e-48	7.137300e-49	7.451521e-49	3.461742e+30	5.947750e-49
3.310000e-05	8.753906e-49	1.001067e-10	1.169549e-48	7.268256e-49	7.588242e-49	4.334526e+30	6.056880e-49
3.330000e-05	8.913548e-49	1.296909e-11	1.190878e-48	7.400805e-49	7.726626e-49	5.310335e+30	6.167337e-49
3.350000e-05	9.075119e-49	1.083825e-12	1.212464e-48	7.534955e-49	7.866683e-49	1.183821e+31	6.279129e-49
3.370000e-05	9.238631e-49	1.185581e-13	1.234310e-48	7.670717e-49	8.008421e-49	1.709240e+31	6.392264e-49
3.390000e-05	9.404095e-49	1.217744e-14	1.256417e-48	7.808100e-49	8.151852e-49	1.624280e+31	6.506750e-49
3.410000e-05	9.571523e-49	1.161347e-15	1.278785e-48	7.947113e-49	8.296986e-49	2.571370e+30	6.622594e-49
3.430000e-05	9.740926e-49	1.033544e-16	1.301418e-48	8.087767e-49	8.443832e-49	3.161535e+30	6.739805e-49
3.450000e-05	9.912317e-49	8.518006e-18	1.324317e-48	8.230070e-49	8.592400e-49	3.782328e+30	6.858392e-49
3.470000e-05	1.008571e-48	6.609859e-19	1.347482e-48	8.374033e-49	8.742701e-49	4.518534e+30	6.978361e-49
3.490000e-05	1.026111e-48	3.064646e-20	1.370916e-48	8.519665e-49	8.894745e-49	4.633015e+30	7.099721e-49
3.510000e-05	1.043853e-48	1.940769e-21	1.394620e-48	8.666976e-49	9.048541e-49	1.017325e+31	7.222480e-49
3.530000e-05	1.061798e-48	1.090683e-22	1.418596e-48	8.815975e-49	9.204100e-49	4.135392e+30	7.346646e-49
3.550000e-05	1.079948e-48	9.059962e-24	1.442845e-48	8.966672e-49	9.361432e-49	7.368228e+30	7.472227e-49
3.570000e-05	1.098304e-48	4.379995e-25	1.467368e-48	9.119077e-49	9.520546e-49	4.141917e+30	7.599231e-49
3.590000e-05	1.116866e-48	1.908651e-26	1.492169e-48	9.273199e-49	9.681453e-49	5.285627e+30	7.727666e-49
3.610000e-05	1.135637e-48	7.459427e-28	1.517247e-48	9.429048e-49	9.844163e-49	3.467694e+30	7.857540e-49
3.630000e-05	1.154617e-48	2.611218e-29	1.542604e-48	9.586633e-49	1.000869e-48	7.447196e+30	7.988861e-49
3.650000e-05	1.173806e-48	8.077792e-31	1.568242e-48	9.745965e-49	1.017503e-48	4.895937e+30	8.121637e-49
3.670000e-05	1.193208e-48	2.180990e-32	1.594163e-48	9.907052e-49	1.034321e-48	4.936330e+30	8.255877e-49
3.690000e-05	1.212822e-48	9.166397e-34	1.620368e-48	1.006990e-48	1.051323e-48	1.015802e+31	8.391587e-49
3.710000e-05	1.232650e-48	1.960218e-35	1.646858e-48	1.023453e-48	1.068511e-48	6.193340e+30	8.528776e-49
3.730000e-05	1.252692e-48	3.598354e-37	1.673636e-48	1.040094e-48	1.085885e-48	5.838281e+30	8.667453e-49
3.750000e-05	1.272951e-48	1.205443e-38	1.700702e-48	1.056915e-48	1.103446e-48	7.594885e+30	8.807625e-49
3.770000e-05	1.293427e-48	2.667904e-48	1.728059e-48	1.073916e-48	1.121195e-48	6.761819e+30	8.949300e-49
3.790000e-05	1.314122e-48	2.710590e-48	1.755708e-48	1.091098e-48	1.139134e-48	5.853953e+30	9.092486e-49
3.810000e-05	1.335036e-48	2.753729e-48	1.783649e-48	1.108463e-48	1.157263e-48	5.949688e+30	9.237191e-49
3.830000e-05	1.356170e-48	2.797322e-48	1.811886e-48	1.126011e-48	1.175584e-48	3.569192e+30	9.383424e-49
3.850000e-05	1.377527e-48	2.841374e-48	1.840419e-48	1.143743e-48	1.194096e-48	5.635982e+31	9.531191e-49
3.870000e-05	1.399107e-48	2.885886e-48	1.869250e-48	1.161660e-48	1.212803e-48	3.642549e+30	9.680502e-49
3.890000e-05	1.420910e-48	2.930860e-48	1.898381e-48	1.179764e-48	1.231703e-48	4.721087e+30	9.831365e-49
3.910000e-05	1.442940e-48	2.976299e-48	1.927813e-48	1.198054e-48	1.250799e-48	3.887254e+30	9.983786e-49
3.930000e-05	1.465195e-48	3.022205e-48	1.957547e-48	1.216533e-48	1.270091e-48	4.813371e+30	1.013778e-48
3.950000e-05	1.487679e-48	3.068580e-48	1.987586e-48	1.235201e-48	1.289581e-48	3.297596e+30	1.029334e-48
3.970000e-05	1.510391e-48	3.115428e-48	2.017930e-48	1.254058e-48	1.309269e-48	2.108015e+31	1.045049e-48
3.990000e-05	1.533333e-48	3.162750e-48	2.048581e-48	1.273107e-48	1.329156e-48	3.322770e+30	1.060923e-48
4.010000e-05	1.556507e-48	3.210549e-48	2.079542e-48	1.292348e-48	1.349243e-48	4.534078e+30	1.076956e-48
4.030000e-05	1.579913e-48	3.258827e-48	2.110813e-48	1.311781e-48	1.369533e-48	5.716715e+30	1.093151e-48
4.050000e-05	1.603552e-48	3.307587e-48	2.142395e-48	1.331408e-48	1.390024e-48	8.974227e+30	1.109507e-48
4.070000e-05	1.627426e-48	3.356831e-48	2.174292e-48	1.351231e-48	1.410719e-48	4.131277e+30	1.126026e-48
4.090000e-05	1.651535e-48	3.406561e-48	2.206503e-48	1.371249e-48	1.431618e-48	3.901212e+30	1.142707e-48
4.110000e-05	1.675882e-48	3.456780e-48	2.239030e-48	1.391463e-48	1.452723e-48	6.407781e+30	1.159553e-48
4.130000e-05	1.700466e-48	3.507489e-48	2.271876e-48	1.411875e-48	1.474034e-48	3.962597e+30	1.176563e-48
4.150000e-05	1.725290e-48	3.558693e-48	2.305042e-48	1.432486e-48	1.495552e-48	5.517911e+30	1.193739e-48
4.170000e-05	1.750355e-48	3.610392e-48	2.338529e-48	1.453297e-48	1.517279e-48	9.861454e+30	1.211081e-48
4.190000e-05	1.775661e-48	3.662590e-48	2.372338e-48	1.474308e-48	1.539215e-48	2.683480e+30	1.228590e-48
4.210000e-05	1.801209e-48	3.715288e-48	2.406472e-48	1.495521e-48	1.561362e-48	1.919272e+31	1.246268e-48
4.230000e-05	1.827002e-48	3.768490e-48	2.440932e-48	1.516936e-48	1.583720e-48	4.832042e+30	1.264114e-48
4.250000e-05	1.853040e-48	3.822196e-48	2.475719e-48	1.538555e-48	1.606290e-48	4.115457e+30	1.282129e-48
4.270000e-05	1.879323e-48	3.876411e-48	2.510835e-48	1.560378e-48	1.629074e-48	3.702841e+30	1.300315e-48
4.290000e-05	1.905855e-48	3.931136e-48	2.546282e-48	1.582407e-48	1.652072e-48	9.961819e+30	1.318672e-48
4.310000e-05	1.932634e-48	3.986374e-48	2.582060e-48	1.604642e-48	1.675286e-48	7.353873e+30	1.337201e-48
4.330000e-05	1.959664e-48	4.042127e-48	2.618172e-48	1.627084e-48	1.698716e-48	5.838564e+30	1.355903e-48
4.350000e-05	1.986944e-48	4.098397e-48	2.654620e-48	1.649734e-48	1.722364e-48	6.985001e+30	1.374779e-48
4.370000e-05	2.014477e-48	4.155187e-48	2.691404e-48	1.672594e-48	1.746230e-48	8.406850e+30	1.393828e-48
4.390000e-05	2.042262e-48	4.212499e-48	2.728526e-48	1.695664e-48	1.770316e-48	4.324719e+30	1.413053e-48
4.410000e-05	2.070302e-48	4.270335e-48	2.765988e-48	1.718945e-48	1.794622e-48	6.782267e+30	1.432454e-48
4.430000e-05	2.098597e-48	4.328699e-48	2.803792e-48	1.742438e-48	1.819149e-48	5.571173e+30	1.452032e-48
4.450000e-05	2.127149e-48	4.387592e-48	2.841938e-48	1.766145e-48	1.843899e-48	8.716494e+30	1.471787e-48
4.470000e-05	2.155959e-48	4.447017e-48	2.880429e-48	1.790065e-48	1.868873e-48	7.495755e+30	1.491721e-48
4.490000e-05	2.185028e-48	4.506976e-48	2.919265e-48	1.814200e-48	1.894071e-48	5.695109e+30	1.511834e-48
4.510000e-05	2.214356e-48	4.567471e-48	2.958450e-48	1.838552e-48	1.919494e-48	7.820066e+30	1.532127e-48
4.530000e-05	2.243947e-48	4.628506e-48	2.997983e-48	1.863120e-48	1.945144e-48	7.956000e+30	1.552600e-48
4.550000e-05	2.273799e-48	4.690082e-48	3.037867e-48	1.887906e-48	1.971022e-48	7.939296e+30	1.573255e-48
4.570000e-05	2.303915e-48	4.752201e-48	3.078103e-48	1.912911e-48	1.997128e-48	5.044501e+30	1.594093e-48
4.590000e-05	2.334296e-48	4.814867e-48	3.118693e-48	1.938136e-48	2.023463e-48	8.381936e+30	1.615114e-48
4.610000e-05	2.364943e-48	4.878081e-48	3.159638e-48	1.963582e-48	2.050029e-48	1.046929e+30	1.636318e-48
4.630000e-05	2.395857e-48	4.941846e-48	3.200940e-48	1.989249e-48	2.076826e-48	2.214140e+30	1.657708e-48
4.650000e-05	2.427039e-48	5.006164e-48	3.242600e-48	2.015139e-48	2.103856e-48	1.552396e+30	1.679283e-48
4.670000e-05	2.458491e-48	5.071038e-48	3.284620e-48	2.041253e-48	2.131120e-48	2.914507e+30	1.701044e-48
4.690000e-05	2.490213e-48	5.136470e-48	3.327002e-48	2.067592e-48	2.158618e-48	1.639829e+30	1.722993e-48
4.710000e-05	2.522206e-48	5.202462e-48	3.369747e-48	2.094156e-48	2.186351e-48	2.244428e+30	1.745130e-48
4.730000e-05	2.554473e-48	5.269017e-48	3.412856e-48	2.120946e-48	2.214321e-48	1.175847e+30	1.767455e-48
4.750000e-05	2.587014e-48	5.336138e-48	3.456331e-48	2.147964e-48	2.242529e-48	1.067949e+30	1.789970e-48
4.770000e-05	2.619830e-48	5.403826e-48	3.500174e-48	2.175211e-48	2.270975e-48	1.321163e+30	1.812676e-48
4.790000e-05	2.652922e-48	5.472084e-48	3.544387e-48	2.202687e-48	2.299661e-48	1.642450e+30	1.835572e-48
4.810000e-05	2.686291e-48	5.540914e-48	3.588970e-48	2.230393e-48	2.328587e-48	2.779862e+29	1.858661e-48
4.830000e-05	2.719940e-48	5.610320e-48	3.633925e-48	2.258331e-48	2.357755e-48	1.136006e+29	1.881943e-48
4.850000e-05	2.753868e-48	5.680302e-48	3.679254e-48	2.286501e-48	2.387165e-48	7.523995e+29	1.905418e-48
4.870000e-05	2.788077e-48	5.750864e-48	3.724958e-48	2.314905e-48	2.416819e-48	5.779959e+28	1.929087e-48
4.890000e-05	2.822568e-48	5.822008e-48	3.771040e-48	2.343542e-48	2.446717e-48	1.005391e+30	1.952952e-48
4.910000e-05	2.857343e-48	5.893736e-48	3.817500e-48	2.372415e-48	2.476861e-48	8.010466e+28	1.977013e-48
4.930000e-05	2.892402e-48	5.966051e-48	3.864340e-48	2.401524e-48	2.507252e-48	9.366610e+29	2.001270e-48
4.950000e-05	2.927747e-48	6.038955e-48	3.911561e-48	2.430871e-48	2.537890e-48	8.517874e+28	2.025726e-48
4.970000e-05	2.963378e-48	6.112451e-48	3.959166e-48	2.460455e-48	2.568777e-48	1.083315e+29	2.050379e-48
4.990000e-05	2.999297e-48	6.186540e-48	4.007155e-48	2.490278e-48	2.599913e-48	1.758265e+28	2.075232e-48
5.010000e-05	3.035506e-48	6.261226e-48	4.055531e-48	2.520342e-48	2.631300e-48	1.065828e+29	2.100285e-48
5.030000e-05	3.072005e-48	6.336511e-48	4.104294e-48	2.550646e-48	2.662939e-48	3.632040e+28	2.125538e-48
5.050000e-05	3.108795e-48	6.412396e-48	4.153447e-48	2.581192e-48	2.694830e-48	4.373866e+28	2.150994e-48
5.070000e-05	3.145877e-48	6.488885e-48	4.202991e-48	2.611982e-48	2.726975e-48	7.388610e+28	2.176651e-48
5.090000e-05	3.183254e-48	6.565980e-48	4.252927e-48	2.643015e-48	2.759374e-48	5.326090e+28	2.202512e-48
5.110000e-05	3.220925e-48	6.643683e-48	4.303257e-48	2.674293e-48	2.792029e-48	2.946753e+28	2.228577e-48
5.130000e-05	3.258892e-48	6.721997e-48	4.353982e-48	2.705816e-48	2.824940e-48	8.624334e+28	2.254847e-48
5.150000e-05	3.297157e-48	6.800924e-48	4.405105e-48	2.737587e-48	2.858110e-48	5.623337e+28	2.281323e-48
5.170000e-05	3.335720e-48	6.880466e-48	4.456626e-48	2.769605e-48	2.891538e-48	7.297623e+28	2.308004e-48
5.190000e-05	3.374582e-48	6.960626e-48	4.508547e-48	2.801872e-48	2.925225e-48	4.262106e+29	2.334893e-48
5.210000e-05	3.413745e-48	7.041406e-48	4.560870e-48	2.834389e-48	2.959173e-48	2.997781e+28	2.361991e-48
5.230000e-05	3.453210e-48	7.122809e-48	4.613596e-48	2.867156e-48	2.993383e-48	5.429932e+28	2.389297e-48
5.250000e-05	3.492978e-48	7.204836e-48	4.666728e-48	2.900175e-48	3.027855e-48	9.199580e+28	2.416812e-48
5.270000e-05	3.533050e-48	7.287492e-48	4.720265e-48	2.933446e-48	3.062591e-48	5.409851e+28	2.444538e-48
5.290000e-05	3.573427e-48	7.370776e-48	4.774210e-48	2.966971e-48	3.097592e-48	2.829002e+28	2.472476e-48
5.310000e-05	3.614111e-48	7.454693e-48	4.828565e-48	3.000750e-48	3.132858e-48	5.901650e+28	2.500625e-48
5.330000e-05	3.655102e-48	7.539245e-48	4.883331e-48	3.034785e-48	3.168391e-48	1.351267e+22	2.528987e-48
5.350000e-05	3.696402e-48	7.624433e-48	4.938509e-48	3.069076e-48	3.204192e-48	1.852935e+22	2.557563e-48
5.370000e-05	3.738013e-48	7.710261e-48	4.994102e-48	3.103624e-48	3.240262e-48	1.945703e+22	2.586353e-48
5.390000e-05	3.779934e-48	7.796730e-48	5.050110e-48	3.138431e-48	3.276601e-48	1.790510e+22	2.615359e-48
5.410000e-05	3.822167e-48	7.883844e-48	5.106535e-48	3.173497e-48	3.313210e-48	1.612054e+22	2.644581e-48
5.430000e-05	3.864714e-48	7.971604e-48	5.163379e-48	3.208823e-48	3.350092e-48	1.815126e+22	2.674019e-48
5.450000e-05	3.907576e-48	8.060013e-48	5.220644e-48	3.244410e-48	3.387246e-48	1.423639e+22	2.703675e-48
5.470000e-05	3.950753e-48	8.149073e-48	5.278330e-48	3.280260e-48	3.424674e-48	2.017377e+22	2.733550e-48
5.490000e-05	3.994247e-48	8.238787e-48	5.336439e-48	3.316372e-48	3.462376e-48	2.243720e+22	2.763644e-48
5.510000e-05	4.038059e-48	8.329156e-48	5.394974e-48	3.352749e-48	3.500354e-48	8.644212e+21	2.793958e-48
5.530000e-05	4.082191e-48	8.420185e-48	5.453935e-48	3.389391e-48	3.538609e-48	3.054465e+22	2.824492e-48
5.550000e-05	4.126643e-48	8.511874e-48	5.513324e-48	3.426298e-48	3.577142e-48	1.529929e+22	2.855249e-48
5.570000e-05	4.171416e-48	8.604226e-48	5.573142e-48	3.463473e-48	3.615953e-48	9.489258e+21	2.886228e-48
5.590000e-05	4.216512e-48	8.697244e-48	5.633392e-48	3.500916e-48	3.655044e-48	1.751312e+22	2.917430e-48
5.610000e-05	4.261932e-48	8.790930e-48	5.694074e-48	3.538627e-48	3.694416e-48	1.159970e+22	2.948856e-48
5.630000e-05	4.307677e-48	8.885286e-48	5.755191e-48	3.576609e-48	3.734069e-48	1.530399e+22	2.980507e-48
5.650000e-05	4.353748e-48	8.980315e-48	5.816743e-48	3.614861e-48	3.774006e-48	1.528269e+22	3.012384e-48
5.670000e-05	4.400146e-48	9.076019e-48	5.878733e-48	3.653385e-48	3.814226e-48	1.430986e+22	3.044487e-48
5.690000e-05	4.446873e-48	9.172401e-48	5.941161e-48	3.692182e-48	3.854730e-48	2.166731e+22	3.076818e-48
5.710000e-05	4.493929e-48	9.269462e-48	6.004030e-48	3.731252e-48	3.895521e-48	9.568281e+21	3.109377e-48
5.730000e-05	4.541316e-48	9.367206e-48	6.067341e-48	3.770597e-48	3.936598e-48	1.907120e+22	3.142164e-48
5.750000e-05	4.589036e-48	9.465635e-48	6.131095e-48	3.810218e-48	3.977963e-48	6.599431e+21	3.175181e-48
5.770000e-05	4.637088e-48	9.564751e-48	6.195295e-48	3.850115e-48	4.019617e-48	1.549795e+22	3.208429e-48
5.790000e-05	4.685475e-48	9.664556e-48	6.259941e-48	3.890290e-48	4.061560e-48	1.094155e+22	3.241908e-48
5.810000e-05	4.734197e-48	9.765053e-48	6.325035e-48	3.930743e-48	4.103795e-48	1.139159e+22	3.275619e-48
5.830000e-05	4.783255e-48	9.866245e-48	6.390579e-48	3.971476e-48	4.146321e-48	1.100305e+22	3.309563e-48
5.850000e-05	4.832652e-48	9.968133e-48	6.456574e-48	4.012489e-48	4.189139e-48	1.287273e+22	3.343741e-48
5.870000e-05	4.882387e-48	1.007072e-47	6.523022e-48	4.053783e-48	4.232252e-48	1.427658e+22	3.378153e-48
5.890000e-05	4.932462e-48	1.017401e-47	6.589924e-48	4.095360e-48	4.275659e-48	9.846017e+21	3.412800e-48
5.910000e-05	4.982879e-48	1.027800e-47	6.657282e-48	4.137221e-48	4.319362e-48	1.871217e+22	3.447684e-48
5.930000e-05	5.033638e-48	1.038270e-47	6.725098e-48	4.179365e-48	4.363362e-48	1.795327e+22	3.482804e-48
5.950000e-05	5.084741e-48	1.048811e-47	6.793373e-48	4.221795e-48	4.407660e-48	9.086275e+21	3.518163e-48
5.970000e-05	5.136188e-48	1.059423e-47	6.862108e-48	4.264511e-48	4.452257e-48	1.026419e+22	3.553759e-48
5.990000e-05	5.187981e-48	1.070106e-47	6.931305e-48	4.307514e-48	4.497153e-48	2.783028e+22	3.589595e-48
6.010000e-05	5.240121e-48	1.080860e-47	7.000966e-48	4.350805e-48	4.542350e-48	7.054121e+21	3.625671e-48
6.030000e-05	5.292609e-48	1.091687e-47	7.071092e-48	4.394386e-48	4.587849e-48	1.058548e+22	3.661988e-48
6.050000e-05	5.345447e-48	1.102586e-47	7.141685e-48	4.438256e-48	4.633651e-48	9.390474e+21	3.698547e-48
6.070000e-05	5.398635e-48	1.113557e-47	7.212746e-48	4.482418e-48	4.679757e-48	8.493153e+21	3.735348e-48
6.090000e-05	5.452175e-48	1.124600e-47	7.284276e-48	4.526871e-48	4.726167e-48	9.714207e+21	3.772393e-48
6.110000e-05	5.506067e-48	1.135716e-47	7.356279e-48	4.571617e-48	4.772884e-48	1.302134e+22	3.809681e-48
6.130000e-05	5.560314e-48	1.146906e-47	7.428754e-48	4.616658e-48	4.819907e-48	5.467995e+21	3.847215e-48
6.150000e-05	5.614916e-48	1.158168e-47	7.501703e-48	4.661993e-48	4.867238e-48	1.313594e+22	3.884994e-48
6.170000e-05	5.669874e-48	1.169504e-47	7.575129e-48	4.707624e-48	4.914878e-48	8.618464e+21	3.923020e-48
6.190000e-05	5.725189e-48	1.180914e-47	7.649032e-48	4.753551e-48	4.962827e-48	6.097860e+21	3.961293e-48
6.210000e-05	5.780863e-48	1.192397e-47	7.723414e-48	4.799777e-48	5.011088e-48	8.211719e+21	3.999814e-48
6.230000e-05	5.836897e-48	1.203955e-47	7.798277e-48	4.846301e-48	5.059660e-48	7.002797e+21	4.038584e-48
6.250000e-05	5.893292e-48	1.215588e-47	7.873623e-48	4.893125e-48	5.108545e-48	7.457335e+21	4.077604e-48
6.270000e-05	5.950049e-48	1.227295e-47	7.949452e-48	4.940249e-48	5.157745e-48	1.013051e+22	4.116874e-48
6.290000e-05	6.007169e-48	1.239077e-47	8.025766e-48	4.987675e-48	5.207259e-48	1.260692e+22	4.156396e-48
6.310000e-05	6.064653e-48	1.250934e-47	8.102567e-48	5.035404e-48	5.257088e-48	1.247403e+22	4.196170e-48
6.330000e-05	6.122503e-48	1.262866e-47	8.179856e-48	5.083436e-48	5.307235e-48	1.422933e+22	4.236197e-48
6.350000e-05	6.180720e-48	1.274874e-47	8.257636e-48	5.131773e-48	5.357700e-48	1.745210e+22	4.276477e-48
6.370000e-05	6.239305e-48	1.286958e-47	8.335907e-48	5.180415e-48	5.408483e-48	8.471117e+21	4.317012e-48
6.390000e-05	6.298258e-48	1.299119e-47	8.414671e-48	5.229363e-48	5.459587e-48	1.042858e+22	4.357803e-48
6.410000e-05	6.357582e-48	1.311355e-47	8.493929e-48	5.278619e-48	5.511011e-48	1.005641e+22	4.398849e-48
6.430000e-05	6.417277e-48	1.323668e-47	8.573684e-48	5.328183e-48	5.562757e-48	9.508826e+21	4.440153e-48
6.450000e-05	6.477345e-48	1.336058e-47	8.653936e-48	5.378057e-48	5.614827e-48	8.694338e+21	4.481714e-48
6.470000e-05	6.537787e-48	1.348525e-47	8.734688e-48	5.428241e-48	5.667220e-48	1.015733e+22	4.523534e-48
6.490000e-05	6.598603e-48	1.361070e-47	8.815940e-48	5.478736e-48	5.719938e-48	4.739931e+21	4.565613e-48
6.510000e-05	6.659795e-48	1.373691e-47	8.897695e-48	5.529543e-48	5.772982e-48	5.727588e+21	4.607952e-48
6.530000e-05	6.721364e-48	1.386391e-47	8.979953e-48	5.580663e-48	5.826352e-48	3.073962e+21	4.650552e-48
6.550000e-05	6.783312e-48	1.399169e-47	9.062717e-48	5.632097e-48	5.880051e-48	6.160743e+21	4.693414e-48
6.570000e-05	6.845639e-48	1.412025e-47	9.145988e-48	5.683847e-48	5.934079e-48	2.133138e+21	4.736539e-48
6.590000e-05	6.908347e-48	1.424959e-47	9.229768e-48	5.735912e-48	5.988437e-48	7.790855e+21	4.779927e-48
6.610000e-05	6.971437e-48	1.437973e-47	9.314058e-48	5.788295e-48	6.043125e-48	2.919490e+21	4.823579e-48
6.630000e-05	7.034909e-48	1.451065e-47	9.398859e-48	5.840995e-48	6.098146e-48	3.291143e+21	4.867496e-48
6.650000e-05	7.098766e-48	1.464236e-47	9.484173e-48	5.894014e-48	6.153499e-48	1.188470e+21	4.911679e-48
6.670000e-05	7.163007e-48	1.477487e-47	9.570002e-48	5.947353e-48	6.209187e-48	1.175260e+20	4.956128e-48
6.690000e-05	7.227636e-48	1.490818e-47	9.656348e-48	6.001013e-48	6.265209e-48	2.262441e+20	5.000845e-48
6.710000e-05	7.292651e-48	1.504228e-47	9.743211e-48	6.054995e-48	6.321567e-48	2.937150e+20	5.045829e-48
6.730000e-05	7.358056e-48	1.517719e-47	9.830593e-48	6.109300e-48	6.378263e-48	2.197420e+20	5.091083e-48
6.750000e-05	7.423851e-48	1.531290e-47	9.918497e-48	6.163928e-48	6.435296e-48	2.664439e+20	5.136607e-48
6.770000e-05	7.490036e-48	1.544942e-47	1.000692e-47	6.218881e-48	6.492668e-48	2.462997e+20	5.182401e-48
6.790000e-05	7.556614e-48	1.558675e-47	1.009587e-47	6.274160e-48	6.550381e-48	2.581160e+20	5.228466e-48
6.810000e-05	7.623585e-48	1.572489e-47	1.018535e-47	6.329765e-48	6.608434e-48	2.421469e+20	5.274804e-48
6.830000e-05	7.690950e-48	1.586384e-47	1.027535e-47	6.385698e-48	6.666829e-48	3.361696e+20	5.321415e-48
6.850000e-05	7.758712e-48	1.600361e-47	1.036588e-47	6.441959e-48	6.725567e-48	5.615608e+20	5.368299e-48
6.870000e-05	7.826870e-48	1.614420e-47	1.045694e-47	6.498550e-48	6.784650e-48	5.538279e+20	5.415458e-48
6.890000e-05	7.895426e-48	1.628560e-47	1.054854e-47	6.555471e-48	6.844077e-48	4.766749e+20	5.462893e-48
6.910000e-05	7.964381e-48	1.642784e-47	1.064066e-47	6.612724e-48	6.903850e-48	9.453574e+20	5.510603e-48
6.930000e-05	8.033737e-48	1.657089e-47	1.073332e-47	6.670309e-48	6.963970e-48	4.320200e+20	5.558591e-48
6.950000e-05	8.103494e-48	1.671478e-47	1.082652e-47	6.728227e-48	7.024439e-48	3.801633e+20	5.606856e-48
6.970000e-05	8.173654e-48	1.685949e-47	1.092026e-47	6.786480e-48	7.085256e-48	7.166509e+20	5.655400e-48
6.990000e-05	8.244217e-48	1.700504e-47	1.101453e-47	6.845068e-48	7.146423e-48	2.436844e+20	5.704223e-48
7.010000e-05	8.315186e-48	1.715143e-47	1.110935e-47	6.903992e-48	7.207942e-48	1.521031e+21	5.753327e-48
7.030000e-05	8.386560e-48	1.729865e-47	1.120471e-47	6.963254e-48	7.269812e-48	3.180422e+20	5.802711e-48
7.050000e-05	8.458342e-48	1.744671e-47	1.130061e-47	7.022853e-48	7.332036e-48	3.781053e+19	5.852378e-48
7.070000e-05	8.530532e-48	1.759562e-47	1.139706e-47	7.082792e-48	7.394613e-48	1.898190e+20	5.902327e-48
7.090000e-05	8.603132e-48	1.774536e-47	1.149405e-47	7.143071e-48	7.457546e-48	2.829125e+19	5.952559e-48
7.110000e-05	8.676143e-48	1.789596e-47	1.159160e-47	7.203691e-48	7.520834e-48	6.557122e-08	6.003075e-48
7.130000e-05	8.749566e-48	1.804741e-47	1.168969e-47	7.264652e-48	7.584480e-48	8.904390e+20	6.053877e-48
7.150000e-05	8.823401e-48	1.819970e-47	1.178834e-47	7.325957e-48	7.648484e-48	5.538934e+19	6.104964e-48
7.170000e-05	8.897651e-48	1.835286e-47	1.188754e-47	7.387606e-48	7.712846e-48	2.660169e+19	6.156338e-48
7.190000e-05	8.972316e-48	1.850687e-47	1.198730e-47	7.449599e-48	7.777569e-48	1.398137e+21	6.207999e-48
7.210000e-05	9.047398e-48	1.866173e-47	1.208761e-47	7.511939e-48	7.842653e-48	6.846093e+19	6.259949e-48
7.230000e-05	9.122897e-48	1.881746e-47	1.218848e-47	7.574625e-48	7.908099e-48	4.299097e+19	6.312188e-48
7.250000e-05	9.198816e-48	1.897406e-47	1.228991e-47	7.637659e-48	7.973908e-48	1.348865e+20	6.364716e-48
7.270000e-05	9.275154e-48	1.913152e-47	1.239190e-47	7.701042e-48	8.040081e-48	9.744333e+19	6.417535e-48
7.290000e-05	9.351914e-48	1.928985e-47	1.249445e-47	7.764774e-48	8.106620e-48	1.139659e+20	6.470645e-48
7.310000e-05	9.429095e-48	1.944905e-47	1.259757e-47	7.828857e-48	8.173524e-48	1.376195e+20	6.524048e-48
7.330000e-05	9.506701e-48	1.960912e-47	1.270125e-47	7.893292e-48	8.240795e-48	1.235037e+20	6.577743e-48
7.350000e-05	9.584731e-48	1.977007e-47	1.280550e-47	7.958079e-48	8.308435e-48	5.530568e+19	6.631733e-48
7.370000e-05	9.663187e-48	1.993190e-47	1.291032e-47	8.023220e-48	8.376444e-48	7.975280e+19	6.686017e-48
7.390000e-05	9.742069e-48	2.009461e-47	1.301571e-47	8.088715e-48	8.444822e-48	3.556379e+19	6.740596e-48
7.410000e-05	9.821380e-48	2.025820e-47	1.312167e-47	8.154566e-48	8.513572e-48	4.873094e+19	6.795472e-48
7.430000e-05	9.901120e-48	2.042268e-47	1.322821e-47	8.220774e-48	8.582694e-48	5.803171e+19	6.850645e-48
7.450000e-05	9.981291e-48	2.058804e-47	1.333532e-47	8.287338e-48	8.652190e-48	3.578715e+19	6.906115e-48
7.470000e-05	1.006189e-47	2.075430e-47	1.344300e-47	8.354261e-48	8.722059e-48	3.393300e+19	6.961884e-48
7.490000e-05	1.014293e-47	2.092144e-47	1.355127e-47	8.421544e-48	8.792303e-48	3.260234e+19	7.017953e-48
7.510000e-05	1.022440e-47	2.108949e-47	1.366011e-47	8.489186e-48	8.862924e-48	2.810543e+19	7.074322e-48
7.530000e-05	1.030630e-47	2.125843e-47	1.376954e-47	8.557190e-48	8.933922e-48	2.281201e+19	7.130992e-48
7.550000e-05	1.038864e-47	2.142827e-47	1.387955e-47	8.625556e-48	9.005297e-48	2.240030e+19	7.187963e-48
7.570000e-05	1.047142e-47	2.159901e-47	1.399014e-47	8.694285e-48	9.077053e-48	1.814849e+19	7.245238e-48
7.590000e-05	1.055464e-47	2.177066e-47	1.410132e-47	8.763379e-48	9.149188e-48	1.861043e+19	7.302815e-48
7.610000e-05	1.063829e-47	2.194321e-47	1.421309e-47	8.832837e-48	9.221704e-48	6.490793e+17	7.360697e-48
7.630000e-05	1.072239e-47	2.211667e-47	1.432545e-47	8.902661e-48	9.294603e-48	2.470910e-09	7.418885e-48
7.650000e-05	1.080693e-47	2.229105e-47	1.443839e-47	8.972853e-48	9.367884e-48	2.212020e-09	7.477377e-48
7.670000e-05	1.089191e-47	2.246634e-47	1.455193e-47	9.043412e-48	9.441550e-48	2.276964e-09	7.536177e-48
7.690000e-05	1.097734e-47	2.264254e-47	1.466606e-47	9.114341e-48	9.515601e-48	1.949121e-09	7.595284e-48
7.710000e-05	1.106321e-47	2.281967e-47	1.478079e-47	9.185639e-48	9.590038e-48	2.970049e-09	7.654699e-48
7.730000e-05	1.114953e-47	2.299772e-47	1.489612e-47	9.257308e-48	9.664863e-48	3.226347e-09	7.714424e-48
7.750000e-05	1.123629e-47	2.317669e-47	1.501204e-47	9.329349e-48	9.740075e-48	1.398617e-09	7.774458e-48
7.770000e-05	1.132351e-47	2.335658e-47	1.512856e-47	9.401763e-48	9.815677e-48	1.807430e-09	7.834803e-48
7.790000e-05	1.141117e-47	2.353741e-47	1.524568e-47	9.474551e-48	9.891669e-48	9.695775e-10	7.895459e-48
7.810000e-05	1.149929e-47	2.371916e-47	1.536341e-47	9.547713e-48	9.968052e-48	1.187780e-09	7.956427e-48
7.830000e-05	1.158786e-47	2.390185e-47	1.548174e-47	9.621251e-48	1.004483e-47	1.693774e-09	8.017709e-48
7.850000e-05	1.167688e-47	2.408547e-47	1.560068e-47	9.695165e-48	1.012200e-47	1.009001e-09	8.079304e-48
7.870000e-05	1.176636e-47	2.427004e-47	1.572022e-47	9.769457e-48	1.019956e-47	8.504625e-10	8.141214e-48
7.890000e-05	1.185629e-47	2.445554e-47	1.584038e-47	9.844128e-48	1.027752e-47	7.746069e-10	8.203440e-48
7.910000e-05	1.194668e-47	2.464198e-47	1.596114e-47	9.919178e-48	1.035587e-47	6.361123e-10	8.265982e-48
7.930000e-05	1.203753e-47	2.482937e-47	1.608252e-47	9.994609e-48	1.043462e-47	4.256030e-10	8.328841e-48
7.950000e-05	1.212884e-47	2.501771e-47	1.620451e-47	1.007042e-47	1.051377e-47	1.970394e-12	8.392018e-48
7.970000e-05	1.222061e-47	2.520700e-47	1.632712e-47	1.014662e-47	1.059332e-47	7.739525e-12	8.455513e-48
7.990000e-05	1.231284e-47	2.539724e-47	1.645034e-47	1.022319e-47	1.067327e-47	6.535868e-13	8.519328e-48
8.010000e-05	1.240553e-47	2.558844e-47	1.657418e-47	1.030016e-47	1.075362e-47	2.293082e-13	8.583463e-48
8.030000e-05	1.249869e-47	2.578059e-47	1.669864e-47	1.037750e-47	1.083437e-47	2.623368e-13	8.647919e-48
8.050000e-05	1.259231e-47	2.597370e-47	1.682373e-47	1.045524e-47	1.091553e-47	6.163557e-14	8.712698e-48
8.070000e-05	1.268640e-47	2.616778e-47	1.694943e-47	1.053336e-47	1.099709e-47	4.893870e-14	8.777798e-48
8.090000e-05	1.278096e-47	2.636281e-47	1.707576e-47	1.061187e-47	1.107906e-47	7.341543e-48	8.843223e-48
8.110000e-05	1.287598e-47	2.655882e-47	1.720272e-47	1.069077e-47	1.116143e-47	7.396127e-48	8.908971e-48
8.130000e-05	1.297148e-47	2.675579e-47	1.733030e-47	1.077005e-47	1.124421e-47	7.450981e-48	8.975045e-48
8.150000e-05	1.306745e-47	2.695374e-47	1.745852e-47	1.084973e-47	1.132739e-47	7.506105e-48	9.041445e-48
8.170000e-05	1.316388e-47	2.715266e-47	1.758736e-47	1.092981e-47	1.141099e-47	7.561500e-48	9.108171e-48
8.190000e-05	1.326080e-47	2.735256e-47	1.771684e-47	1.101027e-47	1.149500e-47	7.617168e-48	9.175225e-48
8.210000e-05	1.335818e-47	2.755343e-47	1.784695e-47	1.109113e-47	1.157942e-47	7.673107e-48	9.242607e-48
8.230000e-05	1.345604e-47	2.775529e-47	1.797770e-47	1.117238e-47	1.166425e-47	7.729320e-48	9.310318e-48
8.250000e-05	1.355438e-47	2.795813e-47	1.810908e-47	1.125403e-47	1.174949e-47	7.785807e-48	9.378359e-48
8.270000e-05	1.365320e-47	2.816195e-47	1.824110e-47	1.133608e-47	1.183515e-47	7.842569e-48	9.446731e-48
8.290000e-05	1.375249e-47	2.836676e-47	1.837376e-47	1.141852e-47	1.192122e-47	7.899605e-48	9.515434e-48
8.310000e-05	1.385227e-47	2.857257e-47	1.850707e-47	1.150136e-47	1.200771e-47	7.956918e-48	9.584469e-48
8.330000e-05	1.395253e-47	2.877937e-47	1.864101e-47	1.158461e-47	1.209462e-47	8.014507e-48	9.653838e-48
8.350000e-05	1.405327e-47	2.898716e-47	1.877561e-47	1.166825e-47	1.218195e-47	8.072373e-48	9.723540e-48
8.370000e-05	1.415449e-47	2.919595e-47	1.891084e-47	1.175229e-47	1.226969e-47	8.130517e-48	9.793578e-48
8.390000e-05	1.425620e-47	2.940574e-47	1.904673e-47	1.183674e-47	1.235785e-47	8.188940e-48	9.863950e-48
8.410000e-05	1.435839e-47	2.961653e-47	1.918327e-47	1.192159e-47	1.244644e-47	8.247642e-48	9.934659e-48
8.430000e-05	1.446108e-47	2.982833e-47	1.932045e-47	1.200685e-47	1.253545e-47	8.306624e-48	1.000571e-47
8.450000e-05	1.456425e-47	3.004114e-47	1.945829e-47	1.209251e-47	1.262488e-47	8.365886e-48	1.007709e-47
8.470000e-05	1.466791e-47	3.025495e-47	1.959678e-47	1.217858e-47	1.271474e-47	8.425429e-48	1.014881e-47
8.490000e-05	1.477206e-47	3.046978e-47	1.973593e-47	1.226505e-47	1.280502e-47	8.485255e-48	1.022087e-47
8.510000e-05	1.487670e-47	3.068562e-47	1.987574e-47	1.235193e-47	1.289573e-47	8.545362e-48	1.029328e-47
8.530000e-05	1.498183e-47	3.090248e-47	2.001620e-47	1.243923e-47	1.298686e-47	8.605753e-48	1.036602e-47
8.550000e-05	1.508746e-47	3.112036e-47	2.015732e-47	1.252693e-47	1.307843e-47	8.666428e-48	1.043911e-47
8.570000e-05	1.519359e-47	3.133926e-47	2.029911e-47	1.261504e-47	1.317042e-47	8.727388e-48	1.051254e-47
8.590000e-05	1.530021e-47	3.155918e-47	2.044156e-47	1.270357e-47	1.326285e-47	8.788632e-48	1.058631e-47
8.610000e-05	1.540733e-47	3.178013e-47	2.058467e-47	1.279251e-47	1.335570e-47	8.850163e-48	1.066042e-47
8.630000e-05	1.551495e-47	3.200211e-47	2.072845e-47	1.288186e-47	1.344899e-47	8.911980e-48	1.073488e-47
8.650000e-05	1.562306e-47	3.222512e-47	2.087290e-47	1.297163e-47	1.354271e-47	8.974084e-48	1.080969e-47
8.670000e-05	1.573168e-47	3.244916e-47	2.101802e-47	1.306182e-47	1.363686e-47	9.036476e-48	1.088485e-47
8.690000e-05	1.584080e-47	3.267424e-47	2.116381e-47	1.315242e-47	1.373145e-47	9.099157e-48	1.096035e-47
8.710000e-05	1.595043e-47	3.290036e-47	2.131027e-47	1.324344e-47	1.382648e-47	9.162126e-48	1.103620e-47
8.730000e-05	1.606056e-47	3.312752e-47	2.145741e-47	1.333488e-47	1.392195e-47	9.225386e-48	1.111240e-47
8.750000e-05	1.617119e-47	3.335572e-47	2.160522e-47	1.342673e-47	1.401785e-47	9.288936e-48	1.118895e-47
8.770000e-05	1.628233e-47	3.358497e-47	2.175371e-47	1.351901e-47	1.411419e-47	9.352777e-48	1.126585e-47
8.790000e-05	1.639398e-47	3.381527e-47	2.190288e-47	1.361172e-47	1.421097e-47	9.416910e-48	1.134310e-47
8.810000e-05	1.650614e-47	3.404662e-47	2.205273e-47	1.370484e-47	1.430820e-47	9.481336e-48	1.142070e-47
8.830000e-05	1.661881e-47	3.427901e-47	2.220326e-47	1.379839e-47	1.440586e-47	9.546055e-48	1.149866e-47
8.850000e-05	1.673199e-47	3.451247e-47	2.235447e-47	1.389236e-47	1.450397e-47	9.611067e-48	1.157697e-47
8.870000e-05	1.684569e-47	3.474698e-47	2.250637e-47	1.398676e-47	1.460253e-47	9.676374e-48	1.165563e-47
8.890000e-05	1.695990e-47	3.498255e-47	2.265895e-47	1.408158e-47	1.470153e-47	9.741977e-48	1.173465e-47
8.910000e-05	1.707462e-47	3.521919e-47	2.281223e-47	1.417684e-47	1.480097e-47	9.807875e-48	1.181403e-47
8.930000e-05	1.718986e-47	3.545689e-47	2.296619e-47	1.427252e-47	1.490087e-47	9.874070e-48	1.189377e-47
8.950000e-05	1.730561e-47	3.569565e-47	2.312084e-47	1.436863e-47	1.500121e-47	9.940561e-48	1.197386e-47
8.970000e-05	1.742189e-47	3.593549e-47	2.327619e-47	1.446517e-47	1.510200e-47	1.000735e-47	1.205431e-47
8.990000e-05	1.753868e-47	3.617640e-47	2.343223e-47	1.456214e-47	1.520324e-47	1.007444e-47	1.213512e-47
9.010000e-05	1.765600e-47	3.641838e-47	2.358897e-47	1.465955e-47	1.530494e-47	1.014183e-47	1.221629e-47
9.030000e-05	1.777384e-47	3.666144e-47	2.374640e-47	1.475739e-47	1.540708e-47	1.020951e-47	1.229782e-47
9.050000e-05	1.789220e-47	3.690557e-47	2.390453e-47	1.485566e-47	1.550968e-47	1.027750e-47	1.237972e-47
9.070000e-05	1.801108e-47	3.715079e-47	2.406337e-47	1.495437e-47	1.561274e-47	1.034579e-47	1.246197e-47
9.090000e-05	1.813049e-47	3.739709e-47	2.422290e-47	1.505351e-47	1.571625e-47	1.041438e-47	1.254460e-47
9.110000e-05	1.825043e-47	3.764448e-47	2.438314e-47	1.515310e-47	1.582021e-47	1.048327e-47	1.262758e-47
9.130000e-05	1.837089e-47	3.789296e-47	2.454409e-47	1.525312e-47	1.592464e-47	1.055247e-47	1.271093e-47
9.150000e-05	1.849188e-47	3.814253e-47	2.470574e-47	1.535358e-47	1.602952e-47	1.062197e-47	1.279465e-47
9.170000e-05	1.861341e-47	3.839319e-47	2.486810e-47	1.545447e-47	1.613486e-47	1.069178e-47	1.287873e-47
9.190000e-05	1.873546e-47	3.864495e-47	2.503117e-47	1.555582e-47	1.624066e-47	1.076188e-47	1.296318e-47
9.210000e-05	1.885805e-47	3.889781e-47	2.519495e-47	1.565760e-47	1.634693e-47	1.083230e-47	1.304800e-47
9.230000e-05	1.898117e-47	3.915176e-47	2.535944e-47	1.575982e-47	1.645365e-47	1.090302e-47	1.313319e-47
9.250000e-05	1.910483e-47	3.940682e-47	2.552465e-47	1.586249e-47	1.656084e-47	1.097405e-47	1.321874e-47
9.270000e-05	1.922902e-47	3.966299e-47	2.569057e-47	1.596561e-47	1.666850e-47	1.104539e-47	1.330467e-47
9.290000e-05	1.935375e-47	3.992026e-47	2.585721e-47	1.606917e-47	1.677662e-47	1.111703e-47	1.339097e-47
9.310000e-05	1.947901e-47	4.017864e-47	2.602457e-47	1.617318e-47	1.688520e-47	1.118899e-47	1.347765e-47
9.330000e-05	1.960482e-47	4.043814e-47	2.619265e-47	1.627763e-47	1.699426e-47	1.126125e-47	1.356469e-47
9.350000e-05	1.973117e-47	4.069875e-47	2.636145e-47	1.638253e-47	1.710378e-47	1.133383e-47	1.365211e-47
9.370000e-05	1.985805e-47	4.096048e-47	2.653098e-47	1.648789e-47	1.721377e-47	1.140671e-47	1.522302e+06
