# number of size bins = 944
# 0:size [cm], masses (1:Al2O3, 2:Fe, 3:Fe3O4, 4:MgSiO3, 5:Mg2SiO4, 6:AC, 7:SiO2) [g]
1.000000e-07	2.413892e-56	6.409662e+04	3.225036e-56	1.020730e+27	3.255397e+28	1.944184e+11	1.670187e-56
3.000000e-07	6.517509e-55	1.344343e-54	8.707597e-55	4.103483e+29	6.250424e+30	3.743739e-55	1.622968e+30
5.000000e-07	1.578353e+30	6.223809e-54	6.347987e+30	2.140560e+29	1.390534e+31	1.733213e-54	1.681718e+30
7.000000e-07	8.640865e+07	1.707813e-53	2.053807e+28	6.935504e+27	4.649607e+30	4.755935e-54	1.715003e+27
9.000000e-07	1.759728e-53	3.629725e-53	4.949841e-04	2.157228e+25	7.936058e+29	1.010810e-53	4.025731e+20
1.100000e-06	3.212891e-53	6.627111e-53	4.292523e-53	2.219053e+21	6.347968e+28	1.845525e-53	1.592613e+03
1.300000e-06	5.303322e-53	1.093897e-52	7.085404e-53	5.242135e+14	1.856161e+27	3.046294e-53	3.669400e-53
1.500000e-06	8.146887e-53	1.680428e-52	1.088450e-52	1.308613e+03	1.517829e+25	4.679674e-53	5.636880e-53
1.700000e-06	1.185945e-52	2.446206e-52	1.584460e-52	7.135410e-20	1.919573e+22	6.812219e-53	8.205627e-53
1.900000e-06	1.655689e-52	3.415128e-52	2.212052e-52	1.374697e-52	1.677338e+18	1.348134e-39	1.145581e-52
2.100000e-06	2.235506e-52	4.611095e-52	2.986706e-52	1.856112e-52	2.021130e+12	2.781653e-27	1.546760e-52
2.300000e-06	2.936983e-52	6.058006e-52	3.923901e-52	2.438539e-52	2.300625e+03	1.439258e-18	2.032116e-52
2.500000e-06	3.771707e-52	7.779761e-52	5.039118e-52	3.131600e-52	1.265036e-11	5.195645e-12	2.609667e-52
2.700000e-06	4.751264e-52	9.800258e-52	6.347838e-52	3.944914e-52	9.996225e-36	7.517000e-07	3.287428e-52
2.900000e-06	5.887242e-52	1.214340e-51	7.865540e-52	4.888102e-52	5.103301e-52	8.340177e-03	4.073418e-52
3.100000e-06	7.191227e-52	1.483308e-51	9.607704e-52	5.970784e-52	6.233648e-52	1.896815e+01	4.975653e-52
3.300000e-06	8.674805e-52	1.789320e-51	1.158981e-51	7.202580e-52	7.519674e-52	1.079471e+04	6.002150e-52
3.500000e-06	1.034956e-51	2.134766e-51	1.382734e-51	8.593110e-52	8.971423e-52	2.272286e+06	7.160925e-52
3.700000e-06	1.222709e-51	2.522037e-51	1.633577e-51	1.015200e-51	1.059894e-51	2.426325e+08	8.459996e-52
3.900000e-06	1.431897e-51	2.953521e-51	1.913059e-51	1.188886e-51	1.241226e-51	1.423700e+10	9.907380e-52
4.100000e-06	1.663679e-51	3.431609e-51	2.222727e-51	1.381331e-51	1.442145e-51	5.167696e+11	1.151109e-51
4.300000e-06	1.919213e-51	3.958691e-51	2.564129e-51	1.593498e-51	1.663652e-51	1.147122e+13	1.327915e-51
4.500000e-06	2.199659e-51	4.537156e-51	2.938814e-51	1.826349e-51	1.906754e-51	1.857923e+14	1.521958e-51
4.700000e-06	2.506175e-51	5.169396e-51	3.348329e-51	2.080845e-51	2.172455e-51	2.216894e+15	1.734038e-51
4.900000e-06	2.839920e-51	5.857799e-51	3.794222e-51	2.357949e-51	2.461759e-51	1.988328e+16	1.964958e-51
5.100000e-06	3.202052e-51	6.604755e-51	4.278042e-51	2.658623e-51	2.775669e-51	1.484068e+17	2.215519e-51
5.300000e-06	3.593731e-51	7.412656e-51	4.801337e-51	2.983828e-51	3.115192e-51	9.452368e+17	2.486524e-51
5.500000e-06	4.016113e-51	8.283889e-51	5.365653e-51	3.334528e-51	3.481331e-51	5.184737e+18	2.778773e-51
5.700000e-06	4.470360e-51	9.220846e-51	5.972541e-51	3.711682e-51	3.875090e-51	2.497120e+19	3.093069e-51
5.900000e-06	4.957628e-51	1.022592e-50	6.623546e-51	4.116255e-51	4.297474e-51	1.031012e+20	3.430213e-51
6.100000e-06	5.479077e-51	1.130149e-50	7.320219e-51	4.549208e-51	4.749487e-51	3.744895e+20	3.791006e-51
6.300000e-06	6.035865e-51	1.244996e-50	8.064105e-51	5.011502e-51	5.232134e-51	1.298564e+21	4.176252e-51
6.500000e-06	6.629152e-51	1.367371e-50	8.856755e-51	5.504100e-51	5.746419e-51	3.965110e+21	4.586750e-51
6.700000e-06	7.260095e-51	1.497513e-50	9.699714e-51	6.027964e-51	6.293346e-51	1.158769e+22	5.023303e-51
6.900000e-06	7.929854e-51	1.635662e-50	1.059453e-50	6.584056e-51	6.873920e-51	3.067434e+22	5.486713e-51
7.100000e-06	8.639586e-51	1.782056e-50	1.154276e-50	7.173338e-51	7.489145e-51	7.303994e+22	5.977782e-51
7.300000e-06	9.390452e-51	1.936934e-50	1.254594e-50	7.796772e-51	8.140026e-51	1.808749e+23	6.497310e-51
7.500000e-06	1.018361e-50	2.100535e-50	1.360562e-50	8.455320e-51	8.827567e-51	4.002452e+23	7.046100e-51
7.700000e-06	1.102022e-50	2.273099e-50	1.472335e-50	9.149944e-51	9.552771e-51	8.756305e+23	7.624953e-51
7.900000e-06	1.190143e-50	2.454864e-50	1.590068e-50	9.881606e-51	1.031664e-50	1.764160e+24	8.234671e-51
8.100000e-06	1.282841e-50	2.646070e-50	1.713916e-50	1.065127e-50	1.112019e-50	3.546971e+24	8.876056e-51
8.300000e-06	1.380232e-50	2.846954e-50	1.844034e-50	1.145989e-50	1.196442e-50	6.608696e+24	9.549910e-51
8.500000e-06	1.482432e-50	3.057757e-50	1.980575e-50	1.230844e-50	1.285032e-50	1.166183e+25	1.025703e-50
8.700000e-06	1.589555e-50	3.278717e-50	2.123696e-50	1.319787e-50	1.377891e-50	2.135290e+25	1.099823e-50
8.900000e-06	1.701719e-50	3.510074e-50	2.273550e-50	1.412916e-50	1.475120e-50	3.639057e+25	1.177430e-50
9.100000e-06	1.819039e-50	3.752065e-50	2.430293e-50	1.510325e-50	1.576817e-50	6.217139e+25	1.258604e-50
9.300000e-06	1.941631e-50	4.004931e-50	2.594080e-50	1.612112e-50	1.683085e-50	1.006059e+26	1.343426e-50
9.500000e-06	2.069611e-50	4.268910e-50	2.765065e-50	1.718372e-50	1.794023e-50	1.546688e+26	1.431976e-50
9.700000e-06	2.203094e-50	4.544242e-50	2.943403e-50	1.829201e-50	1.909732e-50	2.496462e+26	1.524334e-50
9.900000e-06	2.342197e-50	4.831164e-50	3.129249e-50	1.944696e-50	2.030312e-50	3.808907e+26	1.620580e-50
1.010000e-05	2.487036e-50	5.129917e-50	3.322758e-50	2.064954e-50	2.155864e-50	5.706464e+26	1.720795e-50
1.030000e-05	2.637725e-50	5.440739e-50	3.524084e-50	2.190070e-50	2.286488e-50	8.376795e+26	1.825058e-50
1.050000e-05	2.794382e-50	5.763869e-50	3.733382e-50	2.320140e-50	2.422284e-50	1.169375e+27	1.933450e-50
1.070000e-05	2.957122e-50	6.099547e-50	3.950808e-50	2.455261e-50	2.563354e-50	1.727714e+27	2.046050e-50
1.090000e-05	3.126061e-50	6.448010e-50	4.176515e-50	2.595528e-50	2.709797e-50	2.400555e+27	2.162940e-50
1.110000e-05	3.301314e-50	6.809499e-50	4.410659e-50	2.741039e-50	2.861713e-50	3.348328e+27	2.284199e-50
1.130000e-05	3.482998e-50	7.184252e-50	4.653395e-50	2.891889e-50	3.019205e-50	4.496203e+27	2.409907e-50
1.150000e-05	3.671229e-50	7.572508e-50	4.904876e-50	3.048174e-50	3.182370e-50	5.844139e+27	2.540145e-50
1.170000e-05	3.866121e-50	7.974506e-50	5.165259e-50	3.209991e-50	3.351311e-50	8.296807e+27	2.674993e-50
1.190000e-05	4.067792e-50	8.390486e-50	5.434698e-50	3.377436e-50	3.526128e-50	1.013333e+28	2.814530e-50
1.210000e-05	4.276358e-50	8.820685e-50	5.713348e-50	3.550605e-50	3.706921e-50	1.379839e+28	2.958837e-50
1.230000e-05	4.491933e-50	9.265344e-50	6.001363e-50	3.729594e-50	3.893790e-50	1.743209e+28	3.107995e-50
1.250000e-05	4.714634e-50	9.724701e-50	6.298898e-50	3.914500e-50	4.086836e-50	2.239015e+28	3.262083e-50
1.270000e-05	4.944576e-50	1.019900e-49	6.606109e-50	4.105418e-50	4.286160e-50	2.786033e+28	3.421182e-50
1.290000e-05	5.181876e-50	1.068847e-49	6.923149e-50	4.302445e-50	4.491861e-50	3.354384e+28	3.585371e-50
1.310000e-05	5.426650e-50	1.119335e-49	7.250174e-50	4.505678e-50	4.704041e-50	4.368756e+28	3.754732e-50
1.330000e-05	5.679012e-50	1.171389e-49	7.587339e-50	4.715211e-50	4.922799e-50	5.203077e+28	3.929343e-50
1.350000e-05	5.939080e-50	1.225032e-49	7.934797e-50	4.931142e-50	5.148237e-50	6.165602e+28	4.109285e-50
1.370000e-05	6.206969e-50	1.280289e-49	8.292706e-50	5.153567e-50	5.380454e-50	7.775555e+28	4.294639e-50
1.390000e-05	6.482795e-50	1.337182e-49	8.661217e-50	5.382582e-50	5.619551e-50	9.068208e+28	4.485485e-50
1.410000e-05	6.766674e-50	1.395737e-49	9.040488e-50	5.618283e-50	5.865628e-50	1.103546e+29	4.681902e-50
1.430000e-05	7.058721e-50	1.455976e-49	9.430672e-50	5.860766e-50	6.118787e-50	1.288558e+29	4.883971e-50
1.450000e-05	7.359053e-50	1.517925e-49	9.831925e-50	6.110127e-50	6.379127e-50	1.533911e+29	5.091773e-50
1.470000e-05	7.667785e-50	1.581606e-49	1.024440e-49	6.366463e-50	6.646748e-50	1.746949e+29	5.305386e-50
1.490000e-05	7.985033e-50	1.647043e-49	1.066825e-49	6.629871e-50	6.921752e-50	1.973439e+29	5.524892e-50
1.510000e-05	8.310913e-50	1.714261e-49	1.110364e-49	6.900445e-50	7.204238e-50	2.370845e+29	5.750371e-50
1.530000e-05	8.645541e-50	1.783284e-49	1.155071e-49	7.178282e-50	7.494307e-50	2.675551e+29	5.981902e-50
1.550000e-05	8.989033e-50	1.854135e-49	1.200963e-49	7.463479e-50	7.792060e-50	3.098608e+29	6.219566e-50
1.570000e-05	9.341505e-50	1.926838e-49	1.248054e-49	7.756132e-50	8.097597e-50	3.443234e+29	6.463443e-50
1.590000e-05	9.703072e-50	2.001417e-49	1.296361e-49	8.056337e-50	8.411018e-50	3.830087e+29	6.713614e-50
1.610000e-05	1.007385e-49	2.077896e-49	1.345898e-49	8.364190e-50	8.732424e-50	4.496990e+29	6.970158e-50
1.630000e-05	1.045396e-49	2.156299e-49	1.396681e-49	8.679787e-50	9.061916e-50	4.926750e+29	7.233156e-50
1.650000e-05	1.084351e-49	2.236650e-49	1.448726e-49	9.003224e-50	9.399593e-50	5.569440e+29	7.502687e-50
1.670000e-05	1.124261e-49	2.318973e-49	1.502048e-49	9.334599e-50	9.745556e-50	6.058659e+29	7.778832e-50
1.690000e-05	1.165140e-49	2.403291e-49	1.556663e-49	9.674006e-50	1.009991e-49	6.506167e+29	8.061672e-50
1.710000e-05	1.206997e-49	2.489629e-49	1.612586e-49	1.002154e-49	1.046274e-49	7.511973e+29	8.351285e-50
1.730000e-05	1.249845e-49	2.578010e-49	1.669832e-49	1.037730e-49	1.083417e-49	7.981332e+29	8.647754e-50
1.750000e-05	1.293695e-49	2.668458e-49	1.728418e-49	1.074139e-49	1.121428e-49	8.558437e+29	8.951156e-50
1.770000e-05	1.338560e-49	2.760998e-49	1.788358e-49	1.111389e-49	1.160318e-49	9.690179e+29	9.261574e-50
1.790000e-05	1.384449e-49	2.855652e-49	1.849667e-49	1.149490e-49	1.200097e-49	1.022466e+30	9.579086e-50
1.810000e-05	1.431376e-49	2.952446e-49	1.912363e-49	1.188453e-49	1.240775e-49	1.084676e+30	9.903774e-50
1.830000e-05	1.479351e-49	3.051402e-49	1.976459e-49	1.228286e-49	1.282362e-49	1.211128e+30	1.023572e-49
1.850000e-05	1.528386e-49	3.152546e-49	2.041972e-49	1.268999e-49	1.324867e-49	1.276436e+30	1.057500e-49
1.870000e-05	1.578493e-49	3.255900e-49	2.108916e-49	1.310603e-49	1.368302e-49	1.393414e+30	1.092169e-49
1.890000e-05	1.629684e-49	3.361488e-49	2.177308e-49	1.353105e-49	1.412676e-49	1.458253e+30	1.127588e-49
1.910000e-05	1.681969e-49	3.469336e-49	2.247163e-49	1.396517e-49	1.457999e-49	1.600239e+30	1.163764e-49
1.930000e-05	1.735361e-49	3.579465e-49	2.318497e-49	1.440848e-49	1.504282e-49	1.676562e+30	1.200707e-49
1.950000e-05	1.789871e-49	3.691901e-49	2.391324e-49	1.486107e-49	1.551533e-49	1.726483e+30	1.238422e-49
1.970000e-05	1.845511e-49	3.806667e-49	2.465660e-49	1.532304e-49	1.599764e-49	1.915644e+30	1.276920e-49
1.990000e-05	1.902292e-49	3.923787e-49	2.541521e-49	1.579449e-49	1.648984e-49	1.963333e+30	1.316207e-49
2.010000e-05	1.960226e-49	4.043285e-49	2.618923e-49	1.627550e-49	1.699203e-49	2.017632e+30	1.356292e-49
2.030000e-05	2.019324e-49	4.165185e-49	2.697880e-49	1.676619e-49	1.750432e-49	2.202154e+30	1.397182e-49
2.050000e-05	2.079598e-49	4.289511e-49	2.778409e-49	1.726664e-49	1.802681e-49	2.247181e+30	1.438887e-49
2.070000e-05	2.141060e-49	4.416287e-49	2.860524e-49	1.777695e-49	1.855958e-49	2.300871e+30	1.481413e-49
2.090000e-05	2.203722e-49	4.545536e-49	2.944241e-49	1.829722e-49	1.910276e-49	2.491197e+30	1.524768e-49
2.110000e-05	2.267594e-49	4.677282e-49	3.029576e-49	1.882754e-49	1.965643e-49	2.548340e+30	1.568962e-49
2.130000e-05	2.332688e-49	4.811550e-49	3.116545e-49	1.936801e-49	2.022069e-49	2.681961e+30	1.614001e-49
2.150000e-05	2.399017e-49	4.948364e-49	3.205162e-49	1.991873e-49	2.079565e-49	2.708844e+30	1.659894e-49
2.170000e-05	2.466591e-49	5.087746e-49	3.295443e-49	2.047979e-49	2.138141e-49	2.746127e+30	1.706649e-49
2.190000e-05	2.535422e-49	5.229721e-49	3.387403e-49	2.105128e-49	2.197807e-49	2.973783e+30	1.754274e-49
2.210000e-05	2.605522e-49	5.374314e-49	3.481059e-49	2.163331e-49	2.258572e-49	2.973355e+30	1.802776e-49
2.230000e-05	2.676902e-49	5.521547e-49	3.576425e-49	2.222598e-49	2.320448e-49	3.138084e+30	1.852165e-49
2.250000e-05	2.749574e-49	5.671446e-49	3.673517e-49	2.282936e-49	2.383443e-49	3.168667e+30	1.902447e-49
2.270000e-05	2.823550e-49	5.824032e-49	3.772351e-49	2.344357e-49	2.447568e-49	3.133674e+30	1.953631e-49
2.290000e-05	2.898841e-49	5.979332e-49	3.872942e-49	2.406870e-49	2.512833e-49	3.401748e+30	2.005725e-49
2.310000e-05	2.975458e-49	6.137368e-49	3.975305e-49	2.470485e-49	2.579248e-49	3.379799e+30	2.058737e-49
2.330000e-05	3.053414e-49	6.298164e-49	4.079456e-49	2.535210e-49	2.646823e-49	3.549226e+30	2.112675e-49
2.350000e-05	3.132719e-49	6.461745e-49	4.185411e-49	2.601057e-49	2.715569e-49	3.526507e+30	2.167547e-49
2.370000e-05	3.213386e-49	6.628134e-49	4.293185e-49	2.668034e-49	2.785494e-49	3.472232e+30	2.223361e-49
2.390000e-05	3.295426e-49	6.797354e-49	4.402793e-49	2.736150e-49	2.856610e-49	3.677866e+30	2.280125e-49
2.410000e-05	3.378851e-49	6.969431e-49	4.514251e-49	2.805417e-49	2.928926e-49	3.730739e+30	2.337847e-49
2.430000e-05	3.463672e-49	7.144388e-49	4.627574e-49	2.875842e-49	3.002452e-49	3.839759e+30	2.396535e-49
2.450000e-05	3.549900e-49	7.322249e-49	4.742778e-49	2.947437e-49	3.077198e-49	3.719598e+30	2.456197e-49
2.470000e-05	3.637548e-49	7.503037e-49	4.859878e-49	3.020210e-49	3.153175e-49	3.818720e+30	2.516841e-49
2.490000e-05	3.726627e-49	7.686777e-49	4.978891e-49	3.094171e-49	3.230392e-49	3.951469e+30	2.578476e-49
2.510000e-05	3.817149e-49	7.873492e-49	5.099830e-49	3.169330e-49	3.308860e-49	3.934879e+30	2.641108e-49
2.530000e-05	3.909124e-49	8.063206e-49	5.222712e-49	3.245696e-49	3.388588e-49	4.028430e+30	2.704746e-49
2.550000e-05	4.002565e-49	8.255944e-49	5.347553e-49	3.323279e-49	3.469587e-49	3.957006e+30	2.769399e-49
2.570000e-05	4.097484e-49	8.451729e-49	5.474367e-49	3.402089e-49	3.551866e-49	3.858356e+30	2.835074e-49
2.590000e-05	4.193892e-49	8.650586e-49	5.603170e-49	3.482134e-49	3.635436e-49	4.043950e+30	2.901779e-49
2.610000e-05	4.291799e-49	8.852537e-49	5.733979e-49	3.563426e-49	3.720307e-49	4.010088e+30	2.969522e-49
2.630000e-05	4.391219e-49	9.057607e-49	5.866807e-49	3.645973e-49	3.806488e-49	3.894234e+30	3.038311e-49
2.650000e-05	4.492163e-49	9.265820e-49	6.001671e-49	3.729786e-49	3.893990e-49	4.085587e+30	3.108155e-49
2.670000e-05	4.594642e-49	9.477199e-49	6.138586e-49	3.814873e-49	3.982823e-49	4.050980e+30	3.179060e-49
2.690000e-05	4.698668e-49	9.691769e-49	6.277567e-49	3.901244e-49	4.072997e-49	3.939103e+30	3.251036e-49
2.710000e-05	4.804252e-49	9.909554e-49	6.418631e-49	3.988909e-49	4.164521e-49	4.125227e+30	3.324091e-49
2.730000e-05	4.911406e-49	1.013058e-48	6.561792e-49	4.077878e-49	4.257407e-49	4.001756e+30	3.398231e-49
2.750000e-05	5.020142e-49	1.035486e-48	6.707067e-49	4.168159e-49	4.351663e-49	4.116895e+30	3.473466e-49
2.770000e-05	5.130471e-49	1.058243e-48	6.854470e-49	4.259764e-49	4.447301e-49	4.001371e+30	3.549803e-49
2.790000e-05	5.242404e-49	1.081331e-48	7.004016e-49	4.352701e-49	4.544330e-49	3.892433e+30	3.627251e-49
2.810000e-05	5.355954e-49	1.104753e-48	7.155723e-49	4.446980e-49	4.642759e-49	4.068232e+30	3.705817e-49
2.830000e-05	5.471132e-49	1.128510e-48	7.309604e-49	4.542611e-49	4.742600e-49	3.958710e+30	3.785509e-49
2.850000e-05	5.587950e-49	1.152606e-48	7.465676e-49	4.639603e-49	4.843862e-49	4.014149e+30	3.866336e-49
2.870000e-05	5.706418e-49	1.177042e-48	7.623953e-49	4.737966e-49	4.946556e-49	3.856680e+30	3.948305e-49
2.890000e-05	5.826549e-49	1.201821e-48	7.784452e-49	4.837709e-49	5.050690e-49	3.931531e+30	4.031424e-49
2.910000e-05	5.948355e-49	1.226945e-48	7.947188e-49	4.938843e-49	5.156276e-49	3.953151e+30	4.115702e-49
2.930000e-05	6.071846e-49	1.252417e-48	8.112177e-49	5.041376e-49	5.263324e-49	3.766774e+30	4.201147e-49
2.950000e-05	6.197035e-49	1.278240e-48	8.279433e-49	5.145319e-49	5.371842e-49	3.855889e+30	4.287766e-49
2.970000e-05	6.323933e-49	1.304414e-48	8.448972e-49	5.250681e-49	5.481843e-49	3.865031e+30	4.375567e-49
2.990000e-05	6.452551e-49	1.330944e-48	8.620811e-49	5.357471e-49	5.593334e-49	3.764261e+30	4.464559e-49
3.010000e-05	6.582902e-49	1.357831e-48	8.794963e-49	5.465699e-49	5.706328e-49	3.613696e+30	4.554749e-49
3.030000e-05	6.714996e-49	1.385078e-48	8.971446e-49	5.575376e-49	5.820832e-49	3.771753e+30	4.646146e-49
3.050000e-05	6.848846e-49	1.412686e-48	9.150273e-49	5.686509e-49	5.936859e-49	3.671190e+30	4.738758e-49
3.070000e-05	6.984463e-49	1.440659e-48	9.331462e-49	5.799110e-49	6.054417e-49	3.554605e+30	4.832592e-49
3.090000e-05	7.121858e-49	1.469000e-48	9.515026e-49	5.913188e-49	6.173517e-49	3.653578e+30	4.927657e-49
3.110000e-05	7.261044e-49	1.497709e-48	9.700982e-49	6.028752e-49	6.294169e-49	3.554578e+30	5.023960e-49
3.130000e-05	7.402031e-49	1.526790e-48	9.889346e-49	6.145812e-49	6.416382e-49	3.499660e+30	5.121510e-49
3.150000e-05	7.544832e-49	1.556245e-48	1.008013e-48	6.264377e-49	6.540167e-49	3.431959e+30	5.220314e-49
3.170000e-05	7.689457e-49	1.586076e-48	1.027336e-48	6.384458e-49	6.665535e-49	3.285415e+30	5.320382e-49
3.190000e-05	7.835919e-49	1.616286e-48	1.046903e-48	6.506063e-49	6.792494e-49	3.383198e+30	5.421720e-49
3.210000e-05	7.984229e-49	1.646878e-48	1.066718e-48	6.629203e-49	6.921055e-49	3.269908e+30	5.524336e-49
3.230000e-05	8.134399e-49	1.677853e-48	1.086781e-48	6.753887e-49	7.051228e-49	3.150957e+30	5.628239e-49
3.250000e-05	8.286440e-49	1.709213e-48	1.107094e-48	6.880125e-49	7.183024e-49	3.327440e+30	5.733437e-49
3.270000e-05	8.440364e-49	1.740963e-48	1.127659e-48	7.007926e-49	7.316451e-49	3.056225e+30	5.839938e-49
3.290000e-05	8.596182e-49	1.773103e-48	1.148477e-48	7.137300e-49	7.451521e-49	3.161596e+30	5.947750e-49
3.310000e-05	8.753906e-49	1.805636e-48	1.169549e-48	7.268256e-49	7.588242e-49	3.039696e+30	6.056880e-49
3.330000e-05	8.913548e-49	1.838565e-48	1.190878e-48	7.400805e-49	7.726626e-49	2.913707e+30	6.167337e-49
3.350000e-05	9.075119e-49	1.871891e-48	1.212464e-48	7.534955e-49	7.866683e-49	3.011296e+30	6.279129e-49
3.370000e-05	9.238631e-49	1.905618e-48	1.234310e-48	7.670717e-49	8.008421e-49	2.871258e+30	6.392264e-49
3.390000e-05	9.404095e-49	1.939748e-48	1.256417e-48	7.808100e-49	8.151852e-49	2.891232e+30	6.506750e-49
3.410000e-05	9.571523e-49	1.974283e-48	1.278785e-48	7.947113e-49	8.296986e-49	2.812409e+30	6.622594e-49
3.430000e-05	9.740926e-49	2.009225e-48	1.301418e-48	8.087767e-49	8.443832e-49	2.683419e+30	6.739805e-49
3.450000e-05	9.912317e-49	2.044577e-48	1.324317e-48	8.230070e-49	8.592400e-49	2.759530e+30	6.858392e-49
3.470000e-05	1.008571e-48	2.080342e-48	1.347482e-48	8.374033e-49	8.742701e-49	2.674382e+30	6.978361e-49
3.490000e-05	1.026111e-48	2.116521e-48	1.370916e-48	8.519665e-49	8.894745e-49	2.530511e+30	7.099721e-49
3.510000e-05	1.043853e-48	2.153117e-48	1.394620e-48	8.666976e-49	9.048541e-49	2.615264e+30	7.222480e-49
3.530000e-05	1.061798e-48	2.190132e-48	1.418596e-48	8.815975e-49	9.204100e-49	2.524136e+30	7.346646e-49
3.550000e-05	1.079948e-48	2.227570e-48	1.442845e-48	8.966672e-49	9.361432e-49	2.398967e+30	7.472227e-49
3.570000e-05	1.098304e-48	2.265431e-48	1.467368e-48	9.119077e-49	9.520546e-49	2.448089e+30	7.599231e-49
3.590000e-05	1.116866e-48	2.303719e-48	1.492169e-48	9.273199e-49	9.681453e-49	2.327769e+30	7.727666e-49
3.610000e-05	1.135637e-48	2.342436e-48	1.517247e-48	9.429048e-49	9.844163e-49	2.334724e+30	7.857540e-49
3.630000e-05	1.154617e-48	2.381585e-48	1.542604e-48	9.586633e-49	1.000869e-48	2.234330e+30	7.988861e-49
3.650000e-05	1.173806e-48	2.421167e-48	1.568242e-48	9.745965e-49	1.017503e-48	2.155362e+30	8.121637e-49
3.670000e-05	1.193208e-48	2.461186e-48	1.594163e-48	9.907052e-49	1.034321e-48	2.177099e+30	8.255877e-49
3.690000e-05	1.212822e-48	2.501643e-48	1.620368e-48	1.006990e-48	1.051323e-48	2.125407e+30	8.391587e-49
3.710000e-05	1.232650e-48	2.542541e-48	1.646858e-48	1.023453e-48	1.068511e-48	2.008367e+30	8.528776e-49
3.730000e-05	1.252692e-48	2.583882e-48	1.673636e-48	1.040094e-48	1.085885e-48	2.069615e+30	8.667453e-49
3.750000e-05	1.272951e-48	2.625669e-48	1.700702e-48	1.056915e-48	1.103446e-48	1.967352e+30	8.807625e-49
3.770000e-05	1.293427e-48	2.667904e-48	1.728059e-48	1.073916e-48	1.121195e-48	1.947806e+30	8.949300e-49
3.790000e-05	1.314122e-48	2.710590e-48	1.755708e-48	1.091098e-48	1.139134e-48	1.902627e+30	9.092486e-49
3.810000e-05	1.335036e-48	2.753729e-48	1.783649e-48	1.108463e-48	1.157263e-48	1.803954e+30	9.237191e-49
3.830000e-05	1.356170e-48	2.797322e-48	1.811886e-48	1.126011e-48	1.175584e-48	1.845256e+30	9.383424e-49
3.850000e-05	1.377527e-48	2.841374e-48	1.840419e-48	1.143743e-48	1.194096e-48	1.771591e+30	9.531191e-49
3.870000e-05	1.399107e-48	2.885886e-48	1.869250e-48	1.161660e-48	1.212803e-48	1.675261e+30	9.680502e-49
3.890000e-05	1.420910e-48	2.930860e-48	1.898381e-48	1.179764e-48	1.231703e-48	1.737257e+30	9.831365e-49
3.910000e-05	1.442940e-48	2.976299e-48	1.927813e-48	1.198054e-48	1.250799e-48	1.654043e+30	9.983786e-49
3.930000e-05	1.465195e-48	3.022205e-48	1.957547e-48	1.216533e-48	1.270091e-48	1.573996e+30	1.013778e-48
3.950000e-05	1.487679e-48	3.068580e-48	1.987586e-48	1.235201e-48	1.289581e-48	1.582180e+30	1.029334e-48
3.970000e-05	1.510391e-48	3.115428e-48	2.017930e-48	1.254058e-48	1.309269e-48	1.517299e+30	1.045049e-48
3.990000e-05	1.533333e-48	3.162750e-48	2.048581e-48	1.273107e-48	1.329156e-48	1.509761e+30	1.060923e-48
4.010000e-05	1.556507e-48	3.210549e-48	2.079542e-48	1.292348e-48	1.349243e-48	1.408097e+30	1.076956e-48
4.030000e-05	1.579913e-48	3.258827e-48	2.110813e-48	1.311781e-48	1.369533e-48	1.402310e+30	1.093151e-48
4.050000e-05	1.603552e-48	3.307587e-48	2.142395e-48	1.331408e-48	1.390024e-48	1.403828e+30	1.109507e-48
4.070000e-05	1.627426e-48	3.356831e-48	2.174292e-48	1.351231e-48	1.410719e-48	1.344269e+30	1.126026e-48
4.090000e-05	1.651535e-48	3.406561e-48	2.206503e-48	1.371249e-48	1.431618e-48	1.259484e+30	1.142707e-48
4.110000e-05	1.675882e-48	3.456780e-48	2.239030e-48	1.391463e-48	1.452723e-48	1.307313e+30	1.159553e-48
4.130000e-05	1.700466e-48	3.507489e-48	2.271876e-48	1.411875e-48	1.474034e-48	1.231895e+30	1.176563e-48
4.150000e-05	1.725290e-48	3.558693e-48	2.305042e-48	1.432486e-48	1.495552e-48	1.238596e+30	1.193739e-48
4.170000e-05	1.750355e-48	3.610392e-48	2.338529e-48	1.453297e-48	1.517279e-48	1.173051e+30	1.211081e-48
4.190000e-05	1.775661e-48	3.662590e-48	2.372338e-48	1.474308e-48	1.539215e-48	1.114156e+30	1.228590e-48
4.210000e-05	1.801209e-48	3.715288e-48	2.406472e-48	1.495521e-48	1.561362e-48	1.145307e+30	1.246268e-48
4.230000e-05	1.827002e-48	3.768490e-48	2.440932e-48	1.516936e-48	1.583720e-48	1.081501e+30	1.264114e-48
4.250000e-05	1.853040e-48	3.822196e-48	2.475719e-48	1.538555e-48	1.606290e-48	1.084897e+30	1.282129e-48
4.270000e-05	1.879323e-48	3.876411e-48	2.510835e-48	1.560378e-48	1.629074e-48	1.026154e+30	1.300315e-48
4.290000e-05	1.905855e-48	3.931136e-48	2.546282e-48	1.582407e-48	1.652072e-48	9.747128e+29	1.318672e-48
4.310000e-05	1.932634e-48	3.986374e-48	2.582060e-48	1.604642e-48	1.675286e-48	9.991673e+29	1.337201e-48
4.330000e-05	1.959664e-48	4.042127e-48	2.618172e-48	1.627084e-48	1.698716e-48	9.432158e+29	1.355903e-48
4.350000e-05	1.986944e-48	4.098397e-48	2.654620e-48	1.649734e-48	1.722364e-48	9.319435e+29	1.374779e-48
4.370000e-05	2.014477e-48	4.155187e-48	2.691404e-48	1.672594e-48	1.746230e-48	8.737633e+29	1.393828e-48
4.390000e-05	2.042262e-48	4.212499e-48	2.728526e-48	1.695664e-48	1.770316e-48	8.641616e+29	1.413053e-48
4.410000e-05	2.070302e-48	4.270335e-48	2.765988e-48	1.718945e-48	1.794622e-48	8.546155e+29	1.432454e-48
4.430000e-05	2.098597e-48	4.328699e-48	2.803792e-48	1.742438e-48	1.819149e-48	8.143976e+29	1.452032e-48
4.450000e-05	2.127149e-48	4.387592e-48	2.841938e-48	1.766145e-48	1.843899e-48	7.721181e+29	1.471787e-48
4.470000e-05	2.155959e-48	4.447017e-48	2.880429e-48	1.790065e-48	1.868873e-48	7.873636e+29	1.491721e-48
4.490000e-05	2.185028e-48	4.506976e-48	2.919265e-48	1.814200e-48	1.894071e-48	7.577175e+29	1.511834e-48
4.510000e-05	2.214356e-48	4.567471e-48	2.958450e-48	1.838552e-48	1.919494e-48	7.444549e+29	1.532127e-48
4.530000e-05	2.243947e-48	4.628506e-48	2.997983e-48	1.863120e-48	1.945144e-48	7.074884e+29	1.552600e-48
4.550000e-05	2.273799e-48	4.690082e-48	3.037867e-48	1.887906e-48	1.971022e-48	6.707157e+29	1.573255e-48
4.570000e-05	2.303915e-48	4.752201e-48	3.078103e-48	1.912911e-48	1.997128e-48	6.894376e+29	1.594093e-48
4.590000e-05	2.334296e-48	4.814867e-48	3.118693e-48	1.938136e-48	2.023463e-48	6.486255e+29	1.615114e-48
4.610000e-05	2.364943e-48	4.878081e-48	3.159638e-48	1.963582e-48	2.050029e-48	6.380864e+29	1.636318e-48
4.630000e-05	2.395857e-48	4.941846e-48	3.200940e-48	1.989249e-48	2.076826e-48	6.104390e+29	1.657708e-48
4.650000e-05	2.427039e-48	5.006164e-48	3.242600e-48	2.015139e-48	2.103856e-48	5.717826e+29	1.679283e-48
4.670000e-05	2.458491e-48	5.071038e-48	3.284620e-48	2.041253e-48	2.131120e-48	5.858798e+29	1.701044e-48
4.690000e-05	2.490213e-48	5.136470e-48	3.327002e-48	2.067592e-48	2.158618e-48	5.542863e+29	1.722993e-48
4.710000e-05	2.522206e-48	5.202462e-48	3.369747e-48	2.094156e-48	2.186351e-48	5.237901e+29	1.745130e-48
4.730000e-05	2.554473e-48	5.269017e-48	3.412856e-48	2.120946e-48	2.214321e-48	5.349229e+29	1.767455e-48
4.750000e-05	2.587014e-48	5.336138e-48	3.456331e-48	2.147964e-48	2.242529e-48	5.063776e+29	1.789970e-48
4.770000e-05	2.619830e-48	5.403826e-48	3.500174e-48	2.175211e-48	2.270975e-48	4.785067e+29	1.812676e-48
4.790000e-05	2.652922e-48	5.472084e-48	3.544387e-48	2.202687e-48	2.299661e-48	4.886454e+29	1.835572e-48
4.810000e-05	2.686291e-48	5.540914e-48	3.588970e-48	2.230393e-48	2.328587e-48	4.575331e+29	1.858661e-48
4.830000e-05	2.719940e-48	5.610320e-48	3.633925e-48	2.258331e-48	2.357755e-48	4.576959e+29	1.881943e-48
4.850000e-05	2.753868e-48	5.680302e-48	3.679254e-48	2.286501e-48	2.387165e-48	4.302424e+29	1.905418e-48
4.870000e-05	2.788077e-48	5.750864e-48	3.724958e-48	2.314905e-48	2.416819e-48	4.067192e+29	1.929087e-48
4.890000e-05	2.822568e-48	5.822008e-48	3.771040e-48	2.343542e-48	2.446717e-48	4.242298e+29	1.952952e-48
4.910000e-05	2.857343e-48	5.893736e-48	3.817500e-48	2.372415e-48	2.476861e-48	3.826818e+29	1.977013e-48
4.930000e-05	2.892402e-48	5.966051e-48	3.864340e-48	2.401524e-48	2.507252e-48	3.888616e+29	2.001270e-48
4.950000e-05	2.927747e-48	6.038955e-48	3.911561e-48	2.430871e-48	2.537890e-48	3.726871e+29	2.025726e-48
4.970000e-05	2.963378e-48	6.112451e-48	3.959166e-48	2.460455e-48	2.568777e-48	3.467431e+29	2.050379e-48
4.990000e-05	2.999297e-48	6.186540e-48	4.007155e-48	2.490278e-48	2.599913e-48	3.489282e+29	2.075232e-48
5.010000e-05	3.035506e-48	6.261226e-48	4.055531e-48	2.520342e-48	2.631300e-48	3.332226e+29	2.100285e-48
5.030000e-05	3.072005e-48	6.336511e-48	4.104294e-48	2.550646e-48	2.662939e-48	3.277798e+29	2.125538e-48
5.050000e-05	3.108795e-48	6.412396e-48	4.153447e-48	2.581192e-48	2.694830e-48	3.098569e+29	2.150994e-48
5.070000e-05	3.145877e-48	6.488885e-48	4.202991e-48	2.611982e-48	2.726975e-48	2.921716e+29	2.176651e-48
5.090000e-05	3.183254e-48	6.565980e-48	4.252927e-48	2.643015e-48	2.759374e-48	2.978187e+29	2.202512e-48
5.110000e-05	3.220925e-48	6.643683e-48	4.303257e-48	2.674293e-48	2.792029e-48	2.834149e+29	2.228577e-48
5.130000e-05	3.258892e-48	6.721997e-48	4.353982e-48	2.705816e-48	2.824940e-48	2.641412e+29	2.254847e-48
5.150000e-05	3.297157e-48	6.800924e-48	4.405105e-48	2.737587e-48	2.858110e-48	2.756620e+29	2.281323e-48
5.170000e-05	3.335720e-48	6.880466e-48	4.456626e-48	2.769605e-48	2.891538e-48	2.484345e+29	2.308004e-48
5.190000e-05	3.374582e-48	6.960626e-48	4.508547e-48	2.801872e-48	2.925225e-48	2.527372e+29	2.334893e-48
5.210000e-05	3.413745e-48	7.041406e-48	4.560870e-48	2.834389e-48	2.959173e-48	2.392982e+29	2.361991e-48
5.230000e-05	3.453210e-48	7.122809e-48	4.613596e-48	2.867156e-48	2.993383e-48	2.250308e+29	2.389297e-48
5.250000e-05	3.492978e-48	7.204836e-48	4.666728e-48	2.900175e-48	3.027855e-48	2.296367e+29	2.416812e-48
5.270000e-05	3.533050e-48	7.287492e-48	4.720265e-48	2.933446e-48	3.062591e-48	2.150646e+29	2.444538e-48
5.290000e-05	3.573427e-48	7.370776e-48	4.774210e-48	2.966971e-48	3.097592e-48	2.023974e+29	2.472476e-48
5.310000e-05	3.614111e-48	7.454693e-48	4.828565e-48	3.000750e-48	3.132858e-48	2.040674e+29	2.500625e-48
5.330000e-05	3.655102e-48	7.539245e-48	4.883331e-48	3.034785e-48	3.168391e-48	1.879636e+29	2.528987e-48
5.350000e-05	3.696402e-48	7.624433e-48	4.938509e-48	3.069076e-48	3.204192e-48	1.859752e+29	2.557563e-48
5.370000e-05	3.738013e-48	7.710261e-48	4.994102e-48	3.103624e-48	3.240262e-48	1.832626e+29	2.586353e-48
5.390000e-05	3.779934e-48	7.796730e-48	5.050110e-48	3.138431e-48	3.276601e-48	1.703723e+29	2.615359e-48
5.410000e-05	3.822167e-48	7.883844e-48	5.106535e-48	3.173497e-48	3.313210e-48	1.672640e+29	2.644581e-48
5.430000e-05	3.864714e-48	7.971604e-48	5.163379e-48	3.208823e-48	3.350092e-48	1.579713e+29	2.674019e-48
5.450000e-05	3.907576e-48	8.060013e-48	5.220644e-48	3.244410e-48	3.387246e-48	1.629379e+29	2.703675e-48
5.470000e-05	3.950753e-48	8.149073e-48	5.278330e-48	3.280260e-48	3.424674e-48	1.459141e+29	2.733550e-48
5.490000e-05	3.994247e-48	8.238787e-48	5.336439e-48	3.316372e-48	3.462376e-48	1.491761e+29	2.763644e-48
5.510000e-05	4.038059e-48	8.329156e-48	5.394974e-48	3.352749e-48	3.500354e-48	1.395691e+29	2.793958e-48
5.530000e-05	4.082191e-48	8.420185e-48	5.453935e-48	3.389391e-48	3.538609e-48	1.371790e+29	2.824492e-48
5.550000e-05	4.126643e-48	8.511874e-48	5.513324e-48	3.426298e-48	3.577142e-48	1.274671e+29	2.855249e-48
5.570000e-05	4.171416e-48	8.604226e-48	5.573142e-48	3.463473e-48	3.615953e-48	1.255262e+29	2.886228e-48
5.590000e-05	4.216512e-48	8.697244e-48	5.633392e-48	3.500916e-48	3.655044e-48	1.223703e+29	2.917430e-48
5.610000e-05	4.261932e-48	8.790930e-48	5.694074e-48	3.538627e-48	3.694416e-48	1.159773e+29	2.948856e-48
5.630000e-05	4.307677e-48	8.885286e-48	5.755191e-48	3.576609e-48	3.734069e-48	1.086863e+29	2.980507e-48
5.650000e-05	4.353748e-48	8.980315e-48	5.816743e-48	3.614861e-48	3.774006e-48	1.093079e+29	3.012384e-48
5.670000e-05	4.400146e-48	9.076019e-48	5.878733e-48	3.653385e-48	3.814226e-48	1.032631e+29	3.044487e-48
5.690000e-05	4.446873e-48	9.172401e-48	5.941161e-48	3.692182e-48	3.854730e-48	1.021466e+29	3.076818e-48
5.710000e-05	4.493929e-48	9.269462e-48	6.004030e-48	3.731252e-48	3.895521e-48	9.642610e+28	3.109377e-48
5.730000e-05	4.541316e-48	9.367206e-48	6.067341e-48	3.770597e-48	3.936598e-48	9.076940e+28	3.142164e-48
5.750000e-05	4.589036e-48	9.465635e-48	6.131095e-48	3.810218e-48	3.977963e-48	9.122218e+28	3.175181e-48
5.770000e-05	4.637088e-48	9.564751e-48	6.195295e-48	3.850115e-48	4.019617e-48	8.666021e+28	3.208429e-48
5.790000e-05	4.685475e-48	9.664556e-48	6.259941e-48	3.890290e-48	4.061560e-48	8.104283e+28	3.241908e-48
5.810000e-05	4.734197e-48	9.765053e-48	6.325035e-48	3.930743e-48	4.103795e-48	8.149268e+28	3.275619e-48
5.830000e-05	4.783255e-48	9.866245e-48	6.390579e-48	3.971476e-48	4.146321e-48	7.641703e+28	3.309563e-48
5.850000e-05	4.832652e-48	9.968133e-48	6.456574e-48	4.012489e-48	4.189139e-48	7.246271e+28	3.343741e-48
5.870000e-05	4.882387e-48	1.007072e-47	6.523022e-48	4.053783e-48	4.232252e-48	7.217766e+28	3.378153e-48
5.890000e-05	4.932462e-48	1.017401e-47	6.589924e-48	4.095360e-48	4.275659e-48	6.794706e+28	3.412800e-48
5.910000e-05	4.982879e-48	1.027800e-47	6.657282e-48	4.137221e-48	4.319362e-48	6.407084e+28	3.447684e-48
5.930000e-05	5.033638e-48	1.038270e-47	6.725098e-48	4.179365e-48	4.363362e-48	6.468063e+28	3.482804e-48
5.950000e-05	5.084741e-48	1.048811e-47	6.793373e-48	4.221795e-48	4.407660e-48	6.089244e+28	3.518163e-48
5.970000e-05	5.136188e-48	1.059423e-47	6.862108e-48	4.264511e-48	4.452257e-48	5.672801e+28	3.553759e-48
5.990000e-05	5.187981e-48	1.070106e-47	6.931305e-48	4.307514e-48	4.497153e-48	5.746921e+28	3.589595e-48
6.010000e-05	5.240121e-48	1.080860e-47	7.000966e-48	4.350805e-48	4.542350e-48	5.361246e+28	3.625671e-48
6.030000e-05	5.292609e-48	1.091687e-47	7.071092e-48	4.394386e-48	4.587849e-48	5.307140e+28	3.661988e-48
6.050000e-05	5.345447e-48	1.102586e-47	7.141685e-48	4.438256e-48	4.633651e-48	4.968491e+28	3.698547e-48
6.070000e-05	5.398635e-48	1.113557e-47	7.212746e-48	4.482418e-48	4.679757e-48	4.672421e+28	3.735348e-48
6.090000e-05	5.452175e-48	1.124600e-47	7.284276e-48	4.526871e-48	4.726167e-48	4.685999e+28	3.772393e-48
6.110000e-05	5.506067e-48	1.135716e-47	7.356279e-48	4.571617e-48	4.772884e-48	4.418457e+28	3.809681e-48
6.130000e-05	5.560314e-48	1.146906e-47	7.428754e-48	4.616658e-48	4.819907e-48	4.127154e+28	3.847215e-48
6.150000e-05	5.614916e-48	1.158168e-47	7.501703e-48	4.661993e-48	4.867238e-48	4.125983e+28	3.884994e-48
6.170000e-05	5.669874e-48	1.169504e-47	7.575129e-48	4.707624e-48	4.914878e-48	3.909528e+28	3.923020e-48
6.190000e-05	5.725189e-48	1.180914e-47	7.649032e-48	4.753551e-48	4.962827e-48	3.794111e+28	3.961293e-48
6.210000e-05	5.780863e-48	1.192397e-47	7.723414e-48	4.799777e-48	5.011088e-48	3.604925e+28	3.999814e-48
6.230000e-05	5.836897e-48	1.203955e-47	7.798277e-48	4.846301e-48	5.059660e-48	3.338273e+28	4.038584e-48
6.250000e-05	5.893292e-48	1.215588e-47	7.873623e-48	4.893125e-48	5.108545e-48	3.363642e+28	4.077604e-48
6.270000e-05	5.950049e-48	1.227295e-47	7.949452e-48	4.940249e-48	5.157745e-48	3.164357e+28	4.116874e-48
6.290000e-05	6.007169e-48	1.239077e-47	8.025766e-48	4.987675e-48	5.207259e-48	3.122303e+28	4.156396e-48
6.310000e-05	6.064653e-48	1.250934e-47	8.102567e-48	5.035404e-48	5.257088e-48	2.926705e+28	4.196170e-48
6.330000e-05	6.122503e-48	1.262866e-47	8.179856e-48	5.083436e-48	5.307235e-48	2.716306e+28	4.236197e-48
6.350000e-05	6.180720e-48	1.274874e-47	8.257636e-48	5.131773e-48	5.357700e-48	2.739656e+28	4.276477e-48
6.370000e-05	6.239305e-48	1.286958e-47	8.335907e-48	5.180415e-48	5.408483e-48	2.615688e+28	4.317012e-48
6.390000e-05	6.298258e-48	1.299119e-47	8.414671e-48	5.229363e-48	5.459587e-48	2.422021e+28	4.357803e-48
6.410000e-05	6.357582e-48	1.311355e-47	8.493929e-48	5.278619e-48	5.511011e-48	2.414244e+28	4.398849e-48
6.430000e-05	6.417277e-48	1.323668e-47	8.573684e-48	5.328183e-48	5.562757e-48	2.266695e+28	4.440153e-48
6.450000e-05	6.477345e-48	1.336058e-47	8.653936e-48	5.378057e-48	5.614827e-48	2.210914e+28	4.481714e-48
6.470000e-05	6.537787e-48	1.348525e-47	8.734688e-48	5.428241e-48	5.667220e-48	2.062565e+28	4.523534e-48
6.490000e-05	6.598603e-48	1.361070e-47	8.815940e-48	5.478736e-48	5.719938e-48	2.023596e+28	4.565613e-48
6.510000e-05	6.659795e-48	1.373691e-47	8.897695e-48	5.529543e-48	5.772982e-48	1.909077e+28	4.607952e-48
6.530000e-05	6.721364e-48	1.386391e-47	8.979953e-48	5.580663e-48	5.826352e-48	1.770057e+28	4.650552e-48
6.550000e-05	6.783312e-48	1.399169e-47	9.062717e-48	5.632097e-48	5.880051e-48	1.795301e+28	4.693414e-48
6.570000e-05	6.845639e-48	1.412025e-47	9.145988e-48	5.683847e-48	5.934079e-48	1.676440e+28	4.736539e-48
6.590000e-05	6.908347e-48	1.424959e-47	9.229768e-48	5.735912e-48	5.988437e-48	1.626770e+28	4.779927e-48
6.610000e-05	6.971437e-48	1.437973e-47	9.314058e-48	5.788295e-48	6.043125e-48	1.543924e+28	4.823579e-48
6.630000e-05	7.034909e-48	1.451065e-47	9.398859e-48	5.840995e-48	6.098146e-48	1.443670e+28	4.867496e-48
6.650000e-05	7.098766e-48	1.464236e-47	9.484173e-48	5.894014e-48	6.153499e-48	1.439836e+28	4.911679e-48
6.670000e-05	7.163007e-48	1.477487e-47	9.570002e-48	5.947353e-48	6.209187e-48	1.350239e+28	4.956128e-48
6.690000e-05	7.227636e-48	1.490818e-47	9.656348e-48	6.001013e-48	6.265209e-48	1.255425e+28	5.000845e-48
6.710000e-05	7.292651e-48	1.504228e-47	9.743211e-48	6.054995e-48	6.321567e-48	1.284676e+28	5.045829e-48
6.730000e-05	7.358056e-48	1.517719e-47	9.830593e-48	6.109300e-48	6.378263e-48	1.148002e+28	5.091083e-48
6.750000e-05	7.423851e-48	1.531290e-47	9.918497e-48	6.163928e-48	6.435296e-48	1.145633e+28	5.136607e-48
6.770000e-05	7.490036e-48	1.544942e-47	1.000692e-47	6.218881e-48	6.492668e-48	1.073930e+28	5.182401e-48
6.790000e-05	7.556614e-48	1.558675e-47	1.009587e-47	6.274160e-48	6.550381e-48	1.048400e+28	5.228466e-48
6.810000e-05	7.623585e-48	1.572489e-47	1.018535e-47	6.329765e-48	6.608434e-48	9.956679e+27	5.274804e-48
6.830000e-05	7.690950e-48	1.586384e-47	1.027535e-47	6.385698e-48	6.666829e-48	9.217136e+27	5.321415e-48
6.850000e-05	7.758712e-48	1.600361e-47	1.036588e-47	6.441959e-48	6.725567e-48	9.186818e+27	5.368299e-48
6.870000e-05	7.826870e-48	1.614420e-47	1.045694e-47	6.498550e-48	6.784650e-48	8.642600e+27	5.415458e-48
6.890000e-05	7.895426e-48	1.628560e-47	1.054854e-47	6.555471e-48	6.844077e-48	8.422006e+27	5.462893e-48
6.910000e-05	7.964381e-48	1.642784e-47	1.064066e-47	6.612724e-48	6.903850e-48	7.687281e+27	5.510603e-48
6.930000e-05	8.033737e-48	1.657089e-47	1.073332e-47	6.670309e-48	6.963970e-48	7.470165e+27	5.558591e-48
6.950000e-05	8.103494e-48	1.671478e-47	1.082652e-47	6.728227e-48	7.024439e-48	7.352080e+27	5.606856e-48
6.970000e-05	8.173654e-48	1.685949e-47	1.092026e-47	6.786480e-48	7.085256e-48	6.831753e+27	5.655400e-48
6.990000e-05	8.244217e-48	1.700504e-47	1.101453e-47	6.845068e-48	7.146423e-48	6.380648e+27	5.704223e-48
7.010000e-05	8.315186e-48	1.715143e-47	1.110935e-47	6.903992e-48	7.207942e-48	6.387708e+27	5.753327e-48
7.030000e-05	8.386560e-48	1.729865e-47	1.120471e-47	6.963254e-48	7.269812e-48	5.983048e+27	5.802711e-48
7.050000e-05	8.458342e-48	1.744671e-47	1.130061e-47	7.022853e-48	7.332036e-48	5.554836e+27	5.852378e-48
7.070000e-05	8.530532e-48	1.759562e-47	1.139706e-47	7.082792e-48	7.394613e-48	5.566460e+27	5.902327e-48
7.090000e-05	8.603132e-48	1.774536e-47	1.149405e-47	7.143071e-48	7.457546e-48	5.173835e+27	5.952559e-48
7.110000e-05	8.676143e-48	1.789596e-47	1.159160e-47	7.203691e-48	7.520834e-48	5.007278e+27	6.003075e-48
7.130000e-05	8.749566e-48	1.804741e-47	1.168969e-47	7.264652e-48	7.584480e-48	4.734005e+27	6.053877e-48
7.150000e-05	8.823401e-48	1.819970e-47	1.178834e-47	7.325957e-48	7.648484e-48	4.358201e+27	6.104964e-48
7.170000e-05	8.897651e-48	1.835286e-47	1.188754e-47	7.387606e-48	7.712846e-48	4.323177e+27	6.156338e-48
7.190000e-05	8.972316e-48	1.850687e-47	1.198730e-47	7.449599e-48	7.777569e-48	4.107507e+27	6.207999e-48
7.210000e-05	9.047398e-48	1.866173e-47	1.208761e-47	7.511939e-48	7.842653e-48	3.995727e+27	6.259949e-48
7.230000e-05	9.122897e-48	1.881746e-47	1.218848e-47	7.574625e-48	7.908099e-48	3.695423e+27	6.312188e-48
7.250000e-05	9.198816e-48	1.897406e-47	1.228991e-47	7.637659e-48	7.973908e-48	3.423424e+27	6.364716e-48
7.270000e-05	9.275154e-48	1.913152e-47	1.239190e-47	7.701042e-48	8.040081e-48	3.411305e+27	6.417535e-48
7.290000e-05	9.351914e-48	1.928985e-47	1.249445e-47	7.764774e-48	8.106620e-48	3.225658e+27	6.470645e-48
7.310000e-05	9.429095e-48	1.944905e-47	1.259757e-47	7.828857e-48	8.173524e-48	3.167420e+27	6.524048e-48
7.330000e-05	9.506701e-48	1.960912e-47	1.270125e-47	7.893292e-48	8.240795e-48	2.921136e+27	6.577743e-48
7.350000e-05	9.584731e-48	1.977007e-47	1.280550e-47	7.958079e-48	8.308435e-48	2.725317e+27	6.631733e-48
7.370000e-05	9.663187e-48	1.993190e-47	1.291032e-47	8.023220e-48	8.376444e-48	2.704226e+27	6.686017e-48
7.390000e-05	9.742069e-48	2.009461e-47	1.301571e-47	8.088715e-48	8.444822e-48	2.540123e+27	6.740596e-48
7.410000e-05	9.821380e-48	2.025820e-47	1.312167e-47	8.154566e-48	8.513572e-48	2.338812e+27	6.795472e-48
7.430000e-05	9.901120e-48	2.042268e-47	1.322821e-47	8.220774e-48	8.582694e-48	2.339367e+27	6.850645e-48
7.450000e-05	9.981291e-48	2.058804e-47	1.333532e-47	8.287338e-48	8.652190e-48	2.182856e+27	6.906115e-48
7.470000e-05	1.006189e-47	2.075430e-47	1.344300e-47	8.354261e-48	8.722059e-48	2.006491e+27	6.961884e-48
7.490000e-05	1.014293e-47	2.092144e-47	1.355127e-47	8.421544e-48	8.792303e-48	2.000556e+27	7.017953e-48
7.510000e-05	1.022440e-47	2.108949e-47	1.366011e-47	8.489186e-48	8.862924e-48	1.884853e+27	7.074322e-48
7.530000e-05	1.030630e-47	2.125843e-47	1.376954e-47	8.557190e-48	8.933922e-48	1.736760e+27	7.130992e-48
7.550000e-05	1.038864e-47	2.142827e-47	1.387955e-47	8.625556e-48	9.005297e-48	1.746910e+27	7.187963e-48
7.570000e-05	1.047142e-47	2.159901e-47	1.399014e-47	8.694285e-48	9.077053e-48	1.615000e+27	7.245238e-48
7.590000e-05	1.055464e-47	2.177066e-47	1.410132e-47	8.763379e-48	9.149188e-48	1.504935e+27	7.302815e-48
7.610000e-05	1.063829e-47	2.194321e-47	1.421309e-47	8.832837e-48	9.221704e-48	1.479220e+27	7.360697e-48
7.630000e-05	1.072239e-47	2.211667e-47	1.432545e-47	8.902661e-48	9.294603e-48	1.381819e+27	7.418885e-48
7.650000e-05	1.080693e-47	2.229105e-47	1.443839e-47	8.972853e-48	9.367884e-48	1.350374e+27	7.477377e-48
7.670000e-05	1.089191e-47	2.246634e-47	1.455193e-47	9.043412e-48	9.441550e-48	1.247034e+27	7.536177e-48
7.690000e-05	1.097734e-47	2.264254e-47	1.466606e-47	9.114341e-48	9.515601e-48	1.154465e+27	7.595284e-48
7.710000e-05	1.106321e-47	2.281967e-47	1.478079e-47	9.185639e-48	9.590038e-48	1.159570e+27	7.654699e-48
7.730000e-05	1.114953e-47	2.299772e-47	1.489612e-47	9.257308e-48	9.664863e-48	1.074429e+27	7.714424e-48
7.750000e-05	1.123629e-47	2.317669e-47	1.501204e-47	9.329349e-48	9.740075e-48	9.967329e+26	7.774458e-48
7.770000e-05	1.132351e-47	2.335658e-47	1.512856e-47	9.401763e-48	9.815677e-48	9.904452e+26	7.834803e-48
7.790000e-05	1.141117e-47	2.353741e-47	1.524568e-47	9.474551e-48	9.891669e-48	9.202461e+26	7.895459e-48
7.810000e-05	1.149929e-47	2.371916e-47	1.536341e-47	9.547713e-48	9.968052e-48	8.563585e+26	7.956427e-48
7.830000e-05	1.158786e-47	2.390185e-47	1.548174e-47	9.621251e-48	1.004483e-47	8.528312e+26	8.017709e-48
7.850000e-05	1.167688e-47	2.408547e-47	1.560068e-47	9.695165e-48	1.012200e-47	7.819001e+26	8.079304e-48
7.870000e-05	1.176636e-47	2.427004e-47	1.572022e-47	9.769457e-48	1.019956e-47	7.249494e+26	8.141214e-48
7.890000e-05	1.185629e-47	2.445554e-47	1.584038e-47	9.844128e-48	1.027752e-47	7.235239e+26	8.203440e-48
7.910000e-05	1.194668e-47	2.464198e-47	1.596114e-47	9.919178e-48	1.035587e-47	6.725668e+26	8.265982e-48
7.930000e-05	1.203753e-47	2.482937e-47	1.608252e-47	9.994609e-48	1.043462e-47	6.205880e+26	8.328841e-48
7.950000e-05	1.212884e-47	2.501771e-47	1.620451e-47	1.007042e-47	1.051377e-47	6.311590e+26	8.392018e-48
7.970000e-05	1.222061e-47	2.520700e-47	1.632712e-47	1.014662e-47	1.059332e-47	5.591983e+26	8.455513e-48
7.990000e-05	1.231284e-47	2.539724e-47	1.645034e-47	1.022319e-47	1.067327e-47	5.568023e+26	8.519328e-48
8.010000e-05	1.240553e-47	2.558844e-47	1.657418e-47	1.030016e-47	1.075362e-47	5.181749e+26	8.583463e-48
8.030000e-05	1.249869e-47	2.578059e-47	1.669864e-47	1.037750e-47	1.083437e-47	4.747812e+26	8.647919e-48
8.050000e-05	1.259231e-47	2.597370e-47	1.682373e-47	1.045524e-47	1.091553e-47	4.717129e+26	8.712698e-48
8.070000e-05	1.268640e-47	2.616778e-47	1.694943e-47	1.053336e-47	1.099709e-47	4.348901e+26	8.777798e-48
8.090000e-05	1.278096e-47	2.636281e-47	1.707576e-47	1.061187e-47	1.107906e-47	4.040460e+26	8.843223e-48
8.110000e-05	1.287598e-47	2.655882e-47	1.720272e-47	1.069077e-47	1.116143e-47	4.022562e+26	8.908971e-48
8.130000e-05	1.297148e-47	2.675579e-47	1.733030e-47	1.077005e-47	1.124421e-47	3.743585e+26	8.975045e-48
8.150000e-05	1.306745e-47	2.695374e-47	1.745852e-47	1.084973e-47	1.132739e-47	3.467332e+26	9.041445e-48
8.170000e-05	1.316388e-47	2.715266e-47	1.758736e-47	1.092981e-47	1.141099e-47	3.395832e+26	9.108171e-48
8.190000e-05	1.326080e-47	2.735256e-47	1.771684e-47	1.101027e-47	1.149500e-47	3.191887e+26	9.175225e-48
8.210000e-05	1.335818e-47	2.755343e-47	1.784695e-47	1.109113e-47	1.157942e-47	2.931030e+26	9.242607e-48
8.230000e-05	1.345604e-47	2.775529e-47	1.797770e-47	1.117238e-47	1.166425e-47	2.909824e+26	9.310318e-48
8.250000e-05	1.355438e-47	2.795813e-47	1.810908e-47	1.125403e-47	1.174949e-47	2.672964e+26	9.378359e-48
8.270000e-05	1.365320e-47	2.816195e-47	1.824110e-47	1.133608e-47	1.183515e-47	2.579326e+26	9.446731e-48
8.290000e-05	1.375249e-47	2.836676e-47	1.837376e-47	1.141852e-47	1.192122e-47	2.347265e+26	9.515434e-48
8.310000e-05	1.385227e-47	2.857257e-47	1.850707e-47	1.150136e-47	1.200771e-47	2.263411e+26	9.584469e-48
8.330000e-05	1.395253e-47	2.877937e-47	1.864101e-47	1.158461e-47	1.209462e-47	2.099098e+26	9.653838e-48
8.350000e-05	1.405327e-47	2.898716e-47	1.877561e-47	1.166825e-47	1.218195e-47	2.080299e+26	9.723540e-48
8.370000e-05	1.415449e-47	2.919595e-47	1.891084e-47	1.175229e-47	1.226969e-47	1.918270e+26	9.793578e-48
8.390000e-05	1.425620e-47	2.940574e-47	1.904673e-47	1.183674e-47	1.235785e-47	1.856153e+26	9.863950e-48
8.410000e-05	1.435839e-47	2.961653e-47	1.918327e-47	1.192159e-47	1.244644e-47	1.720195e+26	9.934659e-48
8.430000e-05	1.446108e-47	2.982833e-47	1.932045e-47	1.200685e-47	1.253545e-47	1.572656e+26	1.000571e-47
8.450000e-05	1.456425e-47	3.004114e-47	1.945829e-47	1.209251e-47	1.262488e-47	1.551973e+26	1.007709e-47
8.470000e-05	1.466791e-47	3.025495e-47	1.959678e-47	1.217858e-47	1.271474e-47	1.448262e+26	1.014881e-47
8.490000e-05	1.477206e-47	3.046978e-47	1.973593e-47	1.226505e-47	1.280502e-47	1.333389e+26	1.022087e-47
8.510000e-05	1.487670e-47	3.068562e-47	1.987574e-47	1.235193e-47	1.289573e-47	1.316954e+26	1.029328e-47
8.530000e-05	1.498183e-47	3.090248e-47	2.001620e-47	1.243923e-47	1.298686e-47	1.218732e+26	1.036602e-47
8.550000e-05	1.508746e-47	3.112036e-47	2.015732e-47	1.252693e-47	1.307843e-47	1.121280e+26	1.043911e-47
8.570000e-05	1.519359e-47	3.133926e-47	2.029911e-47	1.261504e-47	1.317042e-47	1.109282e+26	1.051254e-47
8.590000e-05	1.530021e-47	3.155918e-47	2.044156e-47	1.270357e-47	1.326285e-47	1.019135e+26	1.058631e-47
8.610000e-05	1.540733e-47	3.178013e-47	2.058467e-47	1.279251e-47	1.335570e-47	9.887781e+25	1.066042e-47
8.630000e-05	1.551495e-47	3.200211e-47	2.072845e-47	1.288186e-47	1.344899e-47	9.093180e+25	1.073488e-47
8.650000e-05	1.562306e-47	3.222512e-47	2.087290e-47	1.297163e-47	1.354271e-47	8.393715e+25	1.080969e-47
8.670000e-05	1.573168e-47	3.244916e-47	2.101802e-47	1.306182e-47	1.363686e-47	8.209672e+25	1.088485e-47
8.690000e-05	1.584080e-47	3.267424e-47	2.116381e-47	1.315242e-47	1.373145e-47	7.711327e+25	1.096035e-47
8.710000e-05	1.595043e-47	3.290036e-47	2.131027e-47	1.324344e-47	1.382648e-47	7.046614e+25	1.103620e-47
8.730000e-05	1.606056e-47	3.312752e-47	2.145741e-47	1.333488e-47	1.392195e-47	6.966851e+25	1.111240e-47
8.750000e-05	1.617119e-47	3.335572e-47	2.160522e-47	1.342673e-47	1.401785e-47	6.384442e+25	1.118895e-47
8.770000e-05	1.628233e-47	3.358497e-47	2.175371e-47	1.351901e-47	1.411419e-47	5.863123e+25	1.126585e-47
8.790000e-05	1.639398e-47	3.381527e-47	2.190288e-47	1.361172e-47	1.421097e-47	5.872285e+25	1.134310e-47
8.810000e-05	1.650614e-47	3.404662e-47	2.205273e-47	1.370484e-47	1.430820e-47	5.392003e+25	1.142070e-47
8.830000e-05	1.661881e-47	3.427901e-47	2.220326e-47	1.379839e-47	1.440586e-47	4.917786e+25	1.149866e-47
8.850000e-05	1.673199e-47	3.451247e-47	2.235447e-47	1.389236e-47	1.450397e-47	4.968054e+25	1.157697e-47
8.870000e-05	1.684569e-47	3.474698e-47	2.250637e-47	1.398676e-47	1.460253e-47	4.349089e+25	1.165563e-47
8.890000e-05	1.695990e-47	3.498255e-47	2.265895e-47	1.408158e-47	1.470153e-47	4.321263e+25	1.173465e-47
8.910000e-05	1.707462e-47	3.521919e-47	2.281223e-47	1.417684e-47	1.480097e-47	3.977191e+25	1.181403e-47
8.930000e-05	1.718986e-47	3.545689e-47	2.296619e-47	1.427252e-47	1.490087e-47	3.643518e+25	1.189377e-47
8.950000e-05	1.730561e-47	3.569565e-47	2.312084e-47	1.436863e-47	1.500121e-47	3.599762e+25	1.197386e-47
8.970000e-05	1.742189e-47	3.593549e-47	2.327619e-47	1.446517e-47	1.510200e-47	3.321947e+25	1.205431e-47
8.990000e-05	1.753868e-47	3.617640e-47	2.343223e-47	1.456214e-47	1.520324e-47	3.039383e+25	1.213512e-47
9.010000e-05	1.765600e-47	3.641838e-47	2.358897e-47	1.465955e-47	1.530494e-47	2.972193e+25	1.221629e-47
9.030000e-05	1.777384e-47	3.666144e-47	2.374640e-47	1.475739e-47	1.540708e-47	2.763339e+25	1.229782e-47
9.050000e-05	1.789220e-47	3.690557e-47	2.390453e-47	1.485566e-47	1.550968e-47	2.534973e+25	1.237972e-47
9.070000e-05	1.801108e-47	3.715079e-47	2.406337e-47	1.495437e-47	1.561274e-47	2.503914e+25	1.246197e-47
9.090000e-05	1.813049e-47	3.739709e-47	2.422290e-47	1.505351e-47	1.571625e-47	2.302182e+25	1.254460e-47
9.110000e-05	1.825043e-47	3.764448e-47	2.438314e-47	1.515310e-47	1.582021e-47	2.104522e+25	1.262758e-47
9.130000e-05	1.837089e-47	3.789296e-47	2.454409e-47	1.525312e-47	1.592464e-47	2.062690e+25	1.271093e-47
9.150000e-05	1.849188e-47	3.814253e-47	2.470574e-47	1.535358e-47	1.602952e-47	1.914467e+25	1.279465e-47
9.170000e-05	1.861341e-47	3.839319e-47	2.486810e-47	1.545447e-47	1.613486e-47	1.750033e+25	1.287873e-47
9.190000e-05	1.873546e-47	3.864495e-47	2.503117e-47	1.555582e-47	1.624066e-47	1.707008e+25	1.296318e-47
9.210000e-05	1.885805e-47	3.889781e-47	2.519495e-47	1.565760e-47	1.634693e-47	1.579929e+25	1.304800e-47
9.230000e-05	1.898117e-47	3.915176e-47	2.535944e-47	1.575982e-47	1.645365e-47	1.444658e+25	1.313319e-47
9.250000e-05	1.910483e-47	3.940682e-47	2.552465e-47	1.586249e-47	1.656084e-47	1.426582e+25	1.321874e-47
9.270000e-05	1.922902e-47	3.966299e-47	2.569057e-47	1.596561e-47	1.666850e-47	1.309430e+25	1.330467e-47
9.290000e-05	1.935375e-47	3.992026e-47	2.585721e-47	1.606917e-47	1.677662e-47	1.195518e+25	1.339097e-47
9.310000e-05	1.947901e-47	4.017864e-47	2.602457e-47	1.617318e-47	1.688520e-47	1.175345e+25	1.347765e-47
9.330000e-05	1.960482e-47	4.043814e-47	2.619265e-47	1.627763e-47	1.699426e-47	1.079373e+25	1.356469e-47
9.350000e-05	1.973117e-47	4.069875e-47	2.636145e-47	1.638253e-47	1.710378e-47	1.018877e+25	1.365211e-47
9.370000e-05	1.985805e-47	4.096048e-47	2.653098e-47	1.648789e-47	1.721377e-47	9.261667e+24	1.373991e-47
9.390000e-05	1.998548e-47	4.122332e-47	2.670123e-47	1.659369e-47	1.732423e-47	8.870634e+24	1.382808e-47
9.410000e-05	2.011346e-47	4.148729e-47	2.687221e-47	1.669995e-47	1.743517e-47	8.437659e+24	1.391662e-47
9.430000e-05	2.024198e-47	4.175239e-47	2.704392e-47	1.680666e-47	1.754657e-47	7.842707e+24	1.400555e-47
9.450000e-05	2.037105e-47	4.201861e-47	2.721636e-47	1.691382e-47	1.765845e-47	7.120715e+24	1.409485e-47
9.470000e-05	2.050066e-47	4.228596e-47	2.738952e-47	1.702144e-47	1.777081e-47	6.993090e+24	1.418453e-47
9.490000e-05	2.063082e-47	4.255444e-47	2.756342e-47	1.712951e-47	1.788364e-47	6.433026e+24	1.427459e-47
9.510000e-05	2.076153e-47	4.282405e-47	2.773806e-47	1.723804e-47	1.799694e-47	6.133606e+24	1.436503e-47
9.530000e-05	2.089280e-47	4.309480e-47	2.791343e-47	1.734702e-47	1.811073e-47	5.610039e+24	1.445585e-47
9.550000e-05	2.102461e-47	4.336670e-47	2.808954e-47	1.745647e-47	1.822499e-47	5.137987e+24	1.454706e-47
9.570000e-05	2.115698e-47	4.363973e-47	2.826639e-47	1.756637e-47	1.833973e-47	5.059731e+24	1.463864e-47
9.590000e-05	2.128990e-47	4.391390e-47	2.844398e-47	1.767674e-47	1.845496e-47	4.626461e+24	1.473061e-47
9.610000e-05	2.142338e-47	4.418922e-47	2.862231e-47	1.778756e-47	1.857066e-47	4.176008e+24	1.482297e-47
9.630000e-05	2.155742e-47	4.446569e-47	2.880139e-47	1.789885e-47	1.868685e-47	4.123544e+24	1.491571e-47
9.650000e-05	2.169201e-47	4.474331e-47	2.898121e-47	1.801060e-47	1.880352e-47	3.791827e+24	1.500883e-47
9.670000e-05	2.182716e-47	4.502209e-47	2.916178e-47	1.812282e-47	1.892068e-47	3.610325e+24	1.510235e-47
9.690000e-05	2.196288e-47	4.530202e-47	2.934309e-47	1.823550e-47	1.903832e-47	3.307828e+24	1.519625e-47
9.710000e-05	2.209915e-47	4.558311e-47	2.952516e-47	1.834864e-47	1.915644e-47	3.122409e+24	1.529054e-47
9.730000e-05	2.223599e-47	4.586535e-47	2.970798e-47	1.846226e-47	1.927506e-47	2.831672e+24	1.538521e-47
9.750000e-05	2.237339e-47	4.614876e-47	2.989155e-47	1.857634e-47	1.939416e-47	2.723900e+24	1.548028e-47
9.770000e-05	2.251135e-47	4.643334e-47	3.007587e-47	1.869089e-47	1.951376e-47	2.467859e+24	1.557574e-47
9.790000e-05	2.264988e-47	4.671908e-47	3.026095e-47	1.880591e-47	1.963384e-47	2.429107e+24	1.567159e-47
9.810000e-05	2.278898e-47	4.700599e-47	3.044679e-47	1.892140e-47	1.975442e-47	2.218911e+24	1.576783e-47
9.830000e-05	2.292865e-47	4.729408e-47	3.063339e-47	1.903736e-47	1.987549e-47	2.109652e+24	1.586447e-47
9.850000e-05	2.306888e-47	4.758334e-47	3.082075e-47	1.915380e-47	1.999705e-47	1.882215e+24	1.596150e-47
9.870000e-05	2.320969e-47	4.787378e-47	3.100887e-47	1.927071e-47	2.011911e-47	1.802887e+24	1.605892e-47
9.890000e-05	2.335107e-47	4.816539e-47	3.119776e-47	1.938809e-47	2.024166e-47	1.642937e+24	1.615675e-47
9.910000e-05	2.349302e-47	4.845819e-47	3.138741e-47	1.950595e-47	2.036471e-47	1.607790e+24	1.625496e-47
9.930000e-05	2.363555e-47	4.875217e-47	3.157783e-47	1.962429e-47	2.048825e-47	1.463429e+24	1.635358e-47
9.950000e-05	2.377865e-47	4.904734e-47	3.176902e-47	1.974311e-47	2.061230e-47	1.382848e+24	1.645259e-47
9.970000e-05	2.392232e-47	4.934370e-47	3.196097e-47	1.986240e-47	2.073685e-47	1.286232e+24	1.655200e-47
9.990000e-05	2.406658e-47	4.964125e-47	3.215370e-47	1.998217e-47	2.086189e-47	1.153988e+24	1.665181e-47
1.001000e-04	2.421141e-47	4.993999e-47	3.234721e-47	2.010243e-47	2.098744e-47	1.135087e+24	1.675202e-47
1.003000e-04	2.435683e-47	5.023993e-47	3.254148e-47	2.022316e-47	2.111349e-47	1.033911e+24	1.685263e-47
1.005000e-04	2.450282e-47	5.054107e-47	3.273654e-47	2.034438e-47	2.124004e-47	9.329077e+23	1.695365e-47
1.007000e-04	2.464940e-47	5.084341e-47	3.293237e-47	2.046608e-47	2.136710e-47	9.199684e+23	1.705507e-47
1.009000e-04	2.479656e-47	5.114695e-47	3.312898e-47	2.058826e-47	2.149467e-47	8.342863e+23	1.715689e-47
1.011000e-04	2.494430e-47	5.145169e-47	3.332637e-47	2.071094e-47	2.162274e-47	7.922704e+23	1.725911e-47
1.013000e-04	2.509263e-47	5.175765e-47	3.352454e-47	2.083409e-47	2.175132e-47	7.246709e+23	1.736174e-47
1.015000e-04	2.524155e-47	5.206482e-47	3.372350e-47	2.095774e-47	2.188040e-47	6.630380e+23	1.746478e-47
1.017000e-04	2.539106e-47	5.237320e-47	3.392325e-47	2.108187e-47	2.201000e-47	6.384608e+23	1.756822e-47
1.019000e-04	2.554115e-47	5.268279e-47	3.412378e-47	2.120649e-47	2.214011e-47	5.889907e+23	1.767208e-47
1.021000e-04	2.569184e-47	5.299360e-47	3.432510e-47	2.133160e-47	2.227073e-47	5.319124e+23	1.777633e-47
1.023000e-04	2.584311e-47	5.330563e-47	3.452721e-47	2.145720e-47	2.240186e-47	5.174954e+23	1.788100e-47
1.025000e-04	2.599498e-47	5.361889e-47	3.473011e-47	2.158330e-47	2.253351e-47	4.694097e+23	1.798608e-47
1.027000e-04	2.614744e-47	5.393337e-47	3.493380e-47	2.170989e-47	2.266567e-47	4.477846e+23	1.809157e-47
1.029000e-04	2.630050e-47	5.424908e-47	3.513829e-47	2.183697e-47	2.279835e-47	4.082137e+23	1.819747e-47
1.031000e-04	2.645416e-47	5.456601e-47	3.534358e-47	2.196455e-47	2.293154e-47	3.731058e+23	1.830379e-47
1.033000e-04	2.660841e-47	5.488418e-47	3.554966e-47	2.209262e-47	2.306525e-47	3.595776e+23	1.841052e-47
1.035000e-04	2.676326e-47	5.520358e-47	3.575655e-47	2.222119e-47	2.319948e-47	3.307747e+23	1.851766e-47
1.037000e-04	2.691871e-47	5.552422e-47	3.596423e-47	2.235026e-47	2.333423e-47	2.979179e+23	1.862521e-47
1.039000e-04	2.707476e-47	5.584610e-47	3.617272e-47	2.247982e-47	2.346950e-47	2.916886e+23	1.873319e-47
1.041000e-04	2.723141e-47	5.616922e-47	3.638201e-47	2.260989e-47	2.360529e-47	2.627479e+23	1.884157e-47
1.043000e-04	2.738866e-47	5.649359e-47	3.659211e-47	2.274046e-47	2.374161e-47	2.493233e+23	1.895038e-47
1.045000e-04	2.754652e-47	5.681920e-47	3.680302e-47	2.287152e-47	2.387845e-47	2.225424e+23	1.905960e-47
1.047000e-04	2.770499e-47	5.714606e-47	3.701473e-47	2.300310e-47	2.401581e-47	2.102845e+23	1.916925e-47
1.049000e-04	2.786406e-47	5.747417e-47	3.722725e-47	2.313517e-47	2.415370e-47	2.000415e+23	1.927931e-47
1.051000e-04	2.802374e-47	5.780353e-47	3.744059e-47	2.326775e-47	2.429212e-47	1.821504e+23	1.938979e-47
1.053000e-04	2.818402e-47	5.813415e-47	3.765474e-47	2.340084e-47	2.443106e-47	1.645105e+23	1.950070e-47
1.055000e-04	2.834492e-47	5.846603e-47	3.786970e-47	2.353443e-47	2.457053e-47	1.603411e+23	1.961202e-47
1.057000e-04	2.850643e-47	5.879917e-47	3.808549e-47	2.366853e-47	2.471054e-47	1.457966e+23	1.972377e-47
1.059000e-04	2.866855e-47	5.913357e-47	3.830209e-47	2.380313e-47	2.485107e-47	1.305563e+23	1.983594e-47
1.061000e-04	2.883129e-47	5.946924e-47	3.851950e-47	2.393825e-47	2.499214e-47	1.281681e+23	1.994854e-47
1.063000e-04	2.899464e-47	5.980617e-47	3.873774e-47	2.407388e-47	2.513373e-47	1.162157e+23	2.006156e-47
1.065000e-04	2.915860e-47	6.014438e-47	3.895681e-47	2.421002e-47	2.527587e-47	1.046852e+23	2.017501e-47
1.067000e-04	2.932319e-47	6.048386e-47	3.917670e-47	2.434667e-47	2.541853e-47	1.027252e+23	2.028889e-47
1.069000e-04	2.948839e-47	6.082461e-47	3.939741e-47	2.448383e-47	2.556173e-47	9.182588e+22	2.040319e-47
1.071000e-04	2.965421e-47	6.116664e-47	3.961895e-47	2.462151e-47	2.570547e-47	8.315445e+22	2.051792e-47
1.073000e-04	2.982065e-47	6.150995e-47	3.984132e-47	2.475970e-47	2.584975e-47	8.114533e+22	2.063308e-47
1.075000e-04	2.998771e-47	6.185454e-47	4.006452e-47	2.489841e-47	2.599457e-47	7.315099e+22	2.074868e-47
1.077000e-04	3.015539e-47	6.220042e-47	4.028855e-47	2.503764e-47	2.613992e-47	6.597729e+22	2.086470e-47
1.079000e-04	3.032370e-47	6.254759e-47	4.051342e-47	2.517738e-47	2.628582e-47	6.487256e+22	2.098115e-47
1.081000e-04	3.049264e-47	6.289604e-47	4.073912e-47	2.531765e-47	2.643226e-47	5.807223e+22	2.109804e-47
1.083000e-04	3.066220e-47	6.324578e-47	4.096566e-47	2.545843e-47	2.657924e-47	5.246844e+22	2.121536e-47
1.085000e-04	3.083238e-47	6.359682e-47	4.119303e-47	2.559973e-47	2.672677e-47	5.111802e+22	2.133311e-47
1.087000e-04	3.100320e-47	6.394916e-47	4.142125e-47	2.574156e-47	2.687484e-47	4.571472e+22	2.145130e-47
1.089000e-04	3.117465e-47	6.430280e-47	4.165030e-47	2.588391e-47	2.702345e-47	4.311257e+22	2.156993e-47
1.091000e-04	3.134672e-47	6.465773e-47	4.188020e-47	2.602678e-47	2.717262e-47	3.891476e+22	2.168899e-47
1.093000e-04	3.151943e-47	6.501397e-47	4.211095e-47	2.617018e-47	2.732233e-47	3.547265e+22	2.180848e-47
1.095000e-04	3.169277e-47	6.537152e-47	4.234254e-47	2.631410e-47	2.747259e-47	3.432291e+22	2.192842e-47
1.097000e-04	3.186675e-47	6.573037e-47	4.257498e-47	2.645856e-47	2.762340e-47	3.084011e+22	2.204880e-47
1.099000e-04	3.204136e-47	6.609054e-47	4.280826e-47	2.660353e-47	2.777476e-47	2.791142e+22	2.216961e-47
1.101000e-04	3.221661e-47	6.645202e-47	4.304240e-47	2.674904e-47	2.792667e-47	2.710591e+22	2.229087e-47
1.103000e-04	3.239250e-47	6.681481e-47	4.327739e-47	2.689508e-47	2.807914e-47	2.433754e+22	2.241256e-47
1.105000e-04	3.256902e-47	6.717893e-47	4.351324e-47	2.704164e-47	2.823216e-47	2.285490e+22	2.253470e-47
1.107000e-04	3.274619e-47	6.754436e-47	4.374993e-47	2.718874e-47	2.838573e-47	2.040387e+22	2.265728e-47
1.109000e-04	3.292400e-47	6.791111e-47	4.398749e-47	2.733637e-47	2.853986e-47	1.923243e+22	2.278031e-47
1.111000e-04	3.310245e-47	6.827920e-47	4.422590e-47	2.748454e-47	2.869455e-47	1.796554e+22	2.290378e-47
1.113000e-04	3.328154e-47	6.864860e-47	4.446518e-47	2.763324e-47	2.884979e-47	1.611502e+22	2.302770e-47
1.115000e-04	3.346128e-47	6.901934e-47	4.470531e-47	2.778247e-47	2.900560e-47	1.506242e+22	2.315206e-47
1.117000e-04	3.364166e-47	6.939141e-47	4.494631e-47	2.793224e-47	2.916196e-47	1.352287e+22	2.327687e-47
1.119000e-04	3.382269e-47	6.976482e-47	4.518817e-47	2.808255e-47	2.931889e-47	1.311537e+22	2.340212e-47
1.121000e-04	3.400437e-47	7.013956e-47	4.543090e-47	2.823339e-47	2.947637e-47	1.174446e+22	2.352783e-47
1.123000e-04	3.418670e-47	7.051565e-47	4.567450e-47	2.838478e-47	2.963442e-47	1.108644e+22	2.365398e-47
1.125000e-04	3.436968e-47	7.089307e-47	4.591897e-47	2.853670e-47	2.979304e-47	9.813329e+21	2.378059e-47
1.127000e-04	3.455331e-47	7.127184e-47	4.616430e-47	2.868917e-47	2.995222e-47	9.226986e+21	2.390764e-47
1.129000e-04	3.473759e-47	7.165195e-47	4.641051e-47	2.884218e-47	3.011196e-47	8.230151e+21	2.403515e-47
1.131000e-04	3.492253e-47	7.203342e-47	4.665760e-47	2.899573e-47	3.027227e-47	7.984332e+21	2.416311e-47
1.133000e-04	3.510812e-47	7.241624e-47	4.690555e-47	2.914983e-47	3.043315e-47	7.133184e+21	2.429152e-47
1.135000e-04	3.529437e-47	7.280041e-47	4.715439e-47	2.930447e-47	3.059460e-47	6.715553e+21	2.442039e-47
1.137000e-04	3.548128e-47	7.318593e-47	4.740410e-47	2.945965e-47	3.075662e-47	6.085324e+21	2.454971e-47
1.139000e-04	3.566885e-47	7.357282e-47	4.765470e-47	2.961539e-47	3.091921e-47	5.479673e+21	2.467949e-47
1.141000e-04	3.585707e-47	7.396106e-47	4.790617e-47	2.977167e-47	3.108237e-47	5.267924e+21	2.480972e-47
1.143000e-04	3.604596e-47	7.435067e-47	4.815853e-47	2.992850e-47	3.124611e-47	4.718181e+21	2.494042e-47
1.145000e-04	3.623551e-47	7.474165e-47	4.841177e-47	3.008588e-47	3.141041e-47	4.219697e+21	2.507157e-47
1.147000e-04	3.642572e-47	7.513399e-47	4.866590e-47	3.024381e-47	3.157530e-47	4.080751e+21	2.520317e-47
1.149000e-04	3.661660e-47	7.552771e-47	4.892092e-47	3.040229e-47	3.174076e-47	3.676176e+21	2.533524e-47
1.151000e-04	3.680814e-47	7.592279e-47	4.917683e-47	3.056133e-47	3.190679e-47	3.261021e+21	2.546777e-47
1.153000e-04	3.700035e-47	7.631926e-47	4.943363e-47	3.072092e-47	3.207341e-47	3.156430e+21	2.560076e-47
1.155000e-04	3.719323e-47	7.671710e-47	4.969132e-47	3.088106e-47	3.224060e-47	2.830251e+21	2.573422e-47
1.157000e-04	3.738677e-47	7.711632e-47	4.994990e-47	3.104176e-47	3.240838e-47	2.654572e+21	2.586813e-47
1.159000e-04	3.758099e-47	7.751692e-47	5.020938e-47	3.120301e-47	3.257673e-47	2.377002e+21	2.600251e-47
1.161000e-04	3.777588e-47	7.791891e-47	5.046976e-47	3.136483e-47	3.274567e-47	2.136494e+21	2.613736e-47
1.163000e-04	3.797144e-47	7.832229e-47	5.073103e-47	3.152720e-47	3.291519e-47	2.064335e+21	2.627267e-47
1.165000e-04	3.816767e-47	7.872705e-47	5.099321e-47	3.169013e-47	3.308529e-47	1.828535e+21	2.640844e-47
1.167000e-04	3.836458e-47	7.913321e-47	5.125628e-47	3.185362e-47	3.325598e-47	1.711083e+21	2.654468e-47
1.169000e-04	3.856217e-47	7.954076e-47	5.152026e-47	3.201767e-47	3.342726e-47	1.514656e+21	2.668140e-47
1.171000e-04	3.876043e-47	7.994971e-47	5.178515e-47	3.218229e-47	3.359912e-47	1.411383e+21	2.681857e-47
1.173000e-04	3.895937e-47	8.036006e-47	5.205094e-47	3.234747e-47	3.377157e-47	1.330410e+21	2.695622e-47
1.175000e-04	3.915899e-47	8.077181e-47	5.231764e-47	3.251321e-47	3.394461e-47	1.182710e+21	2.709434e-47
1.177000e-04	3.935929e-47	8.118496e-47	5.258525e-47	3.267952e-47	3.411824e-47	1.061662e+21	2.723293e-47
1.179000e-04	3.956028e-47	8.159953e-47	5.285377e-47	3.284639e-47	3.429246e-47	1.024289e+21	2.737199e-47
1.181000e-04	3.976194e-47	8.201549e-47	5.312320e-47	3.301383e-47	3.446727e-47	9.098508e+20	2.751153e-47
1.183000e-04	3.996429e-47	8.243288e-47	5.339355e-47	3.318184e-47	3.464268e-47	8.141444e+20	2.765153e-47
1.185000e-04	4.016733e-47	8.285167e-47	5.366481e-47	3.335042e-47	3.481868e-47	7.796734e+20	2.779202e-47
1.187000e-04	4.037105e-47	8.327188e-47	5.393699e-47	3.351957e-47	3.499527e-47	6.980010e+20	2.793297e-47
1.189000e-04	4.057546e-47	8.369351e-47	5.421009e-47	3.368929e-47	3.517246e-47	6.530176e+20	2.807441e-47
1.191000e-04	4.078056e-47	8.411656e-47	5.448411e-47	3.385958e-47	3.535025e-47	5.790469e+20	2.821631e-47
1.193000e-04	4.098635e-47	8.454103e-47	5.475905e-47	3.403044e-47	3.552864e-47	5.419146e+20	2.835870e-47
1.195000e-04	4.119283e-47	8.496693e-47	5.503491e-47	3.420188e-47	3.570762e-47	4.779037e+20	2.850157e-47
1.197000e-04	4.140000e-47	8.539426e-47	5.531170e-47	3.437389e-47	3.588721e-47	4.475304e+20	2.864491e-47
1.199000e-04	4.160787e-47	8.582301e-47	5.558941e-47	3.454648e-47	3.606739e-47	3.979130e+20	2.878873e-47
1.201000e-04	4.181643e-47	8.625320e-47	5.586806e-47	3.471964e-47	3.624818e-47	3.801961e+20	2.893304e-47
1.203000e-04	4.202568e-47	8.668483e-47	5.614763e-47	3.489339e-47	3.642957e-47	3.382082e+20	2.907782e-47
1.205000e-04	4.223564e-47	8.711789e-47	5.642813e-47	3.506771e-47	3.661157e-47	3.171022e+20	2.922309e-47
1.207000e-04	4.244629e-47	8.755239e-47	5.670957e-47	3.524261e-47	3.679417e-47	2.820654e+20	2.936884e-47
1.209000e-04	4.265764e-47	8.798834e-47	5.699194e-47	3.541809e-47	3.697738e-47	2.508444e+20	2.951508e-47
1.211000e-04	4.286969e-47	8.842573e-47	5.727525e-47	3.559415e-47	3.716119e-47	2.386648e+20	2.966179e-47
1.213000e-04	4.308244e-47	8.886456e-47	5.755949e-47	3.577080e-47	3.734561e-47	2.137767e+20	2.980900e-47
1.215000e-04	4.329590e-47	8.930485e-47	5.784467e-47	3.594803e-47	3.753065e-47	1.895650e+20	2.995669e-47
1.217000e-04	4.351006e-47	8.974659e-47	5.813080e-47	3.612584e-47	3.771629e-47	1.805896e+20	3.010487e-47
1.219000e-04	4.372492e-47	9.018978e-47	5.841786e-47	3.630424e-47	3.790254e-47	1.644494e+20	3.025353e-47
1.221000e-04	4.394049e-47	9.063443e-47	5.870587e-47	3.648323e-47	3.808941e-47	1.501486e+20	3.040269e-47
1.223000e-04	4.415677e-47	9.108054e-47	5.899482e-47	3.666280e-47	3.827688e-47	1.339921e+20	3.055233e-47
1.225000e-04	4.437375e-47	9.152811e-47	5.928472e-47	3.684296e-47	3.846498e-47	1.195837e+20	3.070247e-47
1.227000e-04	4.459145e-47	9.197714e-47	5.957557e-47	3.702371e-47	3.865368e-47	1.140236e+20	3.085309e-47
1.229000e-04	4.480986e-47	9.242764e-47	5.986737e-47	3.720505e-47	3.884301e-47	1.014778e+20	3.100421e-47
1.231000e-04	4.502897e-47	9.287961e-47	6.016012e-47	3.738698e-47	3.903295e-47	9.035220e+19	3.115582e-47
1.233000e-04	4.524881e-47	9.333305e-47	6.045382e-47	3.756951e-47	3.922351e-47	8.526300e+19	3.130792e-47
1.235000e-04	4.546935e-47	9.378796e-47	6.074848e-47	3.775262e-47	3.941469e-47	7.556849e+19	3.146052e-47
1.237000e-04	4.569061e-47	9.424435e-47	6.104409e-47	3.793633e-47	3.960649e-47	6.750594e+19	3.161361e-47
1.239000e-04	4.591259e-47	9.470221e-47	6.134066e-47	3.812064e-47	3.979891e-47	6.438278e+19	3.176720e-47
1.241000e-04	4.613529e-47	9.516156e-47	6.163819e-47	3.830554e-47	3.999195e-47	5.720584e+19	3.192128e-47
1.243000e-04	4.635870e-47	9.562239e-47	6.193668e-47	3.849104e-47	4.018561e-47	5.279570e+19	3.207587e-47
1.245000e-04	4.658284e-47	9.608471e-47	6.223613e-47	3.867714e-47	4.037990e-47	4.696688e+19	3.223095e-47
1.247000e-04	4.680770e-47	9.654851e-47	6.253655e-47	3.886383e-47	4.057482e-47	4.185190e+19	3.238653e-47
1.249000e-04	4.703327e-47	9.701380e-47	6.283793e-47	3.905113e-47	4.077036e-47	3.965570e+19	3.254260e-47
1.251000e-04	4.725958e-47	9.748059e-47	6.314028e-47	3.923902e-47	4.096653e-47	3.551621e+19	3.269918e-47
1.253000e-04	4.748660e-47	9.794887e-47	6.344359e-47	3.942752e-47	4.116332e-47	3.108721e+19	3.285627e-47
1.255000e-04	4.771436e-47	9.841865e-47	6.374788e-47	3.961662e-47	4.136075e-47	2.974724e+19	3.301385e-47
1.257000e-04	4.794284e-47	9.888993e-47	6.405313e-47	3.980632e-47	4.155880e-47	2.605990e+19	3.317194e-47
1.259000e-04	4.817205e-47	9.936271e-47	6.435936e-47	3.999663e-47	4.175749e-47	2.304480e+19	3.333053e-47
1.261000e-04	4.840198e-47	9.983699e-47	6.466657e-47	4.018755e-47	4.195681e-47	2.214757e+19	3.348962e-47
1.263000e-04	4.863265e-47	1.003128e-46	6.497475e-47	4.037907e-47	4.215676e-47	1.948616e+19	3.364922e-47
1.265000e-04	4.886405e-47	1.007901e-46	6.528390e-47	4.057120e-47	4.235735e-47	1.812593e+19	3.380933e-47
1.267000e-04	4.909618e-47	1.012689e-46	6.559404e-47	4.076393e-47	4.255857e-47	1.565261e+19	3.396995e-47
1.269000e-04	4.932905e-47	1.017492e-46	6.590516e-47	4.095728e-47	4.276043e-47	1.456388e+19	3.413107e-47
1.271000e-04	4.956265e-47	1.022311e-46	6.621726e-47	4.115124e-47	4.296293e-47	1.281498e+19	3.429270e-47
1.273000e-04	4.979699e-47	1.027144e-46	6.653034e-47	4.134581e-47	4.316606e-47	1.244688e+19	3.445484e-47
1.275000e-04	5.003207e-47	1.031993e-46	6.684441e-47	4.154099e-47	4.336983e-47	1.046560e+19	3.461749e-47
1.277000e-04	5.026788e-47	1.036857e-46	6.715947e-47	4.173678e-47	4.357425e-47	9.790255e+18	3.478065e-47
1.279000e-04	5.050444e-47	1.041736e-46	6.747551e-47	4.193319e-47	4.377930e-47	8.815522e+18	3.494432e-47
1.281000e-04	5.074173e-47	1.046631e-46	6.779254e-47	4.213021e-47	4.398500e-47	7.746253e+18	3.510851e-47
1.283000e-04	5.097977e-47	1.051541e-46	6.811057e-47	4.232785e-47	4.419134e-47	7.327070e+18	3.527321e-47
1.285000e-04	5.121855e-47	1.056466e-46	6.842959e-47	4.252611e-47	4.439833e-47	6.450879e+18	3.543842e-47
1.287000e-04	5.145808e-47	1.061407e-46	6.874960e-47	4.272498e-47	4.460596e-47	5.707977e+18	3.560415e-47
1.289000e-04	5.169835e-47	1.066363e-46	6.907061e-47	4.292448e-47	4.481423e-47	5.430938e+18	3.577040e-47
1.291000e-04	5.193936e-47	1.071334e-46	6.939262e-47	4.312459e-47	4.502316e-47	4.776677e+18	3.593716e-47
1.293000e-04	5.218113e-47	1.076321e-46	6.971562e-47	4.332532e-47	4.523273e-47	4.184487e+18	3.610444e-47
1.295000e-04	5.242364e-47	1.081323e-46	7.003963e-47	4.352668e-47	4.544295e-47	3.971356e+18	3.627223e-47
1.297000e-04	5.266691e-47	1.086341e-46	7.036464e-47	4.372866e-47	4.565382e-47	3.489010e+18	3.644055e-47
1.299000e-04	5.291092e-47	1.091374e-46	7.069065e-47	4.393126e-47	4.586534e-47	3.193024e+18	3.660939e-47
1.301000e-04	5.315569e-47	1.096423e-46	7.101767e-47	4.413449e-47	4.607752e-47	2.838209e+18	3.677874e-47
1.303000e-04	5.340122e-47	1.101487e-46	7.134570e-47	4.433835e-47	4.629035e-47	2.500080e+18	3.694862e-47
1.305000e-04	5.364749e-47	1.106567e-46	7.167473e-47	4.454283e-47	4.650383e-47	2.324662e+18	3.711902e-47
1.307000e-04	5.389453e-47	1.111663e-46	7.200478e-47	4.474794e-47	4.671797e-47	2.077415e+18	3.728995e-47
1.309000e-04	5.414232e-47	1.116774e-46	7.233583e-47	4.495367e-47	4.693277e-47	1.814100e+18	3.746139e-47
1.311000e-04	5.439087e-47	1.121900e-46	7.266790e-47	4.516004e-47	4.714822e-47	1.718035e+18	3.763337e-47
1.313000e-04	5.464017e-47	1.127043e-46	7.300099e-47	4.536704e-47	4.736433e-47	1.506446e+18	3.780586e-47
1.315000e-04	5.489024e-47	1.132201e-46	7.333509e-47	4.557467e-47	4.758110e-47	1.320462e+18	3.797889e-47
1.317000e-04	5.514107e-47	1.137375e-46	7.367020e-47	4.578293e-47	4.779853e-47	1.274846e+18	3.815244e-47
1.319000e-04	5.539267e-47	1.142564e-46	7.400634e-47	4.599182e-47	4.801662e-47	1.064585e+18	3.832652e-47
1.321000e-04	5.564503e-47	1.147769e-46	7.434350e-47	4.620135e-47	4.823538e-47	1.011893e+18	3.850113e-47
1.323000e-04	5.589815e-47	1.152991e-46	7.468168e-47	4.641152e-47	4.845479e-47	8.812222e+17	3.867627e-47
1.325000e-04	5.615204e-47	1.158227e-46	7.502088e-47	4.662232e-47	4.867487e-47	7.680260e+17	3.885193e-47
1.327000e-04	5.640670e-47	1.163480e-46	7.536111e-47	4.683376e-47	4.889562e-47	7.305768e+17	3.902813e-47
1.329000e-04	5.666212e-47	1.168749e-46	7.570237e-47	4.704584e-47	4.911704e-47	6.402284e+17	3.920486e-47
1.331000e-04	5.691832e-47	1.174033e-46	7.604466e-47	4.725855e-47	4.933912e-47	5.850737e+17	3.938213e-47
1.333000e-04	5.717529e-47	1.179334e-46	7.638797e-47	4.747191e-47	4.956187e-47	5.037980e+17	3.955992e-47
1.335000e-04	5.743303e-47	1.184650e-46	7.673232e-47	4.768591e-47	4.978529e-47	4.630822e+17	3.973826e-47
1.337000e-04	5.769154e-47	1.189982e-46	7.707770e-47	4.790055e-47	5.000938e-47	4.222992e+17	3.991712e-47
1.339000e-04	5.795083e-47	1.195330e-46	7.742412e-47	4.811583e-47	5.023414e-47	3.639766e+17	4.009652e-47
1.341000e-04	5.821089e-47	1.200695e-46	7.777157e-47	4.833176e-47	5.045957e-47	3.317724e+17	4.027646e-47
1.343000e-04	5.847173e-47	1.206075e-46	7.812006e-47	4.854833e-47	5.068568e-47	2.907959e+17	4.045694e-47
1.345000e-04	5.873335e-47	1.211471e-46	7.846959e-47	4.876555e-47	5.091246e-47	2.740041e+17	4.063796e-47
1.347000e-04	5.899574e-47	1.216884e-46	7.882016e-47	4.898341e-47	5.113991e-47	2.376935e+17	4.081951e-47
1.349000e-04	5.925892e-47	1.222312e-46	7.917178e-47	4.920192e-47	5.136805e-47	2.164241e+17	4.100160e-47
1.351000e-04	5.952288e-47	1.227757e-46	7.952443e-47	4.942109e-47	5.159686e-47	1.898230e+17	4.118424e-47
1.353000e-04	5.978762e-47	1.233217e-46	7.987814e-47	4.964090e-47	5.182635e-47	1.650886e+17	4.136742e-47
1.355000e-04	6.005315e-47	1.238694e-46	8.023289e-47	4.986136e-47	5.205652e-47	1.564076e+17	4.155113e-47
1.357000e-04	6.031946e-47	1.244187e-46	8.058869e-47	5.008248e-47	5.228736e-47	1.368683e+17	4.173540e-47
1.359000e-04	6.058656e-47	1.249697e-46	8.094554e-47	5.030424e-47	5.251889e-47	1.240228e+17	4.192020e-47
1.361000e-04	6.085444e-47	1.255222e-46	8.130344e-47	5.052666e-47	5.275111e-47	1.065449e+17	4.210555e-47
1.363000e-04	6.112311e-47	1.260764e-46	8.166239e-47	5.074974e-47	5.298400e-47	9.733046e+16	4.229145e-47
1.365000e-04	6.139258e-47	1.266322e-46	8.202240e-47	5.097347e-47	5.321759e-47	8.446213e+16	4.247789e-47
1.367000e-04	6.166283e-47	1.271896e-46	8.238347e-47	5.119786e-47	5.345185e-47	7.930611e+16	4.266488e-47
1.369000e-04	6.193387e-47	1.277487e-46	8.274560e-47	5.142290e-47	5.368680e-47	6.885173e+16	4.285242e-47
1.371000e-04	6.220571e-47	1.283094e-46	8.310878e-47	5.164861e-47	5.392244e-47	6.024879e+16	4.304051e-47
1.373000e-04	6.247834e-47	1.288718e-46	8.347303e-47	5.187497e-47	5.415877e-47	5.632226e+16	4.322914e-47
1.375000e-04	6.275177e-47	1.294358e-46	8.383833e-47	5.210199e-47	5.439579e-47	4.885762e+16	4.341833e-47
1.377000e-04	6.302600e-47	1.300014e-46	8.420471e-47	5.232968e-47	5.463350e-47	4.237184e+16	4.360807e-47
1.379000e-04	6.330102e-47	1.305687e-46	8.457214e-47	5.255803e-47	5.487190e-47	3.973733e+16	4.379835e-47
1.381000e-04	6.357684e-47	1.311376e-46	8.494065e-47	5.278704e-47	5.511099e-47	3.459204e+16	4.398920e-47
1.383000e-04	6.385346e-47	1.317082e-46	8.531022e-47	5.301671e-47	5.535078e-47	3.000089e+16	4.418059e-47
1.385000e-04	6.413088e-47	1.322804e-46	8.568087e-47	5.324705e-47	5.559126e-47	2.785695e+16	4.437254e-47
1.387000e-04	6.440911e-47	1.328543e-46	8.605259e-47	5.347806e-47	5.583244e-47	2.418295e+16	4.456505e-47
1.389000e-04	6.468814e-47	1.334298e-46	8.642538e-47	5.370973e-47	5.607431e-47	2.115382e+16	4.475811e-47
1.391000e-04	6.496797e-47	1.340070e-46	8.679924e-47	5.394207e-47	5.631688e-47	1.960419e+16	4.495173e-47
1.393000e-04	6.524861e-47	1.345859e-46	8.717418e-47	5.417508e-47	5.656015e-47	1.706213e+16	4.514590e-47
1.395000e-04	6.553005e-47	1.351664e-46	8.755020e-47	5.440876e-47	5.680412e-47	1.482563e+16	4.534064e-47
1.397000e-04	6.581231e-47	1.357486e-46	8.792730e-47	5.464312e-47	5.704879e-47	1.377191e+16	4.553593e-47
1.399000e-04	6.609537e-47	1.363325e-46	8.830549e-47	5.487814e-47	5.729416e-47	1.197091e+16	4.573178e-47
1.401000e-04	6.637924e-47	1.369180e-46	8.868475e-47	5.511384e-47	5.754023e-47	1.034277e+16	4.592820e-47
1.403000e-04	6.666393e-47	1.375052e-46	8.906510e-47	5.535021e-47	5.778701e-47	9.561030e+15	4.612517e-47
1.405000e-04	6.694943e-47	1.380941e-46	8.944653e-47	5.558725e-47	5.803449e-47	8.276110e+15	4.632271e-47
1.407000e-04	6.723574e-47	1.386847e-46	8.982906e-47	5.582498e-47	5.828268e-47	7.499674e+15	4.652081e-47
1.409000e-04	6.752287e-47	1.392769e-46	9.021267e-47	5.606337e-47	5.853157e-47	6.482596e+15	4.671948e-47
1.411000e-04	6.781081e-47	1.398709e-46	9.059737e-47	5.630245e-47	5.878117e-47	5.896242e+15	4.691871e-47
1.413000e-04	6.809957e-47	1.404665e-46	9.098316e-47	5.654220e-47	5.903148e-47	5.069603e+15	4.711850e-47
1.415000e-04	6.838915e-47	1.410638e-46	9.137005e-47	5.678264e-47	5.928250e-47	4.545812e+15	4.731886e-47
1.417000e-04	6.867955e-47	1.416628e-46	9.175803e-47	5.702375e-47	5.953423e-47	3.912488e+15	4.751979e-47
1.419000e-04	6.897077e-47	1.422635e-46	9.214711e-47	5.726555e-47	5.978667e-47	3.633042e+15	4.772129e-47
1.421000e-04	6.926281e-47	1.428659e-46	9.253729e-47	5.750803e-47	6.003983e-47	3.144883e+15	4.792336e-47
1.423000e-04	6.955568e-47	1.434699e-46	9.292857e-47	5.775119e-47	6.029370e-47	2.697190e+15	4.812599e-47
1.425000e-04	6.984937e-47	1.440757e-46	9.332095e-47	5.799504e-47	6.054828e-47	2.494669e+15	4.832920e-47
1.427000e-04	7.014389e-47	1.446832e-46	9.371443e-47	5.823957e-47	6.080358e-47	2.185780e+15	4.853298e-47
1.429000e-04	7.043923e-47	1.452924e-46	9.410902e-47	5.848479e-47	6.105959e-47	1.870213e+15	4.873732e-47
1.431000e-04	7.073540e-47	1.459033e-46	9.450471e-47	5.873070e-47	6.131632e-47	1.709691e+15	4.894225e-47
1.433000e-04	7.103240e-47	1.465159e-46	9.490151e-47	5.897729e-47	6.157377e-47	1.501994e+15	4.914774e-47
1.435000e-04	7.133023e-47	1.471302e-46	9.529942e-47	5.922457e-47	6.183195e-47	1.274198e+15	4.935381e-47
1.437000e-04	7.162889e-47	1.477463e-46	9.569844e-47	5.947255e-47	6.209084e-47	1.194296e+15	4.956046e-47
1.439000e-04	7.192838e-47	1.483640e-46	9.609857e-47	5.972121e-47	6.235045e-47	1.014788e+15	4.976768e-47
1.441000e-04	7.222871e-47	1.489835e-46	9.649982e-47	5.997057e-47	6.261079e-47	8.795065e+14	4.997548e-47
1.443000e-04	7.252987e-47	1.496047e-46	9.690218e-47	6.022062e-47	6.287184e-47	8.134021e+14	5.018385e-47
1.445000e-04	7.283187e-47	1.502276e-46	9.730566e-47	6.047137e-47	6.313363e-47	6.984581e+14	5.039281e-47
1.447000e-04	7.313470e-47	1.508523e-46	9.771025e-47	6.072281e-47	6.339614e-47	6.006748e+14	5.060234e-47
1.449000e-04	7.343837e-47	1.514786e-46	9.811597e-47	6.097494e-47	6.365937e-47	5.537732e+14	5.081245e-47
1.451000e-04	7.374289e-47	1.521067e-46	9.852281e-47	6.122778e-47	6.392334e-47	4.778665e+14	5.102315e-47
1.453000e-04	7.404824e-47	1.527366e-46	9.893077e-47	6.148131e-47	6.418803e-47	4.067902e+14	5.123442e-47
1.455000e-04	7.435444e-47	1.533682e-46	9.933986e-47	6.173554e-47	6.445345e-47	3.730325e+14	5.144628e-47
1.457000e-04	7.466147e-47	1.540015e-46	9.975007e-47	6.199047e-47	6.471961e-47	3.203511e+14	5.165872e-47
1.459000e-04	7.496936e-47	1.546365e-46	1.001614e-46	6.224610e-47	6.498649e-47	2.898621e+14	5.187175e-47
1.461000e-04	7.527808e-47	1.552733e-46	1.005739e-46	6.250243e-47	6.525411e-47	2.430102e+14	5.208536e-47
1.463000e-04	7.558766e-47	1.559119e-46	1.009875e-46	6.275946e-47	6.552246e-47	2.184087e+14	5.229955e-47
1.465000e-04	7.589808e-47	1.565522e-46	1.014022e-46	6.301720e-47	6.579154e-47	1.875495e+14	5.251434e-47
1.467000e-04	7.620935e-47	1.571942e-46	1.018181e-46	6.327565e-47	6.606137e-47	1.707785e+14	5.272970e-47
1.469000e-04	7.652147e-47	1.578380e-46	1.022351e-46	6.353479e-47	6.633192e-47	1.471008e+14	5.294566e-47
1.471000e-04	7.683444e-47	1.584836e-46	1.026532e-46	6.379465e-47	6.660322e-47	1.315046e+14	5.316221e-47
1.473000e-04	7.714826e-47	1.591309e-46	1.030725e-46	6.405521e-47	6.687525e-47	1.132936e+14	5.337934e-47
1.475000e-04	7.746294e-47	1.597799e-46	1.034929e-46	6.431649e-47	6.714803e-47	9.623434e+13	5.359707e-47
1.477000e-04	7.777847e-47	1.604308e-46	1.039145e-46	6.457847e-47	6.742154e-47	8.890248e+13	5.381539e-47
1.479000e-04	7.809485e-47	1.610834e-46	1.043372e-46	6.484116e-47	6.769580e-47	7.524449e+13	5.403430e-47
1.481000e-04	7.841210e-47	1.617377e-46	1.047610e-46	6.510456e-47	6.797080e-47	6.390108e+13	5.425380e-47
1.483000e-04	7.873020e-47	1.623939e-46	1.051860e-46	6.536868e-47	6.824654e-47	5.947909e+13	5.447390e-47
1.485000e-04	7.904916e-47	1.630518e-46	1.056122e-46	6.563351e-47	6.852303e-47	5.049340e+13	5.469459e-47
1.487000e-04	7.936898e-47	1.637115e-46	1.060394e-46	6.589905e-47	6.880027e-47	4.290026e+13	5.491587e-47
1.489000e-04	7.968966e-47	1.643729e-46	1.064679e-46	6.616531e-47	6.907825e-47	3.936776e+13	5.513776e-47
1.491000e-04	8.001121e-47	1.650362e-46	1.068975e-46	6.643228e-47	6.935697e-47	3.354163e+13	5.536024e-47
1.493000e-04	8.033362e-47	1.657012e-46	1.073282e-46	6.669997e-47	6.963645e-47	3.016437e+13	5.558331e-47
1.495000e-04	8.065689e-47	1.663680e-46	1.077601e-46	6.696838e-47	6.991668e-47	2.539200e+13	5.580699e-47
1.497000e-04	8.098103e-47	1.670366e-46	1.081932e-46	6.723751e-47	7.019766e-47	2.178759e+13	5.603126e-47
1.499000e-04	8.130604e-47	1.677070e-46	1.086274e-46	6.750736e-47	7.047939e-47	1.977824e+13	5.625614e-47
1.501000e-04	8.163191e-47	1.683791e-46	1.090628e-46	6.777793e-47	7.076187e-47	1.700312e+13	5.648161e-47
1.503000e-04	8.195866e-47	1.690531e-46	1.094993e-46	6.804923e-47	7.104510e-47	1.440827e+13	5.670769e-47
1.505000e-04	8.228627e-47	1.697289e-46	1.099370e-46	6.832124e-47	7.132909e-47	1.305756e+13	5.693437e-47
1.507000e-04	8.261476e-47	1.704064e-46	1.103759e-46	6.859398e-47	7.161384e-47	1.125825e+13	5.716165e-47
1.509000e-04	8.294412e-47	1.710858e-46	1.108159e-46	6.886744e-47	7.189934e-47	9.496083e+12	5.738954e-47
1.511000e-04	8.327436e-47	1.717670e-46	1.112572e-46	6.914163e-47	7.218561e-47	8.675733e+12	5.761803e-47
1.513000e-04	8.360547e-47	1.724499e-46	1.116995e-46	6.941655e-47	7.247263e-47	7.296127e+12	5.784713e-47
1.515000e-04	8.393746e-47	1.731347e-46	1.121431e-46	6.969220e-47	7.276040e-47	6.219046e+12	5.807683e-47
1.517000e-04	8.427032e-47	1.738213e-46	1.125878e-46	6.996857e-47	7.304895e-47	5.660288e+12	5.830714e-47
1.519000e-04	8.460406e-47	1.745097e-46	1.130337e-46	7.024567e-47	7.333825e-47	4.791446e+12	5.853806e-47
1.521000e-04	8.493869e-47	1.751999e-46	1.134807e-46	7.052350e-47	7.362831e-47	4.040649e+12	5.876959e-47
1.523000e-04	8.527419e-47	1.758919e-46	1.139290e-46	7.080207e-47	7.391914e-47	3.684768e+12	5.900173e-47
1.525000e-04	8.561058e-47	1.765858e-46	1.143784e-46	7.108137e-47	7.421074e-47	3.145455e+12	5.923447e-47
1.527000e-04	8.594785e-47	1.772815e-46	1.148290e-46	7.136140e-47	7.450310e-47	2.646285e+12	5.946783e-47
1.529000e-04	8.628600e-47	1.779790e-46	1.152808e-46	7.164216e-47	7.479622e-47	2.415766e+12	5.970180e-47
1.531000e-04	8.662504e-47	1.786783e-46	1.157338e-46	7.192367e-47	7.509012e-47	2.034110e+12	5.993639e-47
1.533000e-04	8.696497e-47	1.793794e-46	1.161879e-46	7.220590e-47	7.538478e-47	1.706428e+12	6.017159e-47
1.535000e-04	8.730579e-47	1.800824e-46	1.166433e-46	7.248888e-47	7.568021e-47	1.553848e+12	6.040740e-47
1.537000e-04	8.764749e-47	1.807873e-46	1.170998e-46	7.277259e-47	7.597642e-47	1.312932e+12	6.064383e-47
1.539000e-04	8.799009e-47	1.814939e-46	1.175575e-46	7.305705e-47	7.627339e-47	1.108794e+12	6.088087e-47
1.541000e-04	8.833358e-47	1.822024e-46	1.180164e-46	7.334224e-47	7.657114e-47	1.006764e+12	6.111853e-47
1.543000e-04	8.867796e-47	1.829128e-46	1.184765e-46	7.362817e-47	7.686966e-47	8.466207e+11	6.135681e-47
1.545000e-04	8.902323e-47	1.836249e-46	1.189378e-46	7.391485e-47	7.716896e-47	7.133974e+11	6.159571e-47
1.547000e-04	8.936940e-47	1.843390e-46	1.194003e-46	7.420227e-47	7.746904e-47	6.478680e+11	6.183522e-47
1.549000e-04	8.971646e-47	1.850548e-46	1.198640e-46	7.449043e-47	7.776989e-47	5.435591e+11	6.207536e-47
1.551000e-04	9.006443e-47	1.857726e-46	1.203289e-46	7.477934e-47	7.807151e-47	4.582844e+11	6.231612e-47
1.553000e-04	9.041329e-47	1.864922e-46	1.207950e-46	7.506900e-47	7.837392e-47	4.226935e+11	6.255750e-47
1.555000e-04	9.076305e-47	1.872136e-46	1.212623e-46	7.535940e-47	7.867711e-47	3.373606e+11	6.279950e-47
1.557000e-04	9.111371e-47	1.879369e-46	1.217308e-46	7.565055e-47	7.898108e-47	3.072166e+11	6.304212e-47
1.559000e-04	9.146528e-47	1.886621e-46	1.222005e-46	7.594245e-47	7.928583e-47	2.592716e+11	6.328537e-47
1.561000e-04	9.181774e-47	1.893891e-46	1.226714e-46	7.623510e-47	7.959136e-47	2.155718e+11	6.352925e-47
1.563000e-04	9.217111e-47	1.901180e-46	1.231435e-46	7.652850e-47	7.989768e-47	1.959289e+11	6.377375e-47
1.565000e-04	9.252539e-47	1.908487e-46	1.236168e-46	7.682265e-47	8.020478e-47	1.637655e+11	6.401887e-47
1.567000e-04	9.288057e-47	1.915813e-46	1.240914e-46	7.711755e-47	8.051266e-47	1.374992e+11	6.426463e-47
1.569000e-04	9.323666e-47	1.923158e-46	1.245671e-46	7.741321e-47	8.082134e-47	1.229927e+11	6.451101e-47
1.571000e-04	9.359367e-47	1.930522e-46	1.250441e-46	7.770962e-47	8.113080e-47	1.035925e+11	6.475802e-47
1.573000e-04	9.395158e-47	1.937905e-46	1.255222e-46	7.800679e-47	8.144105e-47	8.653266e+10	6.500566e-47
1.575000e-04	9.431040e-47	1.945306e-46	1.260016e-46	7.830472e-47	8.175209e-47	7.856913e+10	6.525393e-47
1.577000e-04	9.467013e-47	1.952726e-46	1.264823e-46	7.860340e-47	8.206393e-47	6.540993e+10	6.550283e-47
1.579000e-04	9.503078e-47	1.960165e-46	1.269641e-46	7.890284e-47	8.237655e-47	5.443697e+10	6.575237e-47
1.581000e-04	9.539234e-47	1.967623e-46	1.274472e-46	7.920304e-47	8.268997e-47	4.941110e+10	6.600253e-47
1.583000e-04	9.575482e-47	1.975099e-46	1.279314e-46	7.950400e-47	8.300418e-47	4.092589e+10	6.625333e-47
1.585000e-04	9.611822e-47	1.982595e-46	1.284169e-46	7.980572e-47	8.331918e-47	3.420273e+10	6.650477e-47
1.587000e-04	9.648253e-47	1.990110e-46	1.289037e-46	8.010821e-47	8.363499e-47	3.076183e+10	6.675684e-47
1.589000e-04	9.684776e-47	1.997643e-46	1.293916e-46	8.041146e-47	8.395159e-47	2.568168e+10	6.700955e-47
1.591000e-04	9.721392e-47	2.005196e-46	1.298808e-46	8.071547e-47	8.426898e-47	2.210584e+10	6.726289e-47
1.593000e-04	9.758099e-47	2.012767e-46	1.303713e-46	8.102025e-47	8.458718e-47	1.841956e+10	6.751687e-47
1.595000e-04	9.794899e-47	2.020358e-46	1.308629e-46	8.132579e-47	8.490617e-47	1.588017e+10	6.777149e-47
1.597000e-04	9.831791e-47	2.027967e-46	1.313558e-46	8.163210e-47	8.522597e-47	1.381968e+10	6.802675e-47
1.599000e-04	9.868776e-47	2.035596e-46	1.318499e-46	8.193918e-47	8.554657e-47	1.134163e+10	6.828265e-47
1.601000e-04	9.905853e-47	2.043244e-46	1.323453e-46	8.224703e-47	8.586797e-47	9.966039e+09	6.853919e-47
1.603000e-04	9.943024e-47	2.050911e-46	1.328419e-46	8.255565e-47	8.619018e-47	8.175873e+09	6.879638e-47
1.605000e-04	9.980287e-47	2.058597e-46	1.333398e-46	8.286504e-47	8.651319e-47	7.341436e+09	6.905420e-47
1.607000e-04	1.001764e-46	2.066302e-46	1.338388e-46	8.317520e-47	8.683701e-47	6.136456e+09	6.931267e-47
1.609000e-04	1.005509e-46	2.074027e-46	1.343392e-46	8.348614e-47	8.716163e-47	5.064452e+09	6.957178e-47
1.611000e-04	1.009263e-46	2.081770e-46	1.348408e-46	8.379785e-47	8.748706e-47	4.521030e+09	6.983154e-47
1.613000e-04	1.013027e-46	2.089533e-46	1.353436e-46	8.411033e-47	8.781330e-47	3.755390e+09	7.009194e-47
1.615000e-04	1.016800e-46	2.097316e-46	1.358476e-46	8.442359e-47	8.814035e-47	3.095308e+09	7.035299e-47
1.617000e-04	1.020582e-46	2.105117e-46	1.363530e-46	8.473763e-47	8.846822e-47	2.759128e+09	7.061469e-47
1.619000e-04	1.024374e-46	2.112938e-46	1.368595e-46	8.505244e-47	8.879689e-47	2.284154e+09	7.087704e-47
1.621000e-04	1.028175e-46	2.120778e-46	1.373674e-46	8.536804e-47	8.912638e-47	1.967682e+09	7.114003e-47
1.623000e-04	1.031985e-46	2.128638e-46	1.378765e-46	8.568441e-47	8.945668e-47	1.636311e+09	7.140367e-47
1.625000e-04	1.035805e-46	2.136517e-46	1.383868e-46	8.600156e-47	8.978779e-47	1.366798e+09	7.166797e-47
1.627000e-04	1.039634e-46	2.144415e-46	1.388984e-46	8.631950e-47	9.011973e-47	1.154017e+09	7.193291e-47
1.629000e-04	1.043473e-46	2.152333e-46	1.394112e-46	8.663822e-47	9.045248e-47	1.024857e+09	7.219851e-47
1.631000e-04	1.047321e-46	2.160270e-46	1.399254e-46	8.695772e-47	9.078604e-47	8.425921e+08	7.246476e-47
1.633000e-04	1.051178e-46	2.168227e-46	1.404407e-46	8.727800e-47	9.112043e-47	7.224158e+08	7.273167e-47
1.635000e-04	1.055045e-46	2.176203e-46	1.409574e-46	8.759907e-47	9.145564e-47	5.923816e+08	7.299923e-47
1.637000e-04	1.058922e-46	2.184199e-46	1.414753e-46	8.792093e-47	9.179166e-47	5.060493e+08	7.326744e-47
1.639000e-04	1.062808e-46	2.192215e-46	1.419945e-46	8.824358e-47	9.212851e-47	4.390050e+08	7.353631e-47
1.641000e-04	1.066703e-46	2.200250e-46	1.425149e-46	8.856701e-47	9.246619e-47	3.504874e+08	7.380584e-47
1.643000e-04	1.070608e-46	2.208304e-46	1.430366e-46	8.889123e-47	9.280468e-47	3.103549e+08	7.407603e-47
1.645000e-04	1.074523e-46	2.216378e-46	1.435596e-46	8.921625e-47	9.314401e-47	2.501285e+08	7.434687e-47
1.647000e-04	1.078447e-46	2.224472e-46	1.440839e-46	8.954205e-47	9.348415e-47	2.243362e+08	7.461838e-47
1.649000e-04	1.082380e-46	2.232586e-46	1.446094e-46	8.986865e-47	9.382513e-47	1.825929e+08	7.489054e-47
1.651000e-04	1.086323e-46	2.240719e-46	1.451362e-46	9.019604e-47	9.416693e-47	1.494521e+08	7.516337e-47
1.653000e-04	1.090276e-46	2.248872e-46	1.456643e-46	9.052422e-47	9.450957e-47	1.316524e+08	7.543685e-47
1.655000e-04	1.094238e-46	2.257045e-46	1.461937e-46	9.085320e-47	9.485303e-47	1.083858e+08	7.571100e-47
1.657000e-04	1.098210e-46	2.265237e-46	1.467243e-46	9.118298e-47	9.519732e-47	9.249331e+07	7.598581e-47
1.659000e-04	1.102191e-46	2.273450e-46	1.472562e-46	9.151355e-47	9.554245e-47	7.488847e+07	7.626129e-47
1.661000e-04	1.106183e-46	2.281682e-46	1.477895e-46	9.184492e-47	9.588841e-47	6.401938e+07	7.653743e-47
1.663000e-04	1.110183e-46	2.289934e-46	1.483240e-46	9.217709e-47	9.623520e-47	5.534269e+07	7.681424e-47
1.665000e-04	1.114193e-46	2.298206e-46	1.488597e-46	9.251006e-47	9.658283e-47	4.476097e+07	7.709172e-47
1.667000e-04	1.118213e-46	2.306498e-46	1.493968e-46	9.284383e-47	9.693129e-47	3.685135e+07	7.736986e-47
1.669000e-04	1.122243e-46	2.314809e-46	1.499352e-46	9.317840e-47	9.728060e-47	3.227056e+07	7.764867e-47
1.671000e-04	1.126282e-46	2.323141e-46	1.504748e-46	9.351378e-47	9.763073e-47	2.647888e+07	7.792815e-47
1.673000e-04	1.130331e-46	2.331493e-46	1.510158e-46	9.384995e-47	9.798171e-47	2.150935e+07	7.820830e-47
1.675000e-04	1.134390e-46	2.339864e-46	1.515580e-46	9.418694e-47	9.833353e-47	1.885270e+07	7.848912e-47
1.677000e-04	1.138458e-46	2.348256e-46	1.521016e-46	9.452473e-47	9.868619e-47	1.535225e+07	7.877061e-47
1.679000e-04	1.142536e-46	2.356667e-46	1.526464e-46	9.486332e-47	9.903970e-47	1.313185e+07	7.905277e-47
1.681000e-04	1.146624e-46	2.365099e-46	1.531926e-46	9.520273e-47	9.939404e-47	1.055754e+07	7.933561e-47
1.683000e-04	1.150722e-46	2.373551e-46	1.537400e-46	9.554294e-47	9.974923e-47	8.948562e+06	7.961912e-47
1.685000e-04	1.154829e-46	2.382023e-46	1.542887e-46	9.588396e-47	1.001053e-46	7.636831e+06	7.990330e-47
1.687000e-04	1.158946e-46	2.390515e-46	1.548388e-46	9.622579e-47	1.004621e-46	6.212801e+06	8.018816e-47
1.689000e-04	1.163073e-46	2.399027e-46	1.553902e-46	9.656844e-47	1.008199e-46	5.031648e+06	8.047370e-47
1.691000e-04	1.167209e-46	2.407560e-46	1.559428e-46	9.691189e-47	1.011785e-46	4.407567e+06	8.075991e-47
1.693000e-04	1.171356e-46	2.416112e-46	1.564968e-46	9.725616e-47	1.015379e-46	3.541048e+06	8.104680e-47
1.695000e-04	1.175512e-46	2.424685e-46	1.570521e-46	9.760124e-47	1.018982e-46	2.995730e+06	8.133437e-47
1.697000e-04	1.179678e-46	2.433278e-46	1.576087e-46	9.794714e-47	1.022593e-46	2.421088e+06	8.162262e-47
1.699000e-04	1.183854e-46	2.441891e-46	1.581666e-46	9.829386e-47	1.026213e-46	2.091044e+06	8.191155e-47
1.701000e-04	1.188039e-46	2.450525e-46	1.587258e-46	9.864139e-47	1.029841e-46	1.729283e+06	8.220116e-47
1.703000e-04	1.192235e-46	2.459179e-46	1.592863e-46	9.898974e-47	1.033478e-46	1.386747e+06	8.249145e-47
1.705000e-04	1.196440e-46	2.467853e-46	1.598482e-46	9.933891e-47	1.037123e-46	1.197962e+06	8.278243e-47
1.707000e-04	1.200656e-46	2.476548e-46	1.604114e-46	9.968890e-47	1.040777e-46	9.709967e+05	8.307408e-47
1.709000e-04	1.204881e-46	2.485263e-46	1.609759e-46	1.000397e-46	1.044440e-46	7.810994e+05	8.336643e-47
1.711000e-04	1.209116e-46	2.493999e-46	1.615417e-46	1.003913e-46	1.048111e-46	6.841216e+05	8.365945e-47
1.713000e-04	1.213361e-46	2.502755e-46	1.621088e-46	1.007438e-46	1.051791e-46	5.473207e+05	8.395317e-47
1.715000e-04	1.217616e-46	2.511531e-46	1.626773e-46	1.010971e-46	1.055479e-46	4.431711e+05	8.424757e-47
1.717000e-04	1.221881e-46	2.520328e-46	1.632471e-46	1.014512e-46	1.059176e-46	3.797205e+05	8.454266e-47
1.719000e-04	1.226155e-46	2.529146e-46	1.638182e-46	1.018061e-46	1.062881e-46	3.140260e+05	8.483843e-47
1.721000e-04	1.230440e-46	2.537984e-46	1.643907e-46	1.021619e-46	1.066596e-46	2.490018e+05	8.513490e-47
1.723000e-04	1.234735e-46	2.546842e-46	1.649645e-46	1.025185e-46	1.070319e-46	2.125386e+05	8.543205e-47
1.725000e-04	1.239040e-46	2.555721e-46	1.655396e-46	1.028759e-46	1.074050e-46	1.748141e+05	8.572990e-47
1.727000e-04	1.243354e-46	2.564621e-46	1.661160e-46	1.032341e-46	1.077790e-46	1.387643e+05	8.602843e-47
1.729000e-04	1.247679e-46	2.573542e-46	1.666938e-46	1.035932e-46	1.081539e-46	1.195324e+05	8.632766e-47
1.731000e-04	1.252014e-46	2.582483e-46	1.672730e-46	1.039531e-46	1.085297e-46	9.655543e+04	8.662758e-47
1.733000e-04	1.256359e-46	2.591444e-46	1.678534e-46	1.043138e-46	1.089063e-46	7.700028e+04	8.692820e-47
1.735000e-04	1.260713e-46	2.600427e-46	1.684352e-46	1.046754e-46	1.092838e-46	6.609470e+04	8.722951e-47
1.737000e-04	1.265078e-46	2.609430e-46	1.690184e-46	1.050378e-46	1.096621e-46	5.323684e+04	8.753152e-47
1.739000e-04	1.269453e-46	2.618454e-46	1.696029e-46	1.054011e-46	1.100414e-46	4.261964e+04	8.783422e-47
1.741000e-04	1.273838e-46	2.627499e-46	1.701888e-46	1.057651e-46	1.104215e-46	3.701501e+04	8.813762e-47
1.743000e-04	1.278233e-46	2.636564e-46	1.707759e-46	1.061301e-46	1.108025e-46	2.938389e+04	8.844172e-47
1.745000e-04	1.282638e-46	2.645651e-46	1.713645e-46	1.064958e-46	1.111843e-46	2.341909e+04	8.874651e-47
1.747000e-04	1.287054e-46	2.654758e-46	1.719544e-46	1.068624e-46	1.115670e-46	1.989995e+04	8.905201e-47
1.749000e-04	1.291479e-46	2.663886e-46	1.725456e-46	1.072298e-46	1.119507e-46	1.631606e+04	8.935820e-47
1.751000e-04	1.295914e-46	2.673035e-46	1.731382e-46	1.075981e-46	1.123351e-46	1.274501e+04	8.966510e-47
1.753000e-04	1.300360e-46	2.682205e-46	1.737322e-46	1.079672e-46	1.127205e-46	1.100427e+04	8.997270e-47
1.755000e-04	1.304816e-46	2.691396e-46	1.743275e-46	1.083372e-46	1.131068e-46	8.723247e+03	9.028100e-47
1.757000e-04	1.309282e-46	2.700608e-46	1.749242e-46	1.087080e-46	1.134939e-46	6.879983e+03	9.059001e-47
1.759000e-04	1.313758e-46	2.709841e-46	1.755222e-46	1.090797e-46	1.138819e-46	5.938728e+03	9.089971e-47
1.761000e-04	1.318244e-46	2.719094e-46	1.761216e-46	1.094522e-46	1.142708e-46	4.702362e+03	9.121013e-47
1.763000e-04	1.322741e-46	2.728369e-46	1.767224e-46	1.098255e-46	1.146606e-46	3.778486e+03	9.152125e-47
1.765000e-04	1.327248e-46	2.737665e-46	1.773245e-46	1.101997e-46	1.150512e-46	3.201781e+03	9.183308e-47
1.767000e-04	1.331765e-46	2.746982e-46	1.779280e-46	1.105747e-46	1.154428e-46	2.560558e+03	9.214561e-47
1.769000e-04	1.336292e-46	2.756321e-46	1.785328e-46	1.109506e-46	1.158352e-46	2.009481e+03	9.245885e-47
1.771000e-04	1.340830e-46	2.765680e-46	1.791390e-46	1.113274e-46	1.162286e-46	1.717484e+03	9.277280e-47
1.773000e-04	1.345377e-46	2.775060e-46	1.797466e-46	1.117050e-46	1.166228e-46	1.343388e+03	9.308747e-47
1.775000e-04	1.349935e-46	2.784462e-46	1.803556e-46	1.120834e-46	1.170179e-46	1.072654e+03	9.340284e-47
1.777000e-04	1.354504e-46	2.793885e-46	1.809659e-46	1.124627e-46	1.174139e-46	9.042597e+02	9.371892e-47
1.779000e-04	1.359082e-46	2.803329e-46	1.815776e-46	1.128429e-46	1.178108e-46	7.168488e+02	9.403572e-47
1.781000e-04	1.363671e-46	2.812794e-46	1.821907e-46	1.132239e-46	1.182086e-46	5.926985e+02	9.435323e-47
1.783000e-04	1.368270e-46	2.822281e-46	1.828052e-46	1.136057e-46	1.186073e-46	4.671421e+02	9.467145e-47
1.785000e-04	1.372880e-46	2.831789e-46	1.834211e-46	1.139885e-46	1.190068e-46	3.692808e+02	9.499039e-47
1.787000e-04	1.377500e-46	2.841318e-46	1.840383e-46	1.143720e-46	1.194073e-46	3.122967e+02	9.531004e-47
1.789000e-04	1.382130e-46	2.850869e-46	1.846569e-46	1.147565e-46	1.198087e-46	2.462632e+02	9.563041e-47
1.791000e-04	1.386771e-46	2.860441e-46	1.852769e-46	1.151418e-46	1.202109e-46	1.944922e+02	9.595150e-47
1.793000e-04	1.391422e-46	2.870034e-46	1.858983e-46	1.155280e-46	1.206141e-46	1.644158e+02	9.627330e-47
1.795000e-04	1.396083e-46	2.879649e-46	1.865211e-46	1.159150e-46	1.210182e-46	1.290043e+02	9.659583e-47
1.797000e-04	1.400755e-46	2.889285e-46	1.871452e-46	1.163029e-46	1.214231e-46	1.007184e+02	9.691907e-47
1.799000e-04	1.405437e-46	2.898943e-46	1.877708e-46	1.166916e-46	1.218290e-46	8.528520e+01	9.724303e-47
1.801000e-04	1.410130e-46	2.908622e-46	1.883977e-46	1.170813e-46	1.222358e-46	6.632503e+01	9.756772e-47
1.803000e-04	1.414833e-46	2.918323e-46	1.890261e-46	1.174717e-46	1.226435e-46	5.219048e+01	9.789312e-47
1.805000e-04	1.419546e-46	2.928046e-46	1.896558e-46	1.178631e-46	1.230520e-46	4.426120e+01	9.821925e-47
1.807000e-04	1.424270e-46	2.937789e-46	1.902869e-46	1.182553e-46	1.234615e-46	3.418365e+01	9.854610e-47
1.809000e-04	1.429005e-46	2.947555e-46	1.909195e-46	1.186484e-46	1.238719e-46	2.685155e+01	9.887368e-47
1.811000e-04	1.433749e-46	2.957342e-46	1.915534e-46	1.190424e-46	1.242832e-46	2.251416e+01	9.920198e-47
1.813000e-04	1.438505e-46	2.967151e-46	1.921887e-46	1.194372e-46	1.246955e-46	1.777997e+01	9.953101e-47
1.815000e-04	1.443271e-46	2.976981e-46	1.928255e-46	1.198329e-46	1.251086e-46	1.375535e+01	9.986076e-47
1.817000e-04	1.448047e-46	2.986833e-46	1.934636e-46	1.202295e-46	1.255226e-46	1.153576e+01	1.001912e-46
1.819000e-04	1.452834e-46	2.996707e-46	1.941032e-46	1.206269e-46	1.259376e-46	8.989335e+00	1.005225e-46
1.821000e-04	1.457631e-46	3.006603e-46	1.947441e-46	1.210253e-46	1.263534e-46	6.955794e+00	1.008544e-46
1.823000e-04	1.462439e-46	3.016520e-46	1.953865e-46	1.214245e-46	1.267702e-46	5.846635e+00	1.011871e-46
1.825000e-04	1.467258e-46	3.026459e-46	1.960303e-46	1.218246e-46	1.271879e-46	4.506317e+00	1.015205e-46
1.827000e-04	1.472087e-46	3.036420e-46	1.966755e-46	1.222255e-46	1.276065e-46	3.654151e+00	1.018546e-46
1.829000e-04	1.476927e-46	3.046403e-46	1.973221e-46	1.226274e-46	1.280260e-46	2.850635e+00	1.021895e-46
1.831000e-04	1.481777e-46	3.056407e-46	1.979701e-46	1.230301e-46	1.284465e-46	2.206636e+00	1.025251e-46
1.833000e-04	1.486638e-46	3.066434e-46	1.986195e-46	1.234337e-46	1.288679e-46	1.851979e+00	1.028614e-46
1.835000e-04	1.491510e-46	3.076482e-46	1.992704e-46	1.238381e-46	1.292901e-46	1.415217e+00	1.031985e-46
1.837000e-04	1.496392e-46	3.086553e-46	1.999227e-46	1.242435e-46	1.297134e-46	1.097328e+00	1.035363e-46
1.839000e-04	1.501285e-46	3.096645e-46	2.005764e-46	1.246498e-46	1.301375e-46	9.376561e-01	1.038748e-46
1.841000e-04	1.506188e-46	3.106759e-46	2.012315e-46	1.250569e-46	1.305625e-46	6.865247e-01	1.042141e-46
1.843000e-04	1.511102e-46	3.116895e-46	2.018880e-46	1.254649e-46	1.309885e-46	5.687959e-01	1.045541e-46
1.845000e-04	1.516027e-46	3.127054e-46	2.025460e-46	1.258738e-46	1.314154e-46	4.431411e-01	1.048948e-46
1.847000e-04	1.520963e-46	3.137234e-46	2.032054e-46	1.262836e-46	1.318432e-46	3.401959e-01	1.052363e-46
1.849000e-04	1.525909e-46	3.147436e-46	2.038662e-46	1.266943e-46	1.322720e-46	2.804164e-01	1.055786e-46
1.851000e-04	1.530866e-46	3.157661e-46	2.045285e-46	1.271058e-46	1.327017e-46	2.158981e-01	1.059215e-46
1.853000e-04	1.535834e-46	3.167907e-46	2.051922e-46	1.275183e-46	1.331323e-46	1.665410e-01	1.062652e-46
1.855000e-04	1.540812e-46	3.178176e-46	2.058573e-46	1.279316e-46	1.335639e-46	1.367690e-01	1.066097e-46
1.857000e-04	1.545801e-46	3.188467e-46	2.065239e-46	1.283459e-46	1.339963e-46	1.054470e-01	1.069549e-46
1.859000e-04	1.550801e-46	3.198780e-46	2.071919e-46	1.287610e-46	1.344297e-46	8.055263e-02	1.073009e-46
1.861000e-04	1.555812e-46	3.209115e-46	2.078613e-46	1.291771e-46	1.348641e-46	6.660664e-02	1.076475e-46
1.863000e-04	1.560833e-46	3.219473e-46	2.085322e-46	1.295940e-46	1.352994e-46	4.947204e-02	1.079950e-46
1.865000e-04	1.565865e-46	3.229853e-46	2.092045e-46	1.300118e-46	1.357356e-46	3.997622e-02	1.083432e-46
1.867000e-04	1.570908e-46	3.240255e-46	2.098783e-46	1.304305e-46	1.361727e-46	3.032146e-02	1.086921e-46
1.869000e-04	1.575962e-46	3.250679e-46	2.105535e-46	1.308501e-46	1.366108e-46	2.492360e-02	1.090418e-46
1.871000e-04	1.581027e-46	3.261126e-46	2.112301e-46	1.312706e-46	1.370499e-46	1.914530e-02	1.093922e-46
1.873000e-04	1.586102e-46	3.271595e-46	2.119083e-46	1.316921e-46	1.374898e-46	1.451893e-02	1.097434e-46
1.875000e-04	1.591189e-46	3.282087e-46	2.125878e-46	1.321144e-46	1.379307e-46	1.189368e-02	1.100953e-46
1.877000e-04	1.596286e-46	3.292600e-46	2.132688e-46	1.325376e-46	1.383726e-46	9.014862e-03	1.104480e-46
1.879000e-04	1.601394e-46	3.303137e-46	2.139513e-46	1.329617e-46	1.388154e-46	6.862876e-03	1.108014e-46
1.881000e-04	1.606513e-46	3.313696e-46	2.146352e-46	1.333867e-46	1.392591e-46	5.582171e-03	1.111556e-46
1.883000e-04	1.611643e-46	3.324277e-46	2.153206e-46	1.338127e-46	1.397038e-46	4.215080e-03	1.115106e-46
1.885000e-04	1.616784e-46	3.334881e-46	2.160074e-46	1.342395e-46	1.401494e-46	3.338925e-03	1.118662e-46
1.887000e-04	1.621936e-46	3.345507e-46	2.166957e-46	1.346672e-46	1.405960e-46	2.545802e-03	1.122227e-46
