# number of size bins = 50
# 0:size [cm], masses (1:Al2O3, 2:Fe, 3:Fe3O4, 4:MgSiO3, 5:Mg2SiO4, 6:AC, 7:SiO2) [g]
1.000000e-07	4.470310e+23	0.000000e+00	0.000000e+00	7.834815e+18	1.957182e+20	4.480720e+26	5.340338e+19
1.151395e-07	8.834715e+22	0.000000e+00	0.000000e+00	4.433859e+13	2.828374e+17	7.511728e+26	1.704521e+14
1.325711e-07	2.749908e+00	0.000000e+00	0.000000e+00	1.136135e+05	1.439945e+13	1.494963e+27	6.532215e+07
1.526418e-07	0.000000e+00	0.000000e+00	0.000000e+00	2.174981e-09	8.028789e+06	1.721728e+27	9.106896e-06
1.757511e-07	0.000000e+00	0.000000e+00	0.000000e+00	2.858466e-17	1.550713e+02	4.160417e+27	9.706442e-14
2.023590e-07	0.000000e+00	0.000000e+00	0.000000e+00	0.000000e+00	0.000000e+00	2.270527e+27	3.226874e-25
2.329952e-07	2.276027e-11	0.000000e+00	1.433781e-28	7.939574e-29	0.000000e+00	1.160584e+26	0.000000e+00
2.682696e-07	0.000000e+00	0.000000e+00	0.000000e+00	0.000000e+00	0.000000e+00	7.820471e+24	0.000000e+00
3.088844e-07	0.000000e+00	0.000000e+00	0.000000e+00	0.000000e+00	0.000000e+00	1.294300e+25	0.000000e+00
3.556480e-07	0.000000e+00	0.000000e+00	5.074307e-28	2.230984e-28	3.308844e-28	3.513153e+25	0.000000e+00
4.094915e-07	0.000000e+00	0.000000e+00	0.000000e+00	0.000000e+00	0.000000e+00	5.318671e+24	0.000000e+00
4.714866e-07	0.000000e+00	0.000000e+00	9.747581e-32	0.000000e+00	5.861195e-28	0.000000e+00	0.000000e+00
5.428675e-07	0.000000e+00	0.000000e+00	0.000000e+00	0.000000e+00	0.000000e+00	1.890736e+25	0.000000e+00
6.250552e-07	0.000000e+00	0.000000e+00	0.000000e+00	0.000000e+00	0.000000e+00	1.661439e+11	0.000000e+00
7.196857e-07	0.000000e+00	0.000000e+00	0.000000e+00	0.000000e+00	0.000000e+00	6.256516e+11	0.000000e+00
8.286428e-07	0.000000e+00	0.000000e+00	0.000000e+00	0.000000e+00	0.000000e+00	8.392637e+11	0.000000e+00
9.540955e-07	0.000000e+00	0.000000e+00	0.000000e+00	0.000000e+00	0.000000e+00	6.778434e+09	0.000000e+00
1.098541e-06	0.000000e+00	0.000000e+00	0.000000e+00	0.000000e+00	0.000000e+00	4.057578e+07	0.000000e+00
1.264855e-06	0.000000e+00	0.000000e+00	0.000000e+00	0.000000e+00	0.000000e+00	1.633002e+08	0.000000e+00
1.456348e-06	0.000000e+00	1.060036e-25	0.000000e+00	0.000000e+00	0.000000e+00	2.082938e+05	0.000000e+00
1.676833e-06	0.000000e+00	0.000000e+00	0.000000e+00	0.000000e+00	0.000000e+00	3.083223e+01	0.000000e+00
1.930698e-06	0.000000e+00	0.000000e+00	0.000000e+00	0.000000e+00	0.000000e+00	1.099530e-03	0.000000e+00
2.222996e-06	1.451338e-25	0.000000e+00	0.000000e+00	0.000000e+00	0.000000e+00	0.000000e+00	0.000000e+00
2.559548e-06	0.000000e+00	0.000000e+00	0.000000e+00	0.000000e+00	0.000000e+00	0.000000e+00	0.000000e+00
2.947052e-06	0.000000e+00	0.000000e+00	0.000000e+00	0.000000e+00	0.000000e+00	0.000000e+00	0.000000e+00
3.393222e-06	0.000000e+00	0.000000e+00	0.000000e+00	0.000000e+00	0.000000e+00	0.000000e+00	0.000000e+00
3.906940e-06	0.000000e+00	0.000000e+00	0.000000e+00	0.000000e+00	0.000000e+00	0.000000e+00	0.000000e+00
4.498433e-06	0.000000e+00	0.000000e+00	0.000000e+00	0.000000e+00	0.000000e+00	0.000000e+00	0.000000e+00
5.179475e-06	0.000000e+00	0.000000e+00	0.000000e+00	0.000000e+00	0.000000e+00	0.000000e+00	0.000000e+00
5.963623e-06	0.000000e+00	0.000000e+00	0.000000e+00	0.000000e+00	0.000000e+00	0.000000e+00	0.000000e+00
6.866488e-06	0.000000e+00	0.000000e+00	0.000000e+00	0.000000e+00	0.000000e+00	0.000000e+00	0.000000e+00
7.906043e-06	0.000000e+00	0.000000e+00	0.000000e+00	0.000000e+00	0.000000e+00	0.000000e+00	0.000000e+00
9.102982e-06	0.000000e+00	0.000000e+00	0.000000e+00	0.000000e+00	0.000000e+00	0.000000e+00	0.000000e+00
1.048113e-05	0.000000e+00	0.000000e+00	0.000000e+00	0.000000e+00	0.000000e+00	0.000000e+00	0.000000e+00
1.206793e-05	0.000000e+00	0.000000e+00	0.000000e+00	0.000000e+00	0.000000e+00	0.000000e+00	0.000000e+00
1.389495e-05	0.000000e+00	0.000000e+00	0.000000e+00	0.000000e+00	0.000000e+00	0.000000e+00	0.000000e+00
1.599859e-05	0.000000e+00	0.000000e+00	0.000000e+00	0.000000e+00	0.000000e+00	0.000000e+00	0.000000e+00
1.842070e-05	0.000000e+00	0.000000e+00	0.000000e+00	0.000000e+00	0.000000e+00	0.000000e+00	0.000000e+00
2.120951e-05	0.000000e+00	0.000000e+00	0.000000e+00	0.000000e+00	0.000000e+00	0.000000e+00	0.000000e+00
2.442053e-05	0.000000e+00	0.000000e+00	0.000000e+00	0.000000e+00	0.000000e+00	0.000000e+00	0.000000e+00
2.811769e-05	0.000000e+00	0.000000e+00	0.000000e+00	0.000000e+00	0.000000e+00	0.000000e+00	0.000000e+00
3.237458e-05	0.000000e+00	0.000000e+00	0.000000e+00	0.000000e+00	0.000000e+00	0.000000e+00	0.000000e+00
3.727594e-05	0.000000e+00	0.000000e+00	0.000000e+00	0.000000e+00	0.000000e+00	0.000000e+00	0.000000e+00
4.291934e-05	0.000000e+00	0.000000e+00	0.000000e+00	0.000000e+00	0.000000e+00	0.000000e+00	0.000000e+00
4.941713e-05	0.000000e+00	0.000000e+00	0.000000e+00	0.000000e+00	0.000000e+00	0.000000e+00	0.000000e+00
5.689866e-05	0.000000e+00	0.000000e+00	0.000000e+00	0.000000e+00	0.000000e+00	0.000000e+00	0.000000e+00
6.551286e-05	0.000000e+00	0.000000e+00	0.000000e+00	0.000000e+00	0.000000e+00	0.000000e+00	0.000000e+00
7.543120e-05	0.000000e+00	0.000000e+00	0.000000e+00	0.000000e+00	0.000000e+00	0.000000e+00	0.000000e+00
8.685114e-05	0.000000e+00	0.000000e+00	0.000000e+00	0.000000e+00	0.000000e+00	0.000000e+00	0.000000e+00
1.000000e-04	0.000000e+00	0.000000e+00	0.000000e+00	0.000000e+00	0.000000e+00	0.000000e+00	0.000000e+00
