# number of size bins = 100
# 0:size [cm], masses (1:Al2O3, 2:Fe, 3:Fe3O4, 4:MgSiO3, 5:Mg2SiO4, 6:AC, 7:SiO2) [g]
1.000000e-08	2.413892e-59	4.979047e-59	3.225036e-59	2.004224e-59	2.092460e-59	1.386570e-59	1.670187e-59
1.094274e-08	3.162981e-59	6.524164e-59	4.225841e-59	2.626182e-59	2.741800e-59	1.816856e-59	2.188485e-59
1.197436e-08	4.144529e-59	8.548767e-59	5.537220e-59	3.441149e-59	3.592646e-59	2.380669e-59	2.867624e-59
1.310324e-08	5.430675e-59	1.120165e-58	7.255552e-59	4.509020e-59	4.707530e-59	1.132450e+20	3.757517e-59
1.433854e-08	7.115943e-59	1.467779e-58	9.507122e-59	5.908276e-59	6.168389e-59	3.201797e+18	4.923563e-59
1.569029e-08	9.324189e-59	1.923266e-58	1.245741e-58	7.741755e-59	8.082587e-59	2.922122e+22	6.451463e-59
1.716949e-08	1.221771e-58	2.520101e-58	1.632324e-58	1.014421e-58	1.059081e-58	4.753284e+20	8.453505e-59
1.878813e-08	1.600915e-58	3.302149e-58	2.138873e-58	1.329219e-58	1.387739e-58	1.443404e+19	1.107683e-58
2.055936e-08	2.097717e-58	9.060944e-30	2.802616e-58	1.741708e-58	1.818387e-58	3.755728e+18	1.451423e-58
2.249759e-08	2.748689e-58	1.297016e-42	3.672335e-58	2.282201e-58	2.382676e-58	5.652078e+19	7.639360e-43
2.461853e-08	3.601673e-58	7.429038e-58	4.811948e-58	5.752244e-43	3.122077e-58	3.817857e+20	1.114321e+07
2.693943e-08	4.719358e-58	9.734445e-58	6.305210e-58	3.918422e-58	1.011925e-32	1.669442e+07	8.829758e-42
2.947912e-08	1.569116e-42	1.275528e-57	8.261866e-58	7.068935e-43	1.319291e-32	4.040330e+04	4.500590e-42
3.225825e-08	2.858390e-43	1.671354e-57	1.082572e-57	8.330151e-44	2.529955e-40	1.375004e+02	4.662767e-41
3.529937e-08	1.061742e-57	2.190015e-57	1.418520e-57	5.858802e-42	4.818528e-40	3.018547e+02	4.784363e+08
3.862720e-08	1.391225e-57	2.869629e-57	1.858720e-57	1.155116e-57	1.205971e-57	3.376162e-06	1.792173e+09
4.226875e-08	1.822956e-57	3.760143e-57	2.435526e-57	1.513577e-57	1.580212e-57	4.987054e+18	4.032796e-42
4.625361e-08	2.388662e-57	4.927005e-57	3.191327e-57	1.983276e-57	2.070590e-57	1.372077e-57	1.652730e-57
5.061413e-08	3.129921e-57	6.455972e-57	4.181672e-57	2.598733e-57	2.713143e-57	1.797866e-57	2.165611e-57
5.538575e-08	9.734015e-42	8.459414e-57	3.047925e-41	3.405182e-57	3.555096e-57	2.355786e-57	2.837652e-57
6.060720e-08	5.373913e-57	1.108457e-56	7.179716e-57	4.461891e-57	4.658327e-57	3.086843e-57	3.718243e-57
6.632091e-08	7.041566e-57	5.882273e-28	9.407753e-57	5.846522e-57	6.103916e-57	4.044764e-57	4.872102e-57
7.257327e-08	1.102701e-40	1.903164e-56	1.232720e-56	7.660837e-57	7.998107e-57	5.299950e-57	6.384031e-57
7.941506e-08	7.075978e-42	5.248425e-28	1.615263e-56	1.003818e-56	1.048011e-56	6.944651e-57	4.542358e-41
8.690186e-08	1.027364e-40	3.267635e-56	2.116517e-56	1.315326e-56	1.373234e-56	9.099742e-57	1.096105e-56
9.509448e-08	2.075792e-56	4.281659e-56	2.773323e-56	1.723503e-56	1.799381e-56	1.192361e-56	1.436253e-56
1.040594e-07	2.719959e-56	5.610360e-56	3.633951e-56	2.258348e-56	2.357772e-56	1.562379e-56	1.881956e-56
1.138696e-07	3.564028e-56	7.351389e-56	4.761653e-56	2.959167e-56	3.089444e-56	2.047222e-56	2.465972e-56
1.246046e-07	4.670030e-56	9.044617e+20	6.239307e-56	3.877466e-56	4.048173e-56	3.080606e+14	3.231222e-56
1.363516e-07	6.119252e-56	1.262196e-55	8.175512e-56	5.080737e-56	5.304417e-56	3.514975e-56	4.233947e-56
1.492060e-07	8.018202e-56	2.878449e-40	1.071257e-55	6.657410e-56	6.950504e-56	4.605756e-56	1.210946e-40
1.632723e-07	1.050644e-55	2.167125e-55	1.403693e-55	8.723363e-56	9.107411e-56	4.082758e+23	7.269469e-56
1.786647e-07	1.376684e-55	2.839635e-55	1.839293e-55	1.143043e-55	1.193366e-55	9.958383e+22	9.525359e-56
1.955082e-07	1.329156e-39	4.022314e+21	2.410069e-55	1.497757e-55	1.563696e-55	1.036184e-55	2.178832e+10
2.139396e-07	2.363695e-55	4.875508e-55	3.157971e-55	1.962546e-55	2.048947e-55	1.357736e-55	1.635455e-55
2.341086e-07	3.097206e-55	6.388494e-55	4.137965e-55	2.571571e-55	2.684785e-55	2.914714e+15	6.313953e-40
2.561791e-07	4.058343e-55	8.370995e-55	5.422074e-55	3.369591e-55	3.517937e-55	1.200129e+22	2.040763e-39
2.803302e-07	1.760775e-40	1.096871e-54	7.104673e-55	4.415255e-55	4.609637e-55	4.771372e+15	3.679379e-55
3.067581e-07	6.967967e-55	1.437257e-54	9.309422e-55	5.785414e-55	5.278748e-39	1.040089e+24	4.821178e-55
3.356775e-07	9.130293e-55	2.091633e+22	1.219836e-54	7.580765e-55	1.938168e-29	1.524523e+22	6.317304e-55
3.673233e-07	1.196364e-54	9.431060e-26	1.598380e-54	5.510260e-39	1.037057e-54	4.228113e+15	8.277714e-55
4.019525e-07	1.248664e-38	3.233481e-54	2.094395e-54	9.500212e-39	1.358881e-54	1.436112e+17	8.109869e-40
4.398463e-07	3.110990e-38	2.717932e+23	2.744336e-54	1.705489e-54	1.780574e-54	5.547912e+21	1.421241e-54
4.813125e-07	1.015314e-38	5.551720e-54	3.595969e-54	2.234743e-54	2.333128e-54	8.237857e+24	1.862286e-54
5.266879e-07	4.280452e-38	5.679829e+22	4.711883e-54	2.928237e-54	3.057153e-54	7.298449e+24	2.604031e-38
5.763410e-07	3.334632e-39	1.082795e+23	6.174093e-54	3.836939e-54	4.005860e-54	3.145190e+24	1.426729e-38
6.306752e-07	6.055293e-54	1.596624e+24	5.832694e-38	5.027632e-54	5.248974e-54	2.101698e+23	2.982045e+09
6.901317e-07	1.084933e-37	2.358540e+23	1.060060e-53	6.587826e-54	6.877856e-54	9.551795e+24	4.416585e+09
7.551934e-07	7.864533e-38	3.324451e+23	1.389022e-53	8.632186e-54	9.012219e-54	5.421683e+22	2.660481e-38
8.263887e-07	6.915356e-38	1.336675e+03	1.820068e-53	1.131096e-53	1.180893e-53	6.548170e+25	8.510736e+09
9.042960e-07	2.877902e-37	3.662339e+23	2.384879e-53	1.482102e-53	1.547352e-53	2.661420e+25	1.953763e-37
9.895479e-07	6.767003e-37	5.162430e-26	3.124964e-53	4.779825e-28	2.027532e-53	1.758952e+25	6.796351e+11
1.082837e-06	6.640391e-37	1.927219e+24	4.094714e-53	7.408257e-38	5.598455e-38	2.961619e+24	2.234263e-37
1.184921e-06	1.154628e-36	8.255730e+24	5.365402e-53	3.334371e-53	3.481167e-53	1.203355e+26	2.798142e+10
1.296628e-06	9.355540e-37	6.504861e+23	7.030414e-53	4.369106e-53	5.441695e-37	4.102022e+26	1.051992e-37
1.418867e-06	2.353832e-36	1.508691e+22	5.268601e-37	5.724944e-53	5.976985e-53	6.640472e+26	4.873918e+12
1.552630e-06	2.908996e-36	4.434019e+20	1.207086e-52	1.887167e-36	7.831786e-53	2.112496e+26	3.076910e+10
1.699003e-06	4.007293e-36	1.322374e+13	1.287644e-36	9.829433e-53	1.102225e-36	1.145679e+27	3.255785e+12
1.859175e-06	4.537528e-36	3.343642e+13	2.072504e-52	5.380561e-37	1.344677e-52	1.847153e+27	1.005680e+11
2.034448e-06	8.873337e-36	2.358614e-03	2.464223e-36	1.687663e-52	1.761963e-52	3.123424e+26	2.808850e+11
2.226244e-06	2.945073e-35	2.195337e-23	2.008390e-36	2.211385e-52	5.625347e-27	1.534191e+27	3.697671e+12
2.436121e-06	8.745805e-36	7.198516e-52	2.764189e-36	2.897631e-52	3.025199e-52	7.287606e+26	2.783860e+13
2.665785e-06	4.397984e-35	3.990833e-36	6.109560e-52	3.796834e-52	3.404465e-36	6.246485e+27	1.765709e+13
2.917100e-06	5.008164e-35	1.235948e-51	8.005503e-52	1.218338e-26	5.194111e-52	3.518349e+27	9.928093e+11
3.192108e-06	5.123935e-35	1.619492e-51	7.230453e-36	6.518969e-52	6.805968e-52	5.979559e+27	1.262801e+12
3.493042e-06	6.373615e-35	1.132031e-35	1.374504e-51	1.845241e-35	8.918022e-52	2.792134e+28	1.035755e+12
3.822346e-06	3.762896e-35	1.199158e-35	1.641099e-35	1.119273e-51	2.832841e-26	2.501508e+28	1.277145e+12
4.182695e-06	8.615232e-35	3.643467e-51	2.359952e-51	1.466611e-51	1.313148e-35	1.999452e+28	3.347589e+12
4.577016e-06	1.327182e-34	6.430282e-35	7.687699e-26	4.682389e-26	2.006340e-51	2.946409e+28	2.404123e+12
5.008511e-06	1.847802e-34	9.526575e-35	4.051916e-51	2.518095e-51	6.340939e-26	5.148292e+28	5.006484e+11
5.480685e-06	2.748481e-34	2.994588e-35	4.954219e-35	3.299520e-51	8.270345e-35	7.014253e+28	5.009280e+12
5.997373e-06	1.956493e-34	1.629185e-34	6.956931e-51	1.048104e-25	4.513780e-51	1.935100e+29	7.038844e+11
6.562771e-06	1.903560e-34	1.407369e-50	2.254935e-25	5.665106e-51	5.206644e-35	2.914213e+29	1.059473e+13
7.181472e-06	3.619648e-34	3.472560e-34	1.194469e-50	1.790429e-25	7.749927e-51	2.165554e+29	2.236372e+13
7.858500e-06	9.666325e-34	2.416380e-50	5.684899e-34	9.726695e-51	9.124539e-35	7.589428e+29	6.069386e+13
8.599355e-06	6.434655e-35	8.843629e-34	5.047630e-25	1.274512e-50	1.330623e-50	9.348374e+29	1.709577e+13
9.410054e-06	6.663710e-34	6.087669e-34	2.155957e-34	3.935973e-34	1.743546e-50	6.003353e+29	3.129759e+14
1.029718e-05	1.072903e-33	8.665680e-34	8.622970e-25	2.188271e-50	2.284610e-50	1.240005e+30	1.823560e-50
1.126794e-05	1.826313e-33	4.231671e-34	1.124196e-24	2.867344e-50	2.993580e-50	8.632587e+29	5.531315e-25
1.233022e-05	1.278980e-33	1.853674e-33	6.045703e-50	3.757149e-50	1.839690e-24	8.150788e+29	3.130958e-50
1.349264e-05	2.193818e-33	6.609168e-33	3.831154e-24	4.923082e-50	1.195991e-24	6.539368e+29	4.102569e-50
1.476465e-05	3.627048e-33	2.895807e-33	8.215368e-34	4.526509e-24	1.559037e-24	9.183749e+29	5.375694e-50
1.615658e-05	5.269567e-33	1.496633e-33	1.033846e-33	1.956700e-24	8.824810e-50	2.403957e+30	7.043899e-50
1.767973e-05	8.191594e-33	6.152025e-33	1.782220e-49	1.107575e-49	1.156336e-49	1.435360e+30	9.229789e-50
1.934647e-05	7.185370e-33	2.150129e-32	5.462159e-24	1.451281e-49	1.515174e-49	3.694618e+30	1.209401e-49
2.117035e-05	2.028071e-32	4.016452e-33	1.420381e-23	1.901649e-49	1.985369e-49	3.337588e+30	1.584707e-49
2.316617e-05	6.335165e-33	1.449860e-32	4.009565e-49	2.491776e-49	2.601476e-49	3.029870e+30	2.076480e-49
2.535014e-05	2.715063e-32	4.022954e-23	5.253828e-49	3.265033e-49	3.408776e-49	1.927193e+30	2.720861e-49
2.774001e-05	3.245065e-32	5.218658e-23	6.884216e-49	4.278250e-49	4.466601e-49	2.836563e+29	3.565209e-49
3.035518e-05	4.375958e-32	1.012845e-22	9.020552e-49	5.605893e-49	5.852694e-49	1.570147e+29	4.671578e-49
3.321690e-05	2.199428e-23	1.824834e-48	1.181984e-48	7.345536e-49	7.668924e-49	4.409523e+28	6.121280e-49
3.634840e-05	1.138411e-22	1.109912e-22	1.548782e-48	9.625030e-49	1.004877e-48	3.357983e+20	8.020859e-49
3.977512e-05	7.346096e-23	3.133147e-48	2.029406e-48	1.261191e-48	1.316715e-48	7.144042e+19	1.050992e-48
4.352489e-05	9.238839e-23	4.105437e-48	2.659180e-48	1.652568e-48	1.725323e-48	6.253187e+18	1.377140e-48
4.762817e-05	2.608012e-48	5.379451e-48	3.484386e-48	2.165399e-48	2.260731e-48	1.498075e-48	1.804500e-48
5.211829e-05	3.417341e-48	7.048823e-48	4.565674e-48	2.837374e-48	2.962290e-48	1.962963e-48	2.364479e-48
5.703170e-05	4.477823e-48	9.236241e-48	5.982512e-48	3.717879e-48	3.881560e-48	2.572118e-48	3.098233e-48
6.240833e-05	5.867398e-48	1.210247e-47	7.839028e-48	4.871626e-48	5.086100e-48	3.370307e-48	4.059688e-48
6.829183e-05	7.688192e-48	1.585815e-47	1.027167e-47	6.383407e-48	6.664438e-48	4.416194e-48	5.319506e-48
7.473000e-05	1.007402e-47	2.077931e-47	1.345921e-47	8.364331e-48	8.732572e-48	5.786644e-48	6.970276e-48
