# number of size bins = 100
# 0:size [cm], masses (1:Al2O3, 2:Fe, 3:Fe3O4, 4:MgSiO3, 5:Mg2SiO4, 6:AC, 7:SiO2) [g]
1.000000e-07	2.757276e-14	0.000000e+00	0.000000e+00	1.306216e+22	6.653937e+22	1.216692e+26	1.777876e+21
1.072267e-07	2.460195e-18	0.000000e+00	0.000000e+00	1.102426e+21	6.210113e+22	1.324076e+26	2.380471e+17
1.149757e-07	1.633177e-24	0.000000e+00	0.000000e+00	1.045345e+20	6.721532e+22	2.307075e+26	1.053089e+14
1.232847e-07	0.000000e+00	0.000000e+00	0.000000e+00	8.503919e+18	2.003694e+22	1.470100e+26	6.108797e+10
1.321941e-07	0.000000e+00	0.000000e+00	0.000000e+00	8.244264e+17	1.071982e+23	4.901025e+26	6.524678e+08
1.417474e-07	0.000000e+00	0.000000e+00	0.000000e+00	2.925114e+12	3.214009e+22	3.311200e+26	3.655404e+01
1.519911e-07	0.000000e+00	0.000000e+00	0.000000e+00	2.376336e+10	1.453681e+22	3.453417e+26	6.765895e-07
1.629751e-07	0.000000e+00	0.000000e+00	0.000000e+00	1.316339e+08	4.777215e+21	2.721749e+26	3.407591e-10
1.747528e-07	0.000000e+00	0.000000e+00	0.000000e+00	1.249461e+04	3.627335e+21	6.004751e+26	1.705995e-12
1.873817e-07	0.000000e+00	0.000000e+00	0.000000e+00	0.000000e+00	2.573117e+19	7.946360e+26	7.843582e-18
2.009233e-07	0.000000e+00	0.000000e+00	0.000000e+00	0.000000e+00	0.000000e+00	3.757938e+26	4.930364e-31
2.154435e-07	0.000000e+00	0.000000e+00	0.000000e+00	0.000000e+00	0.000000e+00	2.917659e+26	1.952448e-35
2.310130e-07	0.000000e+00	0.000000e+00	0.000000e+00	0.000000e+00	0.000000e+00	1.573465e+24	5.265308e-29
2.477076e-07	0.000000e+00	0.000000e+00	0.000000e+00	0.000000e+00	0.000000e+00	0.000000e+00	0.000000e+00
2.656088e-07	0.000000e+00	0.000000e+00	0.000000e+00	0.000000e+00	0.000000e+00	0.000000e+00	0.000000e+00
2.848036e-07	0.000000e+00	0.000000e+00	0.000000e+00	0.000000e+00	0.000000e+00	0.000000e+00	1.085589e-28
3.053856e-07	0.000000e+00	0.000000e+00	0.000000e+00	0.000000e+00	0.000000e+00	4.115610e+21	0.000000e+00
3.274549e-07	0.000000e+00	0.000000e+00	0.000000e+00	0.000000e+00	0.000000e+00	3.715100e+17	1.755598e-28
3.511192e-07	0.000000e+00	0.000000e+00	0.000000e+00	0.000000e+00	0.000000e+00	0.000000e+00	0.000000e+00
3.764936e-07	0.000000e+00	0.000000e+00	0.000000e+00	0.000000e+00	0.000000e+00	0.000000e+00	0.000000e+00
4.037017e-07	0.000000e+00	0.000000e+00	0.000000e+00	0.000000e+00	0.000000e+00	0.000000e+00	0.000000e+00
4.328761e-07	0.000000e+00	0.000000e+00	0.000000e+00	0.000000e+00	0.000000e+00	0.000000e+00	0.000000e+00
4.641589e-07	0.000000e+00	0.000000e+00	0.000000e+00	0.000000e+00	0.000000e+00	8.605343e+17	0.000000e+00
4.977024e-07	0.000000e+00	0.000000e+00	0.000000e+00	0.000000e+00	0.000000e+00	3.086966e+22	0.000000e+00
5.336699e-07	0.000000e+00	0.000000e+00	0.000000e+00	0.000000e+00	0.000000e+00	1.721632e+18	0.000000e+00
5.722368e-07	0.000000e+00	0.000000e+00	0.000000e+00	0.000000e+00	0.000000e+00	0.000000e+00	0.000000e+00
6.135907e-07	0.000000e+00	0.000000e+00	0.000000e+00	0.000000e+00	0.000000e+00	1.955216e+17	0.000000e+00
6.579332e-07	0.000000e+00	0.000000e+00	0.000000e+00	0.000000e+00	0.000000e+00	0.000000e+00	0.000000e+00
7.054802e-07	0.000000e+00	0.000000e+00	0.000000e+00	0.000000e+00	0.000000e+00	3.162065e+17	0.000000e+00
7.564633e-07	0.000000e+00	0.000000e+00	0.000000e+00	0.000000e+00	0.000000e+00	4.011113e+17	0.000000e+00
8.111308e-07	0.000000e+00	0.000000e+00	0.000000e+00	0.000000e+00	0.000000e+00	4.506250e+17	0.000000e+00
8.697490e-07	0.000000e+00	0.000000e+00	0.000000e+00	0.000000e+00	0.000000e+00	0.000000e+00	0.000000e+00
9.326033e-07	0.000000e+00	0.000000e+00	0.000000e+00	0.000000e+00	0.000000e+00	4.221387e+16	0.000000e+00
1.000000e-06	0.000000e+00	0.000000e+00	0.000000e+00	0.000000e+00	0.000000e+00	5.354942e+16	0.000000e+00
1.072267e-06	0.000000e+00	0.000000e+00	0.000000e+00	0.000000e+00	0.000000e+00	1.872647e+17	0.000000e+00
1.149757e-06	0.000000e+00	0.000000e+00	0.000000e+00	0.000000e+00	0.000000e+00	0.000000e+00	0.000000e+00
1.232847e-06	0.000000e+00	0.000000e+00	0.000000e+00	0.000000e+00	0.000000e+00	2.316697e+15	0.000000e+00
1.321941e-06	0.000000e+00	0.000000e+00	0.000000e+00	2.510474e-26	1.393667e-26	5.862854e+15	0.000000e+00
1.417474e-06	0.000000e+00	0.000000e+00	2.425350e-26	4.644854e-26	5.074986e-26	6.553474e+15	0.000000e+00
1.519911e-06	0.000000e+00	0.000000e+00	6.137822e-26	0.000000e+00	1.966224e-26	7.824215e+13	0.000000e+00
1.629751e-06	0.000000e+00	0.000000e+00	6.860832e-26	0.000000e+00	0.000000e+00	2.859180e+14	0.000000e+00
1.747528e-06	0.000000e+00	0.000000e+00	0.000000e+00	0.000000e+00	0.000000e+00	1.449665e+12	0.000000e+00
1.873817e-06	0.000000e+00	0.000000e+00	0.000000e+00	0.000000e+00	0.000000e+00	3.232839e+12	0.000000e+00
2.009233e-06	0.000000e+00	0.000000e+00	0.000000e+00	0.000000e+00	0.000000e+00	2.211794e+10	0.000000e+00
2.154435e-06	0.000000e+00	0.000000e+00	0.000000e+00	0.000000e+00	0.000000e+00	2.475065e+10	0.000000e+00
2.310130e-06	0.000000e+00	0.000000e+00	0.000000e+00	0.000000e+00	0.000000e+00	1.266056e+08	0.000000e+00
2.477076e-06	0.000000e+00	8.924076e-25	0.000000e+00	0.000000e+00	0.000000e+00	8.137067e+04	0.000000e+00
2.656088e-06	0.000000e+00	2.561284e-25	0.000000e+00	0.000000e+00	0.000000e+00	0.000000e+00	0.000000e+00
2.848036e-06	0.000000e+00	0.000000e+00	0.000000e+00	0.000000e+00	0.000000e+00	1.144198e+01	0.000000e+00
3.053856e-06	4.108337e-25	0.000000e+00	0.000000e+00	0.000000e+00	0.000000e+00	1.185444e-04	0.000000e+00
3.274549e-06	6.871274e-25	0.000000e+00	0.000000e+00	0.000000e+00	0.000000e+00	0.000000e+00	0.000000e+00
3.511192e-06	0.000000e+00	0.000000e+00	0.000000e+00	0.000000e+00	0.000000e+00	0.000000e+00	0.000000e+00
3.764936e-06	0.000000e+00	0.000000e+00	0.000000e+00	0.000000e+00	0.000000e+00	0.000000e+00	0.000000e+00
4.037017e-06	0.000000e+00	0.000000e+00	0.000000e+00	0.000000e+00	0.000000e+00	0.000000e+00	0.000000e+00
4.328761e-06	0.000000e+00	0.000000e+00	0.000000e+00	0.000000e+00	0.000000e+00	0.000000e+00	0.000000e+00
4.641589e-06	0.000000e+00	0.000000e+00	0.000000e+00	0.000000e+00	0.000000e+00	0.000000e+00	0.000000e+00
4.977024e-06	0.000000e+00	0.000000e+00	0.000000e+00	0.000000e+00	0.000000e+00	0.000000e+00	0.000000e+00
5.336699e-06	0.000000e+00	0.000000e+00	0.000000e+00	0.000000e+00	0.000000e+00	0.000000e+00	0.000000e+00
5.722368e-06	0.000000e+00	0.000000e+00	0.000000e+00	0.000000e+00	0.000000e+00	0.000000e+00	0.000000e+00
6.135907e-06	0.000000e+00	0.000000e+00	0.000000e+00	0.000000e+00	0.000000e+00	0.000000e+00	0.000000e+00
6.579332e-06	0.000000e+00	0.000000e+00	0.000000e+00	0.000000e+00	0.000000e+00	0.000000e+00	0.000000e+00
7.054802e-06	0.000000e+00	0.000000e+00	0.000000e+00	0.000000e+00	0.000000e+00	0.000000e+00	0.000000e+00
7.564633e-06	0.000000e+00	0.000000e+00	0.000000e+00	0.000000e+00	0.000000e+00	0.000000e+00	0.000000e+00
8.111308e-06	0.000000e+00	0.000000e+00	0.000000e+00	0.000000e+00	0.000000e+00	0.000000e+00	0.000000e+00
8.697490e-06	0.000000e+00	0.000000e+00	0.000000e+00	0.000000e+00	0.000000e+00	0.000000e+00	0.000000e+00
9.326033e-06	0.000000e+00	0.000000e+00	0.000000e+00	0.000000e+00	0.000000e+00	0.000000e+00	0.000000e+00
1.000000e-05	0.000000e+00	0.000000e+00	0.000000e+00	0.000000e+00	0.000000e+00	0.000000e+00	0.000000e+00
1.072267e-05	0.000000e+00	0.000000e+00	0.000000e+00	0.000000e+00	0.000000e+00	0.000000e+00	0.000000e+00
1.149757e-05	0.000000e+00	0.000000e+00	0.000000e+00	0.000000e+00	0.000000e+00	0.000000e+00	0.000000e+00
1.232847e-05	0.000000e+00	0.000000e+00	0.000000e+00	0.000000e+00	0.000000e+00	0.000000e+00	0.000000e+00
1.321941e-05	0.000000e+00	0.000000e+00	0.000000e+00	0.000000e+00	0.000000e+00	0.000000e+00	0.000000e+00
1.417474e-05	0.000000e+00	0.000000e+00	0.000000e+00	0.000000e+00	0.000000e+00	0.000000e+00	0.000000e+00
1.519911e-05	0.000000e+00	0.000000e+00	0.000000e+00	0.000000e+00	0.000000e+00	0.000000e+00	0.000000e+00
1.629751e-05	0.000000e+00	0.000000e+00	0.000000e+00	0.000000e+00	0.000000e+00	0.000000e+00	0.000000e+00
1.747528e-05	0.000000e+00	0.000000e+00	0.000000e+00	0.000000e+00	0.000000e+00	0.000000e+00	0.000000e+00
1.873817e-05	0.000000e+00	0.000000e+00	0.000000e+00	0.000000e+00	0.000000e+00	0.000000e+00	0.000000e+00
2.009233e-05	0.000000e+00	0.000000e+00	0.000000e+00	0.000000e+00	0.000000e+00	0.000000e+00	0.000000e+00
2.154435e-05	0.000000e+00	0.000000e+00	0.000000e+00	0.000000e+00	0.000000e+00	0.000000e+00	0.000000e+00
2.310130e-05	0.000000e+00	0.000000e+00	0.000000e+00	0.000000e+00	0.000000e+00	0.000000e+00	0.000000e+00
2.477076e-05	0.000000e+00	0.000000e+00	0.000000e+00	0.000000e+00	0.000000e+00	0.000000e+00	0.000000e+00
2.656088e-05	0.000000e+00	0.000000e+00	0.000000e+00	0.000000e+00	0.000000e+00	0.000000e+00	0.000000e+00
2.848036e-05	0.000000e+00	0.000000e+00	0.000000e+00	0.000000e+00	0.000000e+00	0.000000e+00	0.000000e+00
3.053856e-05	0.000000e+00	0.000000e+00	0.000000e+00	0.000000e+00	0.000000e+00	0.000000e+00	0.000000e+00
3.274549e-05	0.000000e+00	0.000000e+00	0.000000e+00	0.000000e+00	0.000000e+00	0.000000e+00	0.000000e+00
3.511192e-05	0.000000e+00	0.000000e+00	0.000000e+00	0.000000e+00	0.000000e+00	0.000000e+00	0.000000e+00
3.764936e-05	0.000000e+00	0.000000e+00	0.000000e+00	0.000000e+00	0.000000e+00	0.000000e+00	0.000000e+00
4.037017e-05	0.000000e+00	0.000000e+00	0.000000e+00	0.000000e+00	0.000000e+00	0.000000e+00	0.000000e+00
4.328761e-05	0.000000e+00	0.000000e+00	0.000000e+00	0.000000e+00	0.000000e+00	0.000000e+00	0.000000e+00
4.641589e-05	0.000000e+00	0.000000e+00	0.000000e+00	0.000000e+00	0.000000e+00	0.000000e+00	0.000000e+00
4.977024e-05	0.000000e+00	0.000000e+00	0.000000e+00	0.000000e+00	0.000000e+00	0.000000e+00	0.000000e+00
5.336699e-05	0.000000e+00	0.000000e+00	0.000000e+00	0.000000e+00	0.000000e+00	0.000000e+00	0.000000e+00
5.722368e-05	0.000000e+00	0.000000e+00	0.000000e+00	0.000000e+00	0.000000e+00	0.000000e+00	0.000000e+00
6.135907e-05	0.000000e+00	0.000000e+00	0.000000e+00	0.000000e+00	0.000000e+00	0.000000e+00	0.000000e+00
6.579332e-05	0.000000e+00	0.000000e+00	0.000000e+00	0.000000e+00	0.000000e+00	0.000000e+00	0.000000e+00
7.054802e-05	0.000000e+00	0.000000e+00	0.000000e+00	0.000000e+00	0.000000e+00	0.000000e+00	0.000000e+00
7.564633e-05	0.000000e+00	0.000000e+00	0.000000e+00	0.000000e+00	0.000000e+00	0.000000e+00	0.000000e+00
8.111308e-05	0.000000e+00	0.000000e+00	0.000000e+00	0.000000e+00	0.000000e+00	0.000000e+00	0.000000e+00
8.697490e-05	0.000000e+00	0.000000e+00	0.000000e+00	0.000000e+00	0.000000e+00	0.000000e+00	0.000000e+00
9.326033e-05	0.000000e+00	0.000000e+00	0.000000e+00	0.000000e+00	0.000000e+00	0.000000e+00	0.000000e+00
1.000000e-04	0.000000e+00	0.000000e+00	0.000000e+00	0.000000e+00	0.000000e+00	0.000000e+00	0.000000e+00
