# number of size bins = 50
# 0:size [cm], masses (1:Al2O3, 2:Fe, 3:Fe3O4, 4:MgSiO3, 5:Mg2SiO4, 6:AC, 7:SiO2) [g]
1.000000e-07	0.000000e+00	4.344683e+24	0.000000e+00	0.000000e+00	0.000000e+00	9.293830e+04	0.000000e+00
1.151395e-07	0.000000e+00	1.149467e+25	0.000000e+00	0.000000e+00	0.000000e+00	5.387448e-02	0.000000e+00
1.325711e-07	0.000000e+00	8.661917e+22	0.000000e+00	0.000000e+00	0.000000e+00	8.018331e-13	0.000000e+00
1.526418e-07	0.000000e+00	2.756234e+25	0.000000e+00	0.000000e+00	0.000000e+00	0.000000e+00	0.000000e+00
1.757511e-07	0.000000e+00	4.198397e+25	0.000000e+00	0.000000e+00	0.000000e+00	0.000000e+00	0.000000e+00
2.023590e-07	5.529507e-32	3.964664e+25	0.000000e+00	0.000000e+00	0.000000e+00	0.000000e+00	0.000000e+00
2.329952e-07	0.000000e+00	9.246008e+25	0.000000e+00	0.000000e+00	0.000000e+00	0.000000e+00	0.000000e+00
2.682696e-07	0.000000e+00	1.940985e+26	0.000000e+00	0.000000e+00	0.000000e+00	0.000000e+00	0.000000e+00
3.088844e-07	0.000000e+00	4.574364e+26	0.000000e+00	0.000000e+00	0.000000e+00	0.000000e+00	0.000000e+00
3.556480e-07	0.000000e+00	6.887849e+26	0.000000e+00	0.000000e+00	0.000000e+00	0.000000e+00	0.000000e+00
4.094915e-07	0.000000e+00	2.542410e+26	0.000000e+00	0.000000e+00	0.000000e+00	0.000000e+00	0.000000e+00
4.714866e-07	0.000000e+00	1.964901e+27	0.000000e+00	0.000000e+00	0.000000e+00	0.000000e+00	0.000000e+00
5.428675e-07	0.000000e+00	2.391847e+27	0.000000e+00	0.000000e+00	0.000000e+00	0.000000e+00	0.000000e+00
6.250552e-07	0.000000e+00	4.819253e+27	0.000000e+00	0.000000e+00	0.000000e+00	0.000000e+00	0.000000e+00
7.196857e-07	0.000000e+00	1.062006e+28	0.000000e+00	0.000000e+00	0.000000e+00	0.000000e+00	0.000000e+00
8.286428e-07	0.000000e+00	1.902774e+28	0.000000e+00	0.000000e+00	0.000000e+00	0.000000e+00	0.000000e+00
9.540955e-07	0.000000e+00	2.760696e+28	0.000000e+00	0.000000e+00	0.000000e+00	0.000000e+00	0.000000e+00
1.098541e-06	0.000000e+00	5.012799e+28	0.000000e+00	0.000000e+00	0.000000e+00	0.000000e+00	0.000000e+00
1.264855e-06	0.000000e+00	8.032736e+28	0.000000e+00	0.000000e+00	0.000000e+00	0.000000e+00	0.000000e+00
1.456348e-06	0.000000e+00	1.492412e+29	0.000000e+00	0.000000e+00	0.000000e+00	0.000000e+00	0.000000e+00
1.676833e-06	0.000000e+00	2.033918e+29	0.000000e+00	0.000000e+00	0.000000e+00	0.000000e+00	0.000000e+00
1.930698e-06	0.000000e+00	3.031820e+29	0.000000e+00	0.000000e+00	0.000000e+00	0.000000e+00	0.000000e+00
2.222996e-06	0.000000e+00	4.160970e+29	0.000000e+00	0.000000e+00	0.000000e+00	0.000000e+00	0.000000e+00
2.559548e-06	0.000000e+00	2.270477e+29	0.000000e+00	0.000000e+00	0.000000e+00	0.000000e+00	0.000000e+00
2.947052e-06	0.000000e+00	2.577263e+29	0.000000e+00	0.000000e+00	0.000000e+00	0.000000e+00	0.000000e+00
3.393222e-06	0.000000e+00	2.931029e+29	0.000000e+00	0.000000e+00	0.000000e+00	0.000000e+00	0.000000e+00
3.906940e-06	0.000000e+00	1.891604e+29	0.000000e+00	0.000000e+00	0.000000e+00	3.814175e-33	0.000000e+00
4.498433e-06	0.000000e+00	1.353900e+29	0.000000e+00	0.000000e+00	0.000000e+00	6.616151e-20	0.000000e+00
5.179475e-06	0.000000e+00	8.053970e+28	0.000000e+00	0.000000e+00	0.000000e+00	3.995066e-11	0.000000e+00
5.963623e-06	0.000000e+00	7.457743e+28	0.000000e+00	0.000000e+00	0.000000e+00	1.446706e-03	0.000000e+00
6.866488e-06	0.000000e+00	1.342086e+28	0.000000e+00	0.000000e+00	0.000000e+00	3.831478e+05	0.000000e+00
7.906043e-06	0.000000e+00	1.399666e+28	0.000000e+00	0.000000e+00	0.000000e+00	1.138596e+08	0.000000e+00
9.102982e-06	0.000000e+00	1.218146e+27	0.000000e+00	0.000000e+00	0.000000e+00	1.715475e+11	0.000000e+00
1.048113e-05	0.000000e+00	5.951113e+26	0.000000e+00	0.000000e+00	0.000000e+00	1.804968e+16	0.000000e+00
1.206793e-05	0.000000e+00	4.833118e+25	0.000000e+00	0.000000e+00	0.000000e+00	1.416095e+20	0.000000e+00
1.389495e-05	0.000000e+00	9.574729e+23	0.000000e+00	0.000000e+00	0.000000e+00	1.874766e+24	0.000000e+00
1.599859e-05	0.000000e+00	3.487758e+21	0.000000e+00	0.000000e+00	0.000000e+00	8.388914e+28	0.000000e+00
1.842070e-05	0.000000e+00	2.874045e+18	0.000000e+00	0.000000e+00	0.000000e+00	1.307329e+29	0.000000e+00
2.120951e-05	0.000000e+00	5.736222e+09	0.000000e+00	0.000000e+00	0.000000e+00	7.170569e+29	0.000000e+00
2.442053e-05	0.000000e+00	0.000000e+00	0.000000e+00	0.000000e+00	0.000000e+00	5.998852e+29	0.000000e+00
2.811769e-05	0.000000e+00	0.000000e+00	0.000000e+00	0.000000e+00	0.000000e+00	3.662948e+30	0.000000e+00
3.237458e-05	0.000000e+00	1.050193e-19	0.000000e+00	0.000000e+00	0.000000e+00	8.659090e+30	0.000000e+00
3.727594e-05	0.000000e+00	0.000000e+00	0.000000e+00	0.000000e+00	0.000000e+00	4.326982e+30	0.000000e+00
4.291934e-05	0.000000e+00	0.000000e+00	0.000000e+00	0.000000e+00	0.000000e+00	3.064880e+30	0.000000e+00
4.941713e-05	0.000000e+00	0.000000e+00	0.000000e+00	0.000000e+00	0.000000e+00	0.000000e+00	0.000000e+00
5.689866e-05	0.000000e+00	0.000000e+00	0.000000e+00	0.000000e+00	0.000000e+00	8.478091e+21	0.000000e+00
6.551286e-05	0.000000e+00	0.000000e+00	0.000000e+00	0.000000e+00	0.000000e+00	1.413697e+20	0.000000e+00
7.543120e-05	0.000000e+00	0.000000e+00	0.000000e+00	0.000000e+00	0.000000e+00	0.000000e+00	0.000000e+00
8.685114e-05	4.936865e-21	0.000000e+00	0.000000e+00	3.331401e-21	3.478066e-21	5.657415e-21	1.384928e+04
1.000000e-04	0.000000e+00	0.000000e+00	0.000000e+00	0.000000e+00	0.000000e+00	0.000000e+00	0.000000e+00
