# number of size bins = 100
# 0:size [cm], masses (1:Al2O3, 2:Fe, 3:Fe3O4, 4:MgSiO3, 5:Mg2SiO4, 6:AC, 7:SiO2) [g]
1.000000e-08	2.413892e-59	4.979047e-59	3.225036e-59	2.004224e-59	2.092460e-59	1.386570e-59	1.670187e-59
1.091532e-08	3.139257e-59	6.475229e-59	4.194145e-59	2.606485e-59	2.721235e-59	1.803228e-59	2.172070e-59
1.191441e-08	4.082590e-59	8.421007e-59	5.454468e-59	3.389722e-59	3.538955e-59	2.345091e-59	2.824768e-59
1.300496e-08	5.309390e-59	1.095148e-58	7.093511e-59	4.408319e-59	4.602396e-59	2.481620e+06	3.673599e-59
1.419532e-08	6.904839e-59	1.424236e-58	9.225081e-59	5.732999e-59	5.985395e-59	2.836105e+06	4.777499e-59
1.549464e-08	8.979713e-59	1.852212e-58	1.199718e-58	7.455741e-59	7.783981e-59	4.614577e+06	6.213117e-59
1.691289e-08	1.167808e-58	2.408794e-58	1.560228e-58	9.696159e-59	1.012303e-58	2.867041e+06	8.080132e-59
1.846095e-08	1.518729e-58	3.132626e-58	2.029069e-58	1.260981e-58	1.316496e-58	3.040183e+06	1.050818e-58
2.015071e-08	1.975100e-58	4.073967e-58	2.638796e-58	1.639901e-58	1.712098e-58	2.977422e+06	1.366584e-58
2.199514e-08	1.205240e+23	5.298176e-58	3.431743e-58	2.132684e-58	2.226575e-58	1.867141e+06	1.316141e+12
2.400839e-08	1.612045e+23	6.890255e-58	4.462967e-58	3.006473e+17	2.895652e-58	5.538641e+21	5.462833e+13
2.620592e-08	8.821960e+22	8.960747e-58	9.346316e+23	1.777842e+16	1.135705e+24	4.746978e+14	4.985144e+13
2.860458e-08	7.856902e+22	1.165341e-57	2.402333e+24	5.888248e+16	2.988977e+24	1.580293e+11	2.796445e+13
3.122281e-08	1.675235e+22	1.515521e-57	2.922007e+24	8.285881e+16	5.530914e+23	8.117912e+11	2.776337e+13
3.408068e-08	1.547497e+19	1.970929e-57	5.298951e+24	7.224343e+16	1.239999e+25	2.228373e+20	9.603566e+11
3.720014e-08	1.242658e-57	2.563185e-57	3.807067e+25	4.120184e+16	5.931350e+27	1.557781e+10	4.171624e+11
4.060513e-08	1.616071e-57	3.333410e-57	1.441294e+24	3.633775e+15	1.706158e+26	1.001846e+03	2.612314e-01
4.432178e-08	2.101694e-57	4.335086e-57	4.707489e+14	4.108743e+15	1.962313e+26	1.781650e+01	1.076756e-05
4.837862e-08	2.733243e-57	5.637760e-57	1.792416e+12	6.138745e+15	3.065985e+26	8.835607e-01	2.367291e-05
5.280679e-08	3.554571e-57	7.331883e-57	7.709241e+09	7.260534e+15	1.683263e+26	1.306616e+04	6.361458e-11
5.764028e-08	4.622704e-57	9.535082e-57	1.621159e-02	7.328960e+15	8.866000e+25	1.074676e-10	8.072221e-17
6.291618e-08	6.011807e-57	1.240033e-56	8.031962e-57	2.504433e+15	1.816224e+25	1.283280e-23	1.020964e-23
6.867500e-08	7.818329e-57	1.612658e-56	1.044553e-56	3.944655e+15	2.515169e+25	3.096287e-24	8.899844e-29
7.496093e-08	1.016770e-56	2.097255e-56	1.358437e-56	2.556645e+16	4.640898e+25	7.978455e-34	1.936350e-35
8.182223e-08	1.322305e-56	2.727471e-56	1.766641e-56	3.306404e+16	8.997813e+25	5.180599e-40	6.406640e-37
8.931154e-08	1.719652e-56	3.547064e-56	2.297509e-56	3.581532e+13	2.076715e+26	9.877899e-57	1.189838e-56
9.748637e-08	2.236400e-56	4.612941e-56	2.987901e-56	1.879902e+12	5.406976e+23	1.284616e-56	1.547379e-56
1.064094e-07	2.908429e-56	5.999110e-56	3.885752e-56	4.178741e+11	5.802081e+22	1.670638e-56	2.012360e-56
1.161493e-07	3.782400e-56	7.801816e-56	5.053404e-56	3.769444e+09	3.278738e-56	2.172658e-56	2.617065e-56
1.267806e-07	4.918994e-56	1.014623e-55	6.571930e-56	4.084178e-56	4.263985e-56	2.825532e-56	3.403482e-56
1.383850e-07	6.397131e-56	1.319513e-55	8.546767e-56	5.311456e-56	5.545293e-56	3.674592e-56	4.426213e-56
1.510516e-07	8.319441e-56	1.716020e-55	1.111503e-55	6.907525e-56	7.211630e-56	4.778791e-56	5.756271e-56
1.648776e-07	1.081940e-55	2.231677e-55	1.445505e-55	8.983207e-56	9.378694e-56	6.214797e-56	7.486006e-56
1.799691e-07	1.407058e-55	2.902286e-55	1.879873e-55	1.168262e-55	1.219695e-55	8.082317e-56	9.735518e-56
1.964420e-07	1.829873e-55	3.774411e-55	2.444767e-55	1.519320e-55	1.586208e-55	1.051102e-55	1.266100e-55
2.144226e-07	2.379741e-55	4.908605e-55	3.179409e-55	1.975869e-55	2.062857e-55	8.257000e+23	1.646557e-55
2.340491e-07	3.094843e-55	6.383620e-55	4.134808e-55	2.569609e-55	2.682736e-55	1.777717e-55	2.141341e-55
2.554720e-07	4.024831e-55	8.301870e-55	5.377300e-55	3.341765e-55	3.488887e-55	2.311913e-55	2.784804e-55
2.788557e-07	5.234275e-55	1.079655e-54	6.993155e-55	4.345951e-55	4.537282e-55	3.006633e-55	3.621626e-55
3.043798e-07	6.807152e-55	1.404086e-54	9.094568e-55	5.651891e-55	5.900716e-55	3.910113e-55	4.709909e-55
3.322402e-07	8.852671e-55	1.826008e-54	1.182745e-54	7.350260e-55	7.673856e-55	5.085085e-55	6.125216e-55
3.626506e-07	1.151286e-54	2.374715e-54	1.538154e-54	9.558981e-55	9.979816e-55	7.839700e+00	7.965817e-55
3.958446e-07	1.497243e-54	3.088307e-54	2.000363e-54	1.243141e-54	1.297871e-54	8.600349e-55	1.035951e-54
4.320769e-07	1.947157e-54	4.016330e-54	2.601463e-54	1.616700e-54	1.687875e-54	2.085757e+01	1.347250e-54
4.716256e-07	2.532270e-54	5.223220e-54	3.383192e-54	2.102511e-54	2.195075e-54	9.085143e+16	1.752093e-54
5.147942e-07	3.293206e-54	6.792775e-54	4.399826e-54	2.734307e-54	2.854685e-54	2.871604e+24	2.278589e-54
5.619141e-07	4.282800e-54	8.833974e-54	5.721955e-54	3.555954e-54	3.712505e-54	6.194429e+18	2.963295e-54
6.133470e-07	5.569763e-54	1.148854e-53	7.441378e-54	4.624503e-54	4.828097e-54	3.199342e-54	3.853752e-54
6.694877e-07	7.243452e-54	1.494080e-53	9.677479e-54	6.014146e-54	6.278920e-54	4.160730e-54	5.011788e-54
7.307669e-07	9.420079e-54	1.943045e-53	1.258552e-53	7.821371e-54	8.165708e-54	2.251760e+05	6.517809e-54
7.976552e-07	1.225077e-53	2.526922e-53	1.636741e-53	1.017166e-53	1.061947e-53	4.683950e+18	8.476382e-54
8.706658e-07	1.593208e-53	3.286251e-53	2.128575e-53	1.322820e-53	1.381057e-53	9.151584e-54	1.102350e-53
9.503592e-07	2.071959e-53	4.273755e-53	2.768203e-53	1.720321e-53	1.796059e-53	1.797670e+25	1.433601e-53
1.037347e-06	2.694574e-53	5.557999e-53	3.600036e-53	2.237271e-53	2.335767e-53	1.550224e+18	1.864392e-53
1.132297e-06	3.504282e-53	7.228154e-53	4.681831e-53	2.909561e-53	3.037655e-53	3.025139e+25	2.424634e-53
1.235938e-06	4.557304e-53	9.400183e-53	6.088701e-53	3.783871e-53	3.950457e-53	1.553952e+26	3.153226e-53
1.349065e-06	5.926754e-53	1.222490e-52	7.918329e-53	4.920908e-53	5.137552e-53	3.404402e-53	4.100757e-53
1.472547e-06	7.707718e-53	1.589843e-52	1.029775e-52	6.399620e-53	6.681364e-53	1.676847e+11	5.333016e-53
1.607332e-06	1.002385e-52	2.067583e-52	1.339218e-52	8.322678e-53	1.486380e+20	5.757827e-53	6.935565e-53
1.754454e-06	1.303598e-52	2.688883e-52	1.741648e-52	1.082361e-52	1.042117e+20	7.488029e-53	9.019672e-53
1.915042e-06	1.695323e-52	3.496881e-52	6.039120e-39	1.407605e-52	1.469575e-52	3.511167e+13	1.173004e-52
2.090328e-06	2.204761e-52	4.547679e-52	2.945629e-52	1.830585e-52	1.288822e-37	1.266442e-52	1.525487e-52
2.281659e-06	2.867282e-52	5.914236e-52	3.830778e-52	1.693556e-37	1.492786e-37	3.598684e+26	1.983889e-52
2.490503e-06	3.728887e-52	7.691439e-52	4.981910e-52	1.973528e-37	3.232352e-52	4.656673e+26	3.468651e-37
2.718463e-06	4.849402e-52	1.000268e-51	6.478953e-52	4.026396e-52	4.203659e-52	2.982611e+27	4.240839e-37
2.967288e-06	6.306626e-52	1.300845e-51	8.425850e-52	5.236311e-52	5.466841e-52	7.640402e+26	4.363593e-52
3.238889e-06	8.201740e-52	1.691743e-51	7.795135e-37	6.809800e-52	7.109602e-52	4.711182e-52	5.674833e-52
3.535349e-06	1.066633e-51	5.706037e-36	1.425055e-51	8.856115e-52	1.280409e-36	1.691675e+27	7.380096e-52
3.858945e-06	1.387151e-51	2.861226e-51	1.853278e-51	1.594949e-36	6.311720e-36	1.509365e+28	9.597783e-52
4.212161e-06	1.803984e-51	3.721012e-51	2.410179e-51	7.862228e-36	1.563767e-51	1.036231e-51	8.075609e-36
4.597707e-06	4.367169e-36	6.213764e-37	3.134428e-51	1.947915e-51	2.033672e-51	4.357532e+27	3.226926e-36
5.018542e-06	5.289159e-36	6.293306e-51	5.644972e-36	2.533255e-51	2.644782e-51	3.887927e+28	2.111046e-51
5.477897e-06	3.967889e-51	8.184418e-51	5.301224e-51	7.129690e-36	7.291492e-36	2.279205e-51	2.745406e-51
5.979297e-06	6.082296e-35	8.362785e-36	6.894218e-51	4.284466e-51	4.473091e-51	9.447058e+28	2.764446e-35
6.526592e-06	6.710846e-51	9.847060e-36	5.860213e-35	5.571930e-51	5.817235e-51	1.719845e+28	4.643275e-51
7.123981e-06	6.024574e-35	1.800174e-50	1.166012e-50	2.187598e-35	5.857579e-35	6.971987e+28	6.038559e-51
7.776051e-06	3.788358e-35	2.223338e-34	1.516393e-50	2.753883e-35	9.838625e-51	6.519571e-51	3.065535e-35
8.487805e-06	1.201987e-34	3.044615e-50	1.526909e-34	1.225554e-50	1.279509e-50	1.138608e+29	3.878974e-35
9.264707e-06	8.161429e-35	2.614274e-34	2.564659e-50	1.456577e-34	1.507536e-34	1.782947e+28	1.328189e-50
1.011272e-05	2.370850e-34	5.149323e-50	1.301975e-34	2.072766e-50	2.164019e-50	1.366984e+29	2.810226e-34
1.103835e-05	3.246615e-50	5.233578e-34	1.647453e-34	2.695623e-50	2.978564e-34	1.468208e+29	2.246352e-50
1.204871e-05	4.633664e-34	8.708994e-50	5.641003e-50	3.679989e-34	3.659982e-50	2.425289e-50	1.730399e-34
1.315155e-05	1.657683e-34	1.625035e-33	7.700939e-34	4.559077e-50	2.819339e-34	1.411262e+29	2.202623e-34
1.435533e-05	2.086794e-34	1.472943e-49	9.540566e-50	1.088986e-33	3.588734e-34	9.381591e+28	1.141306e-35
1.566930e-05	1.332454e-33	3.116500e-33	1.497145e-33	7.710717e-50	5.694486e-34	1.309216e+28	1.318493e-33
1.710353e-05	1.207745e-49	2.491172e-49	1.141408e-33	3.419723e-33	1.431839e-33	1.685603e+28	7.190460e-35
1.866905e-05	1.648780e-33	3.909250e-33	2.869990e-33	1.122139e-34	2.145913e-33	2.314346e+28	3.295667e-33
2.037785e-05	3.751714e-33	8.703149e-33	1.032460e-32	5.143200e-33	2.731238e-33	4.730182e+27	1.370960e-33
2.224307e-05	1.879104e-33	5.479367e-49	3.549104e-49	5.708857e-33	9.649222e-33	6.090065e+27	4.697443e-33
2.427901e-05	7.041625e-33	1.650033e-32	1.934098e-32	2.688887e-33	2.994679e-49	1.984426e-49	8.993905e-33
2.650131e-05	1.699744e-32	1.650686e-32	2.258535e-32	1.728915e-32	1.805031e-32	1.440245e+27	6.450590e-34
2.892702e-05	2.448385e-32	2.768983e-33	7.806303e-49	6.224040e-33	2.593110e-32	1.752610e+26	2.069802e-32
3.157475e-05	2.859091e-32	3.530959e-33	1.302476e-32	2.001378e-32	6.586838e-49	1.114239e+26	1.322896e-32
3.446484e-05	2.050591e-33	2.615111e-32	1.929222e-32	3.782616e-32	3.054535e-32	5.676368e-49	1.687798e-32
3.761946e-05	6.579735e-32	3.873494e-32	1.717007e-48	1.766832e-32	1.844617e-32	1.423110e+24	2.496286e-32
4.106283e-05	2.442212e-32	5.708265e-32	3.697366e-32	1.387691e-48	3.601789e-23	2.529739e+22	5.735470e-23
4.482137e-05	3.599024e-32	4.483340e-48	1.440282e-22	8.950745e-23	4.660691e-23	1.248525e-48	1.503905e-48
4.892394e-05	1.401973e-22	2.891799e-22	3.776582e-48	2.346986e-48	2.450313e-48	1.623701e-48	1.955822e-48
5.340203e-05	3.676132e-48	7.582623e-48	4.911428e-48	3.052246e-48	3.186621e-48	2.111617e-48	2.543538e-48
5.829000e-05	4.780794e-48	9.861169e-48	6.387291e-48	3.969432e-48	4.144187e-48	2.746148e-48	3.307860e-48
