# number of size bins = 50
# 0:size [cm], masses (1:Al2O3, 2:Fe, 3:Fe3O4, 4:MgSiO3, 5:Mg2SiO4, 6:AC, 7:SiO2) [g]
1.000000e-07	0.000000e+00	0.000000e+00	2.205546e+16	0.000000e+00	0.000000e+00	0.000000e+00	1.722121e-27
1.151395e-07	0.000000e+00	0.000000e+00	2.039109e+08	0.000000e+00	0.000000e+00	0.000000e+00	0.000000e+00
1.325711e-07	0.000000e+00	0.000000e+00	3.550941e-05	0.000000e+00	0.000000e+00	0.000000e+00	0.000000e+00
1.526418e-07	1.294898e+14	0.000000e+00	3.831743e-19	0.000000e+00	0.000000e+00	0.000000e+00	0.000000e+00
1.757511e-07	1.188357e+18	0.000000e+00	4.392298e-37	0.000000e+00	0.000000e+00	0.000000e+00	0.000000e+00
2.023590e-07	8.429284e+21	0.000000e+00	0.000000e+00	0.000000e+00	0.000000e+00	0.000000e+00	0.000000e+00
2.329952e-07	1.353449e+23	0.000000e+00	0.000000e+00	0.000000e+00	0.000000e+00	0.000000e+00	0.000000e+00
2.682696e-07	6.579437e+24	0.000000e+00	0.000000e+00	0.000000e+00	0.000000e+00	0.000000e+00	0.000000e+00
3.088844e-07	2.802344e+26	0.000000e+00	0.000000e+00	0.000000e+00	0.000000e+00	0.000000e+00	0.000000e+00
3.556480e-07	1.360973e+27	0.000000e+00	0.000000e+00	0.000000e+00	0.000000e+00	0.000000e+00	0.000000e+00
4.094915e-07	1.837547e+28	0.000000e+00	0.000000e+00	0.000000e+00	0.000000e+00	0.000000e+00	0.000000e+00
4.714866e-07	5.239983e+28	0.000000e+00	0.000000e+00	0.000000e+00	0.000000e+00	0.000000e+00	0.000000e+00
5.428675e-07	1.930962e+29	0.000000e+00	0.000000e+00	0.000000e+00	0.000000e+00	0.000000e+00	0.000000e+00
6.250552e-07	6.398678e+29	0.000000e+00	0.000000e+00	0.000000e+00	0.000000e+00	0.000000e+00	0.000000e+00
7.196857e-07	1.147723e+30	0.000000e+00	0.000000e+00	0.000000e+00	0.000000e+00	0.000000e+00	0.000000e+00
8.286428e-07	2.381070e+30	0.000000e+00	0.000000e+00	0.000000e+00	0.000000e+00	0.000000e+00	0.000000e+00
9.540955e-07	2.504718e+30	0.000000e+00	0.000000e+00	0.000000e+00	0.000000e+00	0.000000e+00	0.000000e+00
1.098541e-06	2.776052e+30	0.000000e+00	0.000000e+00	0.000000e+00	1.344988e-40	0.000000e+00	0.000000e+00
1.264855e-06	2.688690e+30	0.000000e+00	0.000000e+00	0.000000e+00	2.155020e-16	0.000000e+00	0.000000e+00
1.456348e-06	1.748837e+30	0.000000e+00	0.000000e+00	0.000000e+00	1.879240e+01	0.000000e+00	0.000000e+00
1.676833e-06	9.382856e+29	0.000000e+00	0.000000e+00	9.959686e-24	2.718193e+09	0.000000e+00	0.000000e+00
1.930698e-06	3.406987e+29	0.000000e+00	0.000000e+00	8.796765e-13	5.272535e+13	0.000000e+00	0.000000e+00
2.222996e-06	9.200109e+28	0.000000e+00	0.000000e+00	3.272226e-04	5.106486e+20	0.000000e+00	0.000000e+00
2.559548e-06	1.196787e+28	0.000000e+00	0.000000e+00	6.270142e+08	1.679786e+25	0.000000e+00	0.000000e+00
2.947052e-06	7.259401e+26	0.000000e+00	0.000000e+00	1.753196e+16	1.242764e+26	0.000000e+00	0.000000e+00
3.393222e-06	9.526131e+24	0.000000e+00	0.000000e+00	4.811615e+19	1.724366e+27	0.000000e+00	0.000000e+00
3.906940e-06	2.057375e+22	0.000000e+00	0.000000e+00	2.034211e+21	9.472095e+27	0.000000e+00	6.402740e-38
4.498433e-06	7.644972e+17	0.000000e+00	0.000000e+00	1.089063e+23	8.338918e+28	0.000000e+00	7.331878e-27
5.179475e-06	2.245652e+10	0.000000e+00	0.000000e+00	1.023381e+24	4.291851e+29	0.000000e+00	1.193020e-16
5.963623e-06	3.666225e-05	0.000000e+00	0.000000e+00	5.244767e+24	1.942579e+30	0.000000e+00	6.346863e-09
6.866488e-06	2.395540e-41	0.000000e+00	5.896784e-29	4.805299e+25	7.687638e+30	0.000000e+00	9.921136e-02
7.906043e-06	0.000000e+00	0.000000e+00	1.659197e-02	3.278359e+26	2.241397e+31	0.000000e+00	1.369347e+05
9.102982e-06	0.000000e+00	0.000000e+00	1.038228e+11	1.719228e+27	4.542052e+31	4.599500e+29	4.237396e+09
1.048113e-05	0.000000e+00	0.000000e+00	2.169376e+20	5.563701e+27	6.480785e+31	0.000000e+00	1.248733e+14
1.206793e-05	0.000000e+00	0.000000e+00	5.294849e+24	1.328541e+28	6.980128e+31	0.000000e+00	2.147197e+17
1.389495e-05	0.000000e+00	0.000000e+00	3.746764e+27	1.852183e+28	5.691288e+31	0.000000e+00	8.557262e+20
1.599859e-05	0.000000e+00	0.000000e+00	5.499887e+29	1.714770e+28	3.568158e+31	0.000000e+00	2.792110e+22
1.842070e-05	0.000000e+00	0.000000e+00	1.578387e+31	1.001939e+28	1.686278e+31	0.000000e+00	2.086149e+24
2.120951e-05	0.000000e+00	0.000000e+00	1.684261e+32	3.848853e+27	5.829897e+30	0.000000e+00	1.284422e+26
2.442053e-05	0.000000e+00	0.000000e+00	5.569664e+32	9.177446e+26	1.298650e+30	0.000000e+00	2.988555e+29
2.811769e-05	0.000000e+00	0.000000e+00	4.971720e+32	1.292455e+26	1.673572e+29	0.000000e+00	2.646237e+30
3.237458e-05	0.000000e+00	0.000000e+00	5.593488e+32	9.096703e+24	1.002225e+28	0.000000e+00	4.220119e+30
3.727594e-05	0.000000e+00	0.000000e+00	3.827511e+32	2.599915e+23	2.071231e+26	0.000000e+00	1.027109e+31
4.291934e-05	0.000000e+00	0.000000e+00	1.727522e+32	2.041873e+21	8.837106e+23	0.000000e+00	4.820204e+31
4.941713e-05	0.000000e+00	0.000000e+00	5.322318e+31	2.443410e+18	3.148181e+20	0.000000e+00	1.592539e+32
5.689866e-05	0.000000e+00	0.000000e+00	1.012733e+31	1.595595e+14	1.716219e+15	0.000000e+00	2.208249e+32
6.551286e-05	0.000000e+00	0.000000e+00	1.091425e+30	7.780470e+07	4.268786e+06	0.000000e+00	3.994151e+32
7.543120e-05	0.000000e+00	0.000000e+00	5.108861e+28	5.912228e-03	8.541766e-10	0.000000e+00	7.265002e+32
8.685114e-05	0.000000e+00	0.000000e+00	7.686566e+26	7.584485e-21	0.000000e+00	0.000000e+00	9.933666e+31
1.000000e-04	0.000000e+00	4.825457e+16	4.413373e+24	0.000000e+00	0.000000e+00	0.000000e+00	1.552443e+30
