# number of size bins = 100
# 0:size [cm], masses (1:Al2O3, 2:Fe, 3:Fe3O4, 4:MgSiO3, 5:Mg2SiO4, 6:AC, 7:SiO2) [g]
1.000000e-08	2.413892e-59	4.979047e-59	3.225036e-59	2.004224e-59	2.092460e-59	1.386570e-59	1.670187e-59
1.090679e-08	3.131905e-59	6.460065e-59	4.184323e-59	2.600380e-59	2.714863e-59	1.799005e-59	2.166984e-59
1.189580e-08	4.063490e-59	8.381611e-59	5.428950e-59	3.373864e-59	3.522399e-59	2.334120e-59	2.811553e-59
1.297450e-08	5.272175e-59	1.087472e-58	7.043792e-59	4.377420e-59	4.570136e-59	1.729351e+05	3.647850e-59
1.415101e-08	6.840384e-59	3.497447e+13	9.138968e-59	5.679484e-59	5.929524e-59	1.990998e+05	4.732903e-59
1.543421e-08	8.875057e-59	9.316443e+13	1.185735e-58	7.368846e-59	7.693261e-59	3.396243e+05	6.140705e-59
1.683377e-08	1.151494e-58	3.521048e+13	1.538432e-58	9.560710e-59	9.981622e-59	2.069692e+05	7.967258e-59
1.836023e-08	1.494006e-58	1.124453e+14	1.996039e-58	1.240454e-58	1.295066e-58	2.197531e+05	1.033712e-58
2.002512e-08	1.938399e-58	1.193588e+14	2.589761e-58	1.609428e-58	1.680283e-58	2.282187e+05	3.781618e+10
2.184097e-08	9.944193e+21	2.376902e+13	3.360086e-58	2.088152e-58	2.180083e-58	1.089869e+05	1.869323e+11
2.382149e-08	2.114413e+21	6.730583e-58	4.359544e-58	1.844654e+24	2.828549e-58	7.977163e+18	1.398931e+14
2.598159e-08	9.024165e+18	8.732596e-58	1.746553e+21	6.075934e+22	3.384628e+13	2.560727e+04	2.840553e+14
2.833757e-08	5.492951e-58	1.133011e-57	1.118716e+22	1.854246e+23	1.214293e+17	2.095449e+04	1.906744e+14
3.090719e-08	7.126829e-58	1.470025e-57	3.206502e+22	3.207640e+23	1.559604e+25	4.712155e+16	2.186920e+13
3.370981e-08	9.246705e-58	1.907284e-57	6.972606e+21	8.780926e+23	1.331103e+25	1.964517e+02	3.541445e+13
3.676658e-08	1.199714e-57	2.474605e-57	1.602855e-57	2.050328e+24	8.661864e+27	9.788033e+17	2.801234e+12
4.010053e-08	1.556569e-57	3.210677e-57	2.079625e-57	5.298798e+23	5.358625e+26	4.266191e+04	6.738471e+02
4.373680e-08	2.019570e-57	4.165693e-57	2.698209e-57	6.698463e+23	4.553760e+26	4.181737e-06	1.600270e+00
4.770280e-08	2.620291e-57	5.404779e-57	3.500791e-57	1.361436e+24	4.277945e+26	5.778747e-09	6.846477e-05
5.202844e-08	3.399697e-57	7.012430e-57	4.542102e-57	1.335612e+24	1.691527e+26	2.280908e+06	4.898593e-05
5.674632e-08	4.410937e-57	9.098278e-57	5.893151e-57	3.514303e+23	9.331890e+25	8.792878e-18	4.744199e-13
6.189200e-08	5.722971e-57	1.180456e-56	7.646069e-57	2.267756e+22	2.886797e+25	4.123804e-24	6.699202e-14
6.750430e-08	7.425269e-57	1.531583e-56	9.920392e-57	1.227859e+22	2.669093e+25	1.684367e-40	6.617281e-19
7.362551e-08	9.633916e-57	1.987152e-56	1.287121e-56	1.469210e+22	6.161294e+25	5.533842e-57	4.882840e-25
8.030179e-08	1.249952e-56	2.578231e-56	1.669976e-56	1.462281e+22	1.950798e+26	7.179884e-57	3.484397e-33
8.758346e-08	1.621751e-56	3.345126e-56	2.166710e-56	1.668228e+22	1.405800e-56	9.315540e-57	1.122099e-56
9.552542e-08	2.104141e-56	4.340134e-56	2.811198e-56	3.506940e+20	1.823955e-56	1.208645e-56	1.455868e-56
1.041876e-07	2.730018e-56	5.631107e-56	3.647389e-56	1.209168e+19	2.366490e-56	1.568156e-56	1.888916e-56
1.136352e-07	3.542062e-56	7.306080e-56	4.732305e-56	2.940928e-56	3.070403e-56	2.034605e-56	2.450774e-56
1.239395e-07	4.595648e-56	9.479274e-56	6.139930e-56	3.815708e-56	3.983695e-56	2.639798e-56	3.179756e-56
1.351782e-07	5.962624e-56	1.229888e-55	7.966252e-56	4.950690e-56	5.168645e-56	3.425006e-56	4.125575e-56
1.474359e-07	7.736206e-56	1.595719e-55	1.033581e-55	6.423273e-56	6.706059e-56	4.443774e-56	5.352728e-56
1.608053e-07	1.003734e-55	2.070365e-55	1.341020e-55	8.333876e-56	8.700776e-56	7.305871e+05	6.944897e-56
1.753869e-07	1.302295e-55	2.686196e-55	1.739907e-55	1.081279e-55	1.128882e-55	3.174786e+07	9.010657e-56
1.912908e-07	1.689663e-55	3.485205e-55	2.257442e-55	1.402905e-55	1.464668e-55	9.705634e-56	1.169088e-55
2.086368e-07	2.192253e-55	4.521879e-55	2.928919e-55	1.820200e-55	1.900334e-55	1.259258e-55	1.516833e-55
2.275557e-07	2.844339e-55	5.866913e-55	3.800126e-55	2.361618e-55	2.465589e-55	1.633824e-55	1.968015e-55
2.481902e-07	3.690387e-55	7.612026e-55	4.930473e-55	3.064081e-55	3.198978e-55	2.119805e-55	2.553401e-55
2.706958e-07	4.788093e-55	9.876224e-55	6.397043e-55	3.975493e-55	4.150514e-55	2.750341e-55	3.312910e-55
2.952422e-07	6.212312e-55	1.281391e-54	8.299843e-55	5.158003e-55	5.385085e-55	3.568430e-55	4.298336e-55
3.220144e-07	8.060164e-55	1.662540e-54	1.076863e-54	6.692251e-55	6.986879e-55	4.629859e-55	5.576876e-55
3.512143e-07	1.045766e-54	2.157063e-54	1.397176e-54	8.682862e-55	9.065126e-55	1.556626e+08	7.235718e-55
3.830620e-07	1.356829e-54	2.798682e-54	1.812766e-54	1.126558e-54	1.176155e-54	7.793797e-55	9.387983e-55
4.177976e-07	1.760418e-54	3.631150e-54	2.351974e-54	1.461653e-54	1.526002e-54	1.011206e-54	1.218044e-54
4.556830e-07	2.284055e-54	4.711236e-54	3.051569e-54	1.896421e-54	1.979912e-54	1.311990e-54	1.580351e-54
4.970038e-07	2.963447e-54	6.112593e-54	3.959258e-54	2.460512e-54	2.568836e-54	1.702241e-54	2.050427e-54
5.420716e-07	3.844924e-54	7.930784e-54	5.136939e-54	3.192391e-54	3.332937e-54	1.295812e+09	2.660326e-54
5.912260e-07	4.988597e-54	1.028980e-53	6.664922e-54	4.141969e-54	4.324319e-54	3.374968e+09	3.451640e-54
6.448377e-07	6.472456e-54	1.335050e-53	8.647404e-54	5.373997e-54	5.610588e-54	3.717860e-54	4.478331e-54
7.033108e-07	8.397688e-54	1.732160e-53	1.121957e-53	6.972493e-54	7.279458e-54	4.823737e-54	5.810411e-54
7.670862e-07	1.089558e-53	2.247391e-53	1.455684e-53	9.046462e-54	9.444733e-54	4.399216e+21	7.538718e-54
8.366447e-07	1.413647e-53	2.915878e-53	1.888677e-53	1.173733e-53	1.225407e-53	2.395057e+10	9.781110e-54
9.125106e-07	1.834137e-53	3.783206e-53	2.450464e-53	1.522860e-53	1.589904e-53	3.547067e+23	1.269050e-53
9.952560e-07	2.379701e-53	4.908521e-53	3.179355e-53	1.975835e-53	2.062822e-53	4.547949e+23	1.646529e-53
1.085505e-06	3.087543e-53	6.368561e-53	4.125054e-53	2.563547e-53	2.676408e-53	5.033480e+00	2.136289e-53
1.183937e-06	4.005933e-53	8.262890e-53	5.352052e-53	3.326075e-53	3.472506e-53	5.316304e+09	2.771729e-53
1.291295e-06	5.197498e-53	1.072069e-52	6.944020e-53	4.315416e-53	4.505403e-53	1.688895e+24	3.596180e-53
1.408388e-06	6.743494e-53	1.390956e-52	9.009519e-53	5.599036e-53	2.987779e-38	3.319241e+11	4.665864e-53
1.536099e-06	8.749346e-53	1.804695e-52	1.168940e-52	7.264470e-53	7.584290e-53	3.514487e+22	6.053725e-53
1.675391e-06	1.135184e-52	2.341502e-52	1.516641e-52	9.425287e-53	9.840237e-53	7.248413e+24	7.854406e-53
1.827313e-06	1.472845e-52	3.037982e-52	1.967766e-52	5.738679e-38	5.475731e-38	1.399213e+25	1.121516e-37
1.993012e-06	1.910942e-52	3.941630e-52	7.503466e-37	1.586631e-52	1.656483e-52	2.698938e+12	1.322192e-52
2.173736e-06	2.479352e-52	5.114068e-52	3.312492e-52	9.699149e-38	2.149203e-52	1.558596e+25	1.903714e-37
2.370848e-06	3.216835e-52	6.635248e-52	4.297793e-52	2.670897e-52	2.124211e-37	9.415878e+12	2.225748e-52
2.585833e-06	4.173683e-52	8.608903e-52	5.576172e-52	2.757500e-37	3.617919e-52	5.458467e+13	2.887797e-52
2.820314e-06	5.415146e-52	1.116962e-51	2.577657e-36	4.496126e-52	4.694069e-52	3.051429e+25	3.746772e-52
3.076056e-06	7.025881e-52	1.449203e-51	9.386797e-52	5.833499e-52	6.702572e-37	8.780865e+25	6.752171e-37
3.354990e-06	9.115730e-52	1.880268e-51	1.217890e-51	3.599767e-36	8.387622e-37	2.504498e+26	6.307228e-52
3.659216e-06	1.182720e-51	4.617200e-36	5.963762e-36	9.819976e-52	1.025230e-51	6.400373e+25	1.475440e-36
3.991030e-06	1.814921e-36	3.165199e-51	2.050168e-51	1.274093e-51	1.901782e-36	2.312826e+26	1.869082e-36
4.352931e-06	7.901185e-36	4.106688e-51	2.116639e-36	9.089052e-36	1.725849e-51	2.058744e+27	1.377560e-51
4.747650e-06	2.583176e-51	3.125376e-35	3.451204e-51	2.891901e-36	2.180256e-35	3.738990e+26	1.167616e-35
5.178162e-06	6.343267e-36	6.913103e-51	4.477765e-51	1.599982e-35	2.905253e-51	1.713627e+27	4.705320e-36
5.647711e-06	2.144246e-35	8.969406e-51	5.809677e-51	3.610470e-51	3.769421e-51	5.461337e+27	3.008725e-51
6.159839e-06	3.309374e-35	2.260505e-36	7.537766e-51	1.033643e-35	4.890636e-51	3.039185e+27	3.903670e-51
6.718406e-06	4.110118e-35	1.509889e-50	9.779875e-51	6.077780e-51	6.345355e-51	3.083991e+28	5.064817e-51
7.327623e-06	3.481869e-35	1.706102e-35	2.913351e-35	2.449939e-35	2.497577e-35	1.035622e+28	6.571347e-51
7.992084e-06	1.665441e-34	2.541712e-50	1.646321e-50	1.023119e-50	1.068162e-50	1.050890e+29	3.402925e-35
8.716796e-06	7.356320e-35	5.119870e-35	2.136020e-50	1.327446e-50	1.385887e-50	2.159905e+29	1.106205e-50
9.507225e-06	3.182802e-34	4.278658e-50	8.407526e-35	6.874086e-35	7.033263e-35	1.369580e+29	1.435246e-50
1.036933e-05	2.602326e-34	1.274580e-34	3.595726e-50	2.234592e-50	2.332970e-50	2.726965e+29	9.228531e-35
1.130961e-05	3.491890e-50	7.202593e-50	4.312333e-34	2.899272e-50	1.500083e-34	1.267067e+29	2.416060e-50
1.233515e-05	3.040539e-34	2.903349e-34	6.052960e-50	1.831479e-34	3.927268e-50	5.624927e+29	1.883297e-34
1.345369e-05	1.826255e-34	1.212468e-49	8.390842e-34	4.880566e-50	3.061271e-34	3.376492e-50	4.067138e-50
1.467365e-05	7.626627e-50	1.454106e-33	1.018941e-49	3.744263e-34	6.611071e-50	1.950719e+30	1.434717e-35
1.600424e-05	9.146570e-34	2.041040e-49	1.620252e-33	2.233769e-35	6.137502e-34	5.683908e-50	1.873105e-33
1.745549e-05	1.283849e-49	1.289331e-33	1.715262e-49	2.916312e-33	2.278651e-33	4.996849e+29	7.987658e-35
1.903833e-05	8.110112e-34	2.064207e-33	6.126834e-33	1.243631e-34	2.292488e-33	4.372604e+29	3.508523e-33
2.076470e-05	2.648731e-33	4.457829e-49	2.596392e-34	5.462559e-33	2.897120e-33	2.941206e+29	1.461225e-33
2.264762e-05	2.006388e-33	8.099796e-33	5.905633e-33	6.059189e-33	8.276515e-33	2.239836e+29	4.969991e-33
2.470128e-05	7.449052e-33	1.191428e-32	1.265008e-32	2.828236e-33	4.219822e-34	2.089779e-49	7.297008e-33
2.694117e-05	1.793105e-32	1.541659e-33	1.469180e-33	1.820418e-32	1.900563e-32	3.108308e+29	3.532028e-33
2.938416e-05	2.082867e-32	1.224031e-32	1.637472e-32	1.147990e-32	1.710471e-32	1.322410e+29	2.172268e-32
3.204868e-05	2.303402e-32	1.845598e-32	2.396718e-32	1.454155e-32	1.964239e-33	8.565309e+28	1.386902e-32
3.495482e-05	2.125896e-33	2.739864e-32	2.018604e-32	3.946349e-32	3.194323e-32	5.921925e-49	1.757804e-32
3.812448e-05	4.309712e-32	4.043463e-32	1.787089e-48	5.508273e-23	5.750776e-23	3.311135e+27	1.137819e-22
4.158156e-05	4.377949e-32	3.579716e-48	1.149991e-22	1.440949e-48	1.504387e-48	2.111656e+28	1.200791e-48
4.535213e-05	1.116782e-22	2.303545e-22	3.008345e-48	1.869560e-48	1.951867e-48	1.293406e-48	1.557966e-48
4.946461e-05	2.921471e-48	6.026011e-48	3.903177e-48	2.425660e-48	2.532450e-48	1.678130e-48	2.021383e-48
5.395000e-05	3.790463e-48	7.818448e-48	5.064177e-48	3.147173e-48	3.285728e-48	2.177289e-48	2.622644e-48
