# number of size bins = 100
# 0:size [cm], masses (1:Al2O3, 2:Fe, 3:Fe3O4, 4:MgSiO3, 5:Mg2SiO4, 6:AC, 7:SiO2) [g]
1.000000e-07	2.413892e-56	2.056578e+18	3.225036e-56	2.004224e-56	2.092460e-56	4.195372e+18	1.670187e-56
1.074414e-07	2.993872e-56	1.845138e+18	3.999906e-56	2.485773e-56	2.595210e-56	1.892652e+13	2.071478e-56
1.154366e-07	3.713201e-56	5.932474e-10	4.960953e-56	3.083023e-56	3.218754e-56	5.029453e-18	2.569186e-56
1.240267e-07	4.605361e-56	3.049445e+18	6.152907e-56	3.823772e-56	3.992115e-56	2.645377e-56	3.186477e-56
1.332561e-07	5.711878e-56	5.153246e+17	7.631249e-56	4.742500e-56	4.951289e-56	3.280975e-56	3.952083e-56
1.431722e-07	7.084256e-56	2.866717e+17	9.464787e-56	5.881967e-56	6.140921e-56	4.069285e-56	4.901639e-56
1.538263e-07	8.786370e-56	2.848603e+17	1.173887e-55	7.295211e-56	7.616383e-56	5.047001e-56	6.079342e-56
1.652731e-07	1.089745e-55	1.984789e+08	1.455933e-55	9.048010e-56	9.446350e-56	6.259630e-56	7.540009e-56
1.775718e-07	1.011463e+06	8.639239e+18	1.805746e-55	1.122195e-55	1.171600e-55	7.763614e-56	9.351626e-56
1.907857e-07	6.044818e+05	3.457670e-55	2.239608e-55	7.038847e+11	1.453097e-55	5.981745e+18	1.159851e-55
2.049829e-07	2.079077e-55	6.436494e-09	2.777712e-55	1.726231e-55	1.802228e-55	6.766909e+15	1.438526e-55
2.202365e-07	2.578611e-55	8.865428e+00	3.445105e-55	1.737189e+12	2.235245e-55	6.909116e+14	1.784156e-55
2.366252e-07	2.563296e+12	6.596740e-55	4.272851e-55	2.655397e-55	2.772301e-55	1.837067e-55	2.212831e-55
2.542335e-07	2.755208e+06	5.610106e+19	5.299477e-55	3.293401e-55	3.438394e-55	2.278454e-55	2.744501e-55
2.731521e-07	4.919620e-55	1.704755e+19	6.572767e-55	4.856643e+12	4.264527e-55	2.825892e-55	3.403915e-55
2.934785e-07	6.101644e-55	7.904243e+17	8.151987e-55	6.072725e+08	5.289153e-55	8.806076e+20	4.221764e-55
3.153175e-07	7.567669e-55	4.671468e+17	1.011064e-54	6.283339e-55	6.559964e-55	4.346964e-55	5.236116e-55
3.387816e-07	9.385932e-55	4.225993e+17	1.253990e-54	7.793019e-55	8.136108e-55	2.858290e+23	6.494182e-55
3.639918e-07	1.164106e-54	5.714613e+17	1.555283e-54	9.665426e-55	1.009095e-54	3.894737e-12	8.054522e-55
3.910780e-07	1.443803e-54	1.037176e-16	1.928966e-54	1.964180e+13	1.251547e-54	1.252572e+22	9.989759e-55
4.201797e-07	1.790701e-54	5.023981e+09	2.392433e-54	1.486796e-54	1.552253e-54	2.627376e+07	1.238997e-54
4.514471e-07	2.220948e-54	1.589270e-05	2.967256e-54	1.844025e-54	1.925208e-54	3.893326e+16	1.536687e-54
4.850412e-07	2.754569e-54	1.436716e+06	3.680191e-54	4.164359e+12	2.387773e-54	1.582259e-54	1.905903e-54
5.211351e-07	3.416402e-54	2.395790e-16	4.564420e-54	2.836595e-54	2.961476e-54	4.903563e+21	2.363829e-54
5.599150e-07	4.237251e-54	1.345668e-04	5.661101e-54	3.518136e-54	3.673022e-54	4.452015e+16	2.931780e-54
6.015807e-07	5.255324e-54	3.850148e-05	7.021277e-54	1.010603e-04	4.555529e-54	5.734852e+23	3.636190e-54
6.463468e-07	6.518006e-54	1.484606e-15	8.708260e-54	5.411817e-54	5.650073e-54	3.019690e+16	4.509848e-54
6.944442e-07	8.084069e-54	6.523606e-16	1.080057e-53	6.712099e-54	7.007600e-54	5.183118e+19	5.593416e-54
7.461208e-07	1.002641e-53	4.646590e-27	1.339559e-53	1.838410e+14	8.691297e-54	3.541893e+20	6.937331e-54
8.016428e-07	1.243542e-53	2.565009e-53	1.661411e-53	1.032497e-53	1.077953e-53	1.092698e+22	8.604144e-54
8.612964e-07	1.542325e-53	3.181296e-53	2.060594e-53	1.925215e+14	1.336950e-53	1.058210e+25	1.067144e-53
9.253891e-07	1.912895e-53	3.945658e-53	2.555687e-53	3.360600e-08	1.658175e-53	6.408413e+21	1.323543e-53
9.942513e-07	2.372501e-53	4.893670e-53	3.169735e-53	1.702465e+13	2.056580e-53	8.200538e+22	1.641547e-53
1.068238e-06	2.942535e-53	6.069458e-53	3.931319e-53	7.852449e-05	2.550709e-53	2.503086e+25	2.035957e-53
1.147730e-06	3.649529e-53	7.527750e-53	4.875886e-53	7.011661e+14	3.163561e-53	2.254345e+25	2.525131e-53
1.233137e-06	4.526392e-53	9.336421e-53	6.047401e-53	3.758205e-53	3.923661e-53	1.330807e+25	3.131838e-53
1.324900e-06	5.613935e-53	1.157966e-52	7.500393e-53	1.212450e+13	4.866388e-53	4.904320e+24	3.884315e-53
1.423492e-06	6.962780e-53	1.436187e-52	9.302492e-53	1.141889e+15	6.035621e-53	6.134337e+25	4.817589e-53
1.529420e-06	8.635707e-53	1.781256e-52	1.153758e-52	1.093853e-04	7.485783e-53	4.982444e+25	5.975098e-53
1.643230e-06	1.071058e-52	2.209233e-52	1.430968e-52	2.135109e-03	9.284371e-53	9.393157e+25	7.410718e-53
1.765510e-06	1.328399e-52	2.740039e-52	1.774782e-52	6.293208e+13	1.151510e-52	9.417127e+25	9.191271e-53
1.896889e-06	1.647569e-52	3.398381e-52	2.201204e-52	2.717083e+14	1.428180e-52	1.075343e+26	1.139963e-52
2.038045e-06	2.043426e-52	4.214900e-52	2.730082e-52	1.846637e+14	1.771325e-52	5.621099e+26	1.413859e-52
2.189704e-06	2.534395e-52	5.227603e-52	3.386031e-52	5.733878e-03	2.196917e-52	1.760712e+26	1.753563e-52
2.352649e-06	3.143327e-52	6.483624e-52	4.199583e-52	5.017999e+15	2.724764e-52	9.678641e+26	2.174887e-52
2.527720e-06	3.898565e-52	8.041426e-52	5.208605e-52	4.892790e+14	3.379435e-52	9.586844e+26	2.697440e-52
2.715818e-06	4.835262e-52	9.973517e-52	6.460062e-52	1.339522e-02	4.191402e-52	1.397080e+27	3.345547e-52
2.917914e-06	5.997017e-52	1.236983e-51	8.012203e-52	9.673299e+15	5.198459e-52	3.333645e+27	4.149372e-52
3.135048e-06	7.437904e-52	1.534189e-51	9.937273e-52	3.798226e+16	6.447478e-52	3.875639e+27	5.146330e-52
3.368340e-06	9.224988e-52	1.902804e-51	1.232487e-51	3.351712e+16	7.996596e-52	3.080550e+27	6.382825e-52
3.618993e-06	1.144145e-51	2.359986e-51	1.528614e-51	9.499690e-52	9.917915e-52	1.188702e+28	7.916408e-52
3.888297e-06	1.419046e-51	2.927013e-51	1.895889e-51	1.178215e-51	1.230087e-51	1.013912e+28	9.818462e-52
4.177642e-06	1.759996e-51	3.630278e-51	2.351409e-51	1.461302e-51	3.183431e-31	5.777309e+27	1.217752e-51
4.488518e-06	2.182865e-51	4.502515e-51	2.916376e-51	1.812405e-51	9.537839e+13	1.681953e+28	1.510337e-51
4.822528e-06	2.707336e-51	5.584322e-51	3.617086e-51	2.247866e-51	7.751630e+11	2.384632e+28	1.873222e-51
5.181393e-06	3.357820e-51	6.926052e-51	4.486153e-51	2.787955e-51	2.910695e-51	2.493721e+28	2.323296e-51
5.566962e-06	4.164594e-51	8.590155e-51	5.564028e-51	3.457809e-51	3.610040e-51	5.295528e+28	2.881508e-51
5.981223e-06	5.165209e-51	1.065409e-50	6.900882e-51	4.288607e-51	4.477414e-51	4.583360e+28	3.573839e-51
6.426311e-06	6.406240e-51	1.321392e-50	8.558937e-51	5.319019e-51	5.553190e-51	1.314766e+29	4.432516e-51
6.904520e-06	7.945449e-51	1.638879e-50	1.061537e-50	6.597005e-51	6.887439e-51	1.209141e+29	5.497504e-51
7.418315e-06	9.854480e-51	2.032647e-50	1.316589e-50	8.182049e-51	8.542265e-51	1.832181e+29	6.818374e-51
7.970343e-06	1.222219e-50	2.521026e-50	1.632923e-50	1.014793e-50	1.059469e-50	1.910310e+29	8.456606e-51
8.563450e-06	1.515878e-50	3.126746e-50	2.025261e-50	1.258614e-50	1.314025e-50	4.210335e+29	1.048845e-50
9.200693e-06	1.880094e-50	3.878000e-50	2.511864e-50	1.561018e-50	1.629742e-50	3.327920e+29	1.300848e-50
9.885356e-06	2.331819e-50	4.809757e-50	3.115383e-50	1.936079e-50	2.021315e-50	3.221052e+29	1.613399e-50
1.062097e-05	2.892078e-50	5.965383e-50	3.863907e-50	2.401256e-50	2.506971e-50	5.132851e+29	2.001046e-50
1.141132e-05	3.586950e-50	7.398670e-50	4.792277e-50	2.978199e-50	3.109314e-50	2.246497e+29	2.481832e-50
1.226048e-05	4.448776e-50	9.176327e-50	5.943705e-50	3.693762e-50	3.856381e-50	5.447450e+29	3.078135e-50
1.317284e-05	5.517671e-50	1.138110e-49	7.371782e-50	4.581252e-50	4.782942e-50	7.792348e+29	3.817710e-50
1.415308e-05	6.843387e-50	1.411560e-49	9.142979e-50	5.681977e-50	5.932127e-50	2.342372e+29	4.734981e-50
1.520627e-05	8.487629e-50	1.750712e-49	1.133974e-49	7.047169e-50	7.357422e-50	5.679932e+29	5.872641e-50
1.633784e-05	1.052693e-49	2.171351e-49	1.406430e-49	8.740373e-50	9.125169e-50	7.154734e+29	7.283644e-50
1.755361e-05	1.305620e-49	2.693055e-49	1.744350e-49	1.084040e-49	1.131765e-49	2.528883e+29	9.033665e-50
1.885984e-05	1.619318e-49	3.340108e-49	2.163460e-49	1.344499e-49	1.403691e-49	4.302585e+29	1.120416e-49
2.026328e-05	2.008387e-49	4.142626e-49	2.683268e-49	1.667538e-49	1.740952e-49	1.731718e+29	1.389615e-49
2.177116e-05	2.490937e-49	5.137963e-49	3.327969e-49	2.068193e-49	2.159245e-49	1.591981e+29	1.723494e-49
2.339125e-05	3.089427e-49	6.372447e-49	4.127571e-49	2.565112e-49	2.678041e-49	7.642871e+28	2.137593e-49
2.513189e-05	3.831715e-49	7.903538e-49	5.119291e-49	3.181424e-49	3.321487e-49	1.506323e+28	2.651187e-49
2.700206e-05	4.752351e-49	9.802499e-49	6.349289e-49	3.945816e-49	4.119531e-49	1.279908e+29	3.288180e-49
2.901140e-05	5.894185e-49	1.215772e-48	7.874815e-49	4.893866e-49	5.109319e-49	7.807067e+28	4.078222e-49
3.117026e-05	7.310364e-49	1.507882e-48	9.766875e-49	6.069702e-49	6.336921e-49	3.723051e+28	5.058085e-49
3.348977e-05	9.066805e-49	1.870176e-48	1.211354e-48	7.528052e-49	7.859476e-49	1.576153e+28	6.273377e-49
3.598188e-05	1.124526e-48	2.319519e-48	1.502402e-48	9.336796e-49	9.747850e-49	2.178349e+27	7.780663e-49
3.865945e-05	1.394713e-48	2.876823e-48	1.863380e-48	1.158012e-48	1.208994e-48	4.404083e+27	9.650102e-49
4.153626e-05	1.729817e-48	3.568029e-48	2.311089e-48	1.436245e-48	1.499475e-48	2.184693e+27	1.196870e-48
4.462715e-05	2.145435e-48	4.425309e-48	2.866368e-48	1.781327e-48	1.859750e-48	5.488431e+26	1.484439e-48
4.794804e-05	2.660912e-48	5.488566e-48	3.555062e-48	2.209322e-48	2.306587e-48	1.086449e+26	1.841101e-48
5.151606e-05	3.300242e-48	6.807289e-48	4.409227e-48	2.740149e-48	2.860785e-48	1.648282e+25	2.283458e-48
5.534959e-05	4.093183e-48	8.442857e-48	5.468620e-48	3.398517e-48	3.548137e-48	1.293898e+24	2.832098e-48
5.946839e-05	5.076640e-48	1.047140e-47	6.782550e-48	4.215069e-48	4.400638e-48	6.082400e+22	3.512558e-48
6.389368e-05	6.296390e-48	1.298733e-47	8.412175e-48	5.227812e-48	5.457968e-48	3.616726e-48	4.356510e-48
6.864828e-05	7.809206e-48	1.610776e-47	1.043334e-47	6.483884e-48	6.769338e-48	2.716311e+19	5.403237e-48
7.375669e-05	9.685503e-48	1.997793e-47	1.294014e-47	8.041749e-48	8.395788e-48	5.563474e-48	6.701458e-48
7.924524e-05	1.201261e-47	2.477797e-47	1.604923e-47	9.973918e-48	1.041302e-47	6.900195e-48	8.311598e-48
8.514221e-05	1.489885e-47	3.073131e-47	1.990533e-47	1.237032e-47	1.291493e-47	8.558085e-48	1.030860e-47
9.147801e-05	1.847855e-47	3.811503e-47	2.468793e-47	1.534251e-47	1.601796e-47	1.061431e-47	1.278542e-47
9.828527e-05	2.291834e-47	4.727282e-47	3.061963e-47	1.902881e-47	1.986655e-47	1.316458e-47	3.942257e-21
1.055991e-04	2.842487e-47	5.863093e-47	9.441254e-21	1.170535e-20	1.222068e-20	1.632760e-47	4.865004e-21
1.134572e-04	1.748522e-20	1.807826e-20	4.710103e-47	2.927131e-47	3.055998e-47	2.025059e-47	2.439275e-47
1.219000e-04	4.372492e-47	9.018978e-47	5.841786e-47	3.630424e-47	3.790254e-47	2.511614e-47	3.025353e-47
