# number of size bins = 100
# 0:size [cm], masses (1:Al2O3, 2:Fe, 3:Fe3O4, 4:MgSiO3, 5:Mg2SiO4, 6:AC, 7:SiO2) [g]
1.000000e-08	2.413892e-59	4.979047e-59	3.225036e-59	2.004224e-59	2.092460e-59	1.386570e-59	1.670187e-59
1.098131e-08	3.196544e-59	6.593394e-59	4.270683e-59	2.654050e-59	2.770895e-59	1.836135e-59	2.211708e-59
1.205892e-08	4.232954e-59	8.731158e-59	5.655359e-59	3.514567e-59	3.669297e-59	2.431462e-59	2.928806e-59
1.324228e-08	5.605397e-59	1.156205e-58	7.488985e-59	4.654089e-59	4.858986e-59	1.117698e+03	3.878408e-59
1.454176e-08	7.422824e-59	8.938099e+09	9.917125e-59	6.163076e-59	6.434406e-59	1.097849e+03	5.135896e-59
1.596877e-08	9.829512e-59	5.490665e+09	1.313254e-58	8.161318e-59	8.520622e-59	9.798878e+02	6.801099e-59
1.753580e-08	1.301652e-58	2.059469e+09	1.739047e-58	1.080745e-58	1.128325e-58	1.066784e+03	9.006206e-59
1.925661e-08	1.723684e-58	1.739430e+09	2.302896e-58	1.431153e-58	1.494159e-58	9.512934e+02	1.192627e-58
2.114629e-08	1.053448e+13	9.916882e+08	3.049559e-58	1.895173e-58	1.978608e-58	7.859475e+02	1.579311e-58
2.322140e-08	4.416891e+24	1.612575e+08	4.038312e-58	2.509641e-58	2.620128e-58	6.409957e+02	1.751994e+22
2.550015e-08	4.093326e+24	6.786488e-02	1.462504e+20	3.323337e-58	3.469648e-58	6.460649e+02	2.769448e-58
2.800251e-08	4.540613e+13	5.203740e-05	1.999616e+20	4.400857e-58	4.594605e-58	1.165720e+02	3.667380e-58
3.075043e-08	7.018943e-58	1.733127e-12	1.385372e+20	5.827738e-58	6.084305e-58	2.805452e+01	6.376644e+22
3.376802e-08	1.977785e+23	2.690001e-31	2.267946e+19	7.717255e-58	8.057008e-58	5.958347e-02	1.880787e+18
3.708171e-08	1.778473e+23	2.538783e-57	1.577697e+19	1.369669e+26	1.066932e-57	9.736958e+11	7.170668e+22
4.072059e-08	1.039491e+24	3.361928e-57	3.327068e+18	1.353283e-57	1.412861e-57	3.474338e-09	1.745558e+22
4.471656e-08	2.979987e+23	4.451960e-57	1.801385e+18	2.263547e+24	1.870950e-57	1.262268e+13	1.940756e+23
4.910465e-08	1.444703e+24	5.895411e-57	4.342611e+16	8.413496e+23	3.307015e+25	1.281205e-16	6.240613e-17
5.392335e-08	1.071082e+24	7.806869e-57	5.559054e+15	2.357792e+23	9.085045e+22	2.202420e+13	1.999753e+24
5.921492e-08	4.834243e+23	1.033808e-56	4.141090e+11	3.072749e+23	1.553875e+23	1.122971e-27	8.150195e+25
6.502576e-08	5.788969e+23	1.368997e-56	4.696373e+01	3.861898e+23	7.274796e+18	3.812397e-57	1.269924e+23
7.140682e-08	1.136600e+24	1.812864e-56	7.862207e-13	5.031392e+23	6.133629e+22	5.048483e-57	3.616798e+23
7.841407e-08	3.842220e+23	2.400646e-56	2.808566e-32	6.472362e+23	2.728145e+23	6.685344e-57	2.928775e+23
8.610894e-08	2.048964e+22	3.179003e-56	2.059109e-56	1.640018e+24	8.443876e+23	8.923431e+13	3.628164e+23
9.455892e-08	3.734305e+24	4.209726e-56	2.726730e-56	1.037745e+24	8.744997e+23	1.172329e-56	5.949874e+23
1.038381e-07	5.375006e+24	5.574637e-56	3.610812e-56	1.332572e+24	5.003207e+23	1.552431e-56	5.215181e+23
1.140279e-07	3.820134e+24	7.382091e-56	4.781539e-56	3.472094e+24	4.940635e+23	2.055772e-56	1.259720e+24
1.252176e-07	1.647964e+23	9.775573e-56	6.331849e-56	1.673268e+25	3.340946e+23	2.722312e-56	2.678193e+24
1.375054e-07	1.840698e-13	1.294509e-55	8.384813e-56	3.106347e+25	1.115486e+21	3.604962e-56	4.997381e+24
1.509989e-07	5.041001e-12	1.714225e-55	1.110341e-55	6.833863e+24	7.204086e-56	4.773792e-56	1.521183e+21
1.658167e-07	1.077355e-11	2.270025e-55	1.470344e-55	9.169112e+23	9.539853e-56	6.321589e-56	3.242579e+19
1.820885e-07	1.239030e-11	3.006031e-55	1.947071e-55	1.210023e-55	1.263294e-55	8.371226e-56	5.426193e+03
1.999570e-07	5.745953e-11	3.980671e-55	2.578366e-55	1.602346e-55	1.672890e-55	1.111756e+15	1.335288e-55
2.195791e-07	1.006654e-10	5.271317e-55	3.414345e-55	2.121872e-55	2.215288e-55	1.467962e-55	1.768227e-55
2.411267e-07	2.434609e-11	6.980426e-55	4.521372e-55	2.809842e-55	2.933546e-55	1.943916e-55	2.341535e-55
2.647887e-07	1.204639e-11	9.243677e-55	5.987328e-55	3.720873e-55	3.884685e-55	2.574189e-55	3.100727e-55
2.907728e-07	3.398286e-11	1.224074e-54	7.928589e-55	4.927284e-55	5.144209e-55	3.408813e-55	4.106070e-55
3.193067e-07	7.858544e-55	1.620953e-54	1.049926e-54	6.524848e-55	6.812106e-55	4.514046e-55	5.437374e-55
3.506407e-07	1.040650e-54	2.146511e-54	1.390342e-54	8.640388e-55	9.020782e-55	5.964757e+15	7.200323e-55
3.850495e-07	1.378059e-54	2.842471e-54	1.841130e-54	1.144184e-54	1.194557e-54	7.915742e-55	9.534871e-55
4.228349e-07	1.824864e-54	3.764080e-54	2.438076e-54	1.515161e-54	1.581867e-54	1.040686e+16	1.262634e-54
4.643283e-07	2.416536e-54	4.984501e-54	3.228568e-54	2.006419e-54	2.094752e-54	1.388089e-54	1.672016e-54
5.098934e-07	3.200045e-54	6.600616e-54	4.275361e-54	2.656957e-54	2.773930e-54	1.838146e-54	2.214131e-54
5.599299e-07	4.237590e-54	8.740722e-54	5.661553e-54	3.518417e-54	3.673316e-54	2.434125e-54	2.932014e-54
6.148766e-07	5.611536e-54	1.157471e-53	7.497188e-54	4.659187e-54	4.864308e-54	3.223337e-54	3.882656e-54
6.752152e-07	7.430954e-54	1.532756e-53	9.927988e-54	6.169826e-54	6.441454e-54	4.268433e-54	5.141522e-54
7.414750e-07	9.840279e-54	2.029718e-53	1.314692e-53	8.170258e-54	8.529955e-54	5.652380e-54	6.808548e-54
8.142369e-07	1.303077e-53	2.687810e-53	1.740952e-53	1.081929e-53	1.129561e-53	7.485040e-54	9.016071e-54
8.941390e-07	1.725572e-53	3.559274e-53	2.305418e-53	1.432720e-53	1.495796e-53	9.911901e-54	1.193934e-53
9.818820e-07	2.285051e-53	4.713290e-53	3.052899e-53	1.897248e-53	1.980775e-53	3.500499e+18	1.581040e-53
1.078235e-06	3.025929e-53	6.241472e-53	4.042735e-53	2.512390e-53	2.622998e-53	4.612281e+18	2.093658e-53
1.184044e-06	4.007020e-53	8.265132e-53	5.353504e-53	3.326977e-53	3.473448e-53	1.212366e+19	2.772481e-53
1.300236e-06	5.306208e-53	1.094492e-52	7.089261e-53	4.405677e-53	4.599638e-53	1.589314e+19	3.671397e-53
1.427830e-06	7.026631e-53	1.449357e-52	9.387799e-53	5.834121e-53	6.090970e-53	4.036185e-53	4.861768e-53
1.567944e-06	9.304862e-53	1.919280e-52	1.243159e-52	7.725708e-53	8.065833e-53	5.344829e-53	6.438090e-53
1.721809e-06	1.232176e-52	2.541564e-52	1.646226e-52	1.023060e-52	1.068100e-52	6.679812e+20	8.525500e-53
1.890772e-06	1.631682e-52	3.365611e-52	2.179979e-52	1.354765e-52	1.414409e-52	1.742627e+21	1.128971e-52
2.076316e-06	2.160719e-52	4.456837e-52	2.886789e-52	1.794018e-52	1.873000e-52	1.241144e-52	1.495015e-52
2.280068e-06	2.861286e-52	5.901868e-52	3.822767e-52	2.375689e-52	2.480279e-52	2.763521e+22	1.979741e-52
2.503814e-06	3.788995e-52	7.815420e-52	5.062216e-52	3.145954e-52	3.284455e-52	1.207625e+22	2.621628e-52
2.749516e-06	5.017494e-52	1.034940e-51	6.703529e-52	4.165961e-52	4.349368e-52	1.596008e+23	4.836808e-37
3.019330e-06	6.644306e-52	1.370497e-51	5.990401e-37	5.516683e-52	5.759555e-52	1.040941e+24	4.597235e-52
3.315621e-06	8.798577e-52	1.814850e-51	1.175518e-51	2.210243e-36	2.307550e-36	5.372938e+24	6.087789e-52
3.640987e-06	1.601114e-36	2.403276e-51	4.709678e-36	9.673945e-52	1.009984e-51	7.008274e+24	3.213835e-37
3.998282e-06	1.542901e-51	3.182485e-51	2.061364e-51	2.852567e-36	5.315837e-36	5.284722e+25	1.067543e-51
4.390638e-06	4.415734e-36	6.042684e-36	1.084955e-35	1.696404e-51	1.771088e-51	6.893207e+25	4.309551e-36
4.821497e-06	3.879399e-36	5.580743e-51	3.614767e-51	1.126995e-35	1.176611e-35	7.674891e+26	1.872021e-51
5.294637e-06	3.582833e-51	7.390177e-51	4.786777e-51	2.974780e-51	3.105745e-51	3.419048e+27	1.527385e-35
5.814207e-06	1.885748e-35	9.786281e-51	6.338785e-51	2.427128e-35	2.533983e-35	2.725293e-51	3.282740e-51
6.384763e-06	3.151970e-35	1.295927e-50	8.393997e-51	5.216516e-51	5.446174e-51	1.703064e+28	1.207298e-35
7.011308e-06	8.319840e-51	1.716103e-50	1.111557e-50	6.907857e-51	7.211976e-51	5.356355e+28	5.756547e-51
7.699337e-06	1.101737e-50	2.272512e-50	1.471955e-50	9.147579e-51	9.550302e-51	1.400738e+29	7.622982e-51
8.454882e-06	1.458951e-50	3.009324e-50	1.949204e-50	5.714478e-35	9.513858e-35	3.123075e+29	7.593893e-35
9.284571e-06	1.931984e-50	3.985031e-50	1.217665e-34	1.604101e-50	1.674722e-50	1.109756e-50	7.796705e-35
1.019568e-05	1.924611e-34	5.277091e-50	3.418085e-50	1.893331e-34	1.976685e-34	3.937025e+29	1.770163e-50
1.119619e-05	3.019681e-34	6.988072e-50	1.085983e-35	2.936693e-34	3.065982e-34	1.054701e+30	2.447244e-34
1.229489e-05	1.076389e-35	9.253802e-50	5.993887e-50	1.738875e-34	3.267429e-34	1.472711e+30	3.761175e-34
1.350140e-05	1.016289e-35	1.225414e-49	7.267871e-35	3.957884e-35	5.149843e-50	1.818014e+30	2.375282e-34
1.482631e-05	6.609862e-34	1.622728e-49	1.051076e-49	6.452651e-34	6.736730e-34	1.949824e+30	8.346330e-35
1.628124e-05	1.726990e-34	2.148863e-49	1.391865e-49	6.052922e-34	6.319403e-34	1.896057e+30	1.151860e-33
1.787894e-05	3.411096e-34	2.845584e-49	1.843146e-49	3.857162e-34	4.026974e-34	1.651458e+30	1.267697e-33
1.963342e-05	6.151801e-34	3.768203e-49	2.440746e-49	6.598256e-34	6.888746e-34	1.270143e+30	1.239607e-33
2.156008e-05	2.419183e-49	4.989960e-49	3.232105e-49	1.090504e-33	2.097047e-49	9.035343e+29	9.087532e-34
2.367579e-05	3.203551e-49	6.607846e-49	4.280044e-49	2.659867e-49	2.776968e-49	4.481171e+29	1.312787e-37
2.599913e-05	4.242232e-49	8.750296e-49	5.667755e-49	3.522271e-49	3.677339e-49	1.867719e+29	2.935226e-49
2.855046e-05	3.667468e-34	1.158739e-48	4.899852e-34	3.045052e-34	3.179111e-34	3.226867e-49	3.076617e-33
3.135215e-05	1.018488e-33	1.534434e-48	1.360732e-33	8.456379e-34	8.828673e-34	2.335872e+28	7.046983e-34
3.442878e-05	2.123543e-33	2.031941e-48	2.837120e-33	1.763150e-33	1.840773e-33	7.499748e+27	1.469292e-33
3.780732e-05	3.938794e-33	2.690754e-48	5.262353e-33	3.270331e-33	3.414307e-33	9.451041e+26	2.725276e-33
4.151740e-05	1.727462e-48	3.563172e-48	2.307943e-48	5.691074e-33	5.941625e-33	9.922758e-49	4.742562e-33
4.559156e-05	9.076715e-33	4.718453e-48	3.056243e-48	9.514557e-33	9.933437e-33	2.283767e+26	7.928798e-33
5.006552e-05	1.517480e-32	6.248308e-48	4.047164e-48	1.547621e-32	1.615755e-32	2.823332e+25	1.289684e-32
5.497852e-05	4.011409e-48	8.274185e-48	5.359368e-48	2.467734e-32	2.576376e-32	2.186236e+24	2.056445e-32
6.037363e-05	5.312021e-48	1.095691e-47	7.097026e-48	4.410503e-48	4.604676e-48	3.051291e-48	3.230143e-32
6.629817e-05	7.034327e-48	1.450945e-47	9.398081e-48	5.840512e-48	6.097641e-48	4.040606e-48	5.014627e-32
7.280410e-05	9.315054e-48	1.921382e-47	1.244520e-47	7.734170e-48	8.074668e-48	5.350684e-48	6.445142e-48
7.994846e-05	1.233526e-47	2.544348e-47	1.648029e-47	1.024181e-47	1.069270e-47	7.085526e-48	8.534838e-48
8.779391e-05	1.633469e-47	3.369297e-47	2.182366e-47	1.356249e-47	1.415958e-47	9.382853e-48	1.130207e-47
9.640924e-05	2.163086e-47	4.461718e-47	2.889951e-47	1.795983e-47	1.875051e-47	1.242504e-47	1.496652e-47
1.058700e-04	2.864420e-47	5.908333e-47	3.826954e-47	2.378291e-47	2.482996e-47	1.645359e-47	1.981909e-47
