# number of size bins = 50
# 0:size [cm], masses (1:Al2O3, 2:Fe, 3:Fe3O4, 4:MgSiO3, 5:Mg2SiO4, 6:AC, 7:SiO2) [g]
1.000000e-07	1.889870e+23	0.000000e+00	0.000000e+00	0.000000e+00	0.000000e+00	5.761291e-36	1.906878e-12
1.151395e-07	0.000000e+00	0.000000e+00	2.363773e+24	0.000000e+00	0.000000e+00	0.000000e+00	0.000000e+00
1.325711e-07	0.000000e+00	0.000000e+00	0.000000e+00	0.000000e+00	0.000000e+00	3.549769e+01	0.000000e+00
1.526418e-07	4.259528e+07	0.000000e+00	3.206000e+23	0.000000e+00	0.000000e+00	0.000000e+00	0.000000e+00
1.757511e-07	4.166272e+23	0.000000e+00	0.000000e+00	0.000000e+00	8.423140e+16	0.000000e+00	0.000000e+00
2.023590e-07	0.000000e+00	0.000000e+00	6.796306e+23	0.000000e+00	0.000000e+00	0.000000e+00	0.000000e+00
2.329952e-07	0.000000e+00	0.000000e+00	0.000000e+00	0.000000e+00	0.000000e+00	5.759573e+22	0.000000e+00
2.682696e-07	0.000000e+00	0.000000e+00	2.606393e+24	0.000000e+00	0.000000e+00	1.226934e+24	0.000000e+00
3.088844e-07	0.000000e+00	0.000000e+00	3.625360e+24	0.000000e+00	5.053997e+00	0.000000e+00	1.428141e+23
3.556480e-07	0.000000e+00	0.000000e+00	2.107033e+25	0.000000e+00	1.594726e+01	4.335702e+24	7.368086e+23
4.094915e-07	1.700752e+21	0.000000e+00	5.692561e+25	0.000000e+00	6.635735e+16	1.262137e+25	0.000000e+00
4.714866e-07	3.633747e+24	0.000000e+00	4.070376e+25	4.445463e-02	1.336669e+22	3.620117e+24	1.580126e+24
5.428675e-07	2.777609e+25	0.000000e+00	9.002951e+25	0.000000e+00	1.533794e+17	7.505387e+25	2.932314e+24
6.250552e-07	5.268315e+23	0.000000e+00	2.374706e+26	0.000000e+00	6.937792e+20	4.336574e+25	4.098391e+24
7.196857e-07	2.040239e+24	0.000000e+00	5.264943e+26	0.000000e+00	5.178113e+18	1.282485e+26	2.022704e+25
8.286428e-07	1.529212e+05	0.000000e+00	1.759085e+27	0.000000e+00	4.092063e+18	4.102874e+26	2.844029e+24
9.540955e-07	1.861601e+26	0.000000e+00	2.464447e+27	0.000000e+00	2.269620e+16	4.019828e+25	5.541285e+25
1.098541e-06	2.028301e+23	0.000000e+00	4.164664e+27	2.088454e-19	1.558010e+11	4.172353e+26	1.403491e+26
1.264855e-06	1.173838e+28	0.000000e+00	9.812483e+27	0.000000e+00	1.569009e+19	4.484409e+25	8.796930e+25
1.456348e-06	9.311533e+27	0.000000e+00	1.517540e+28	1.185696e-01	6.163559e+12	6.530546e+26	2.428442e+26
1.676833e-06	5.774045e+27	0.000000e+00	3.143908e+28	0.000000e+00	1.598868e+19	2.031073e+27	6.663828e+26
1.930698e-06	2.808089e+27	0.000000e+00	5.307195e+27	4.273557e+00	1.115416e+21	2.144025e+27	6.588809e+26
2.222996e-06	1.020183e+27	0.000000e+00	0.000000e+00	0.000000e+00	3.731085e+20	3.980342e+26	1.859683e+27
2.559548e-06	3.664644e+26	0.000000e+00	1.010033e+28	1.399939e+00	9.516648e+20	1.115316e+28	5.483385e+27
2.947052e-06	2.643280e+25	0.000000e+00	0.000000e+00	0.000000e+00	6.828953e+20	5.093752e+27	6.990947e+27
3.393222e-06	2.986214e+24	0.000000e+00	0.000000e+00	0.000000e+00	8.357816e+20	1.520181e+27	6.579336e+27
3.906940e-06	7.583667e+23	0.000000e+00	2.541986e+28	0.000000e+00	1.052679e+21	2.280853e+26	8.074525e+27
4.498433e-06	3.107232e+01	0.000000e+00	3.594715e+28	0.000000e+00	3.220794e+18	1.415210e+25	1.212701e+28
5.179475e-06	0.000000e+00	0.000000e+00	1.375760e+28	0.000000e+00	4.963225e+18	8.981411e+23	3.764542e+27
5.963623e-06	6.424813e+17	0.000000e+00	0.000000e+00	0.000000e+00	1.319774e+19	3.884694e+21	8.520043e-31
6.866488e-06	5.936886e+12	0.000000e+00	0.000000e+00	1.661912e-06	2.585809e+26	2.541958e-24	1.577898e-30
7.906043e-06	9.286678e+02	0.000000e+00	0.000000e+00	1.101828e+03	6.044821e+26	0.000000e+00	2.264314e+28
9.102982e-06	0.000000e+00	0.000000e+00	0.000000e+00	1.098709e+03	5.543859e+24	6.084185e+06	1.484462e+28
1.048113e-05	0.000000e+00	0.000000e+00	0.000000e+00	0.000000e+00	1.771996e+18	4.114295e+00	4.138601e+27
1.206793e-05	0.000000e+00	0.000000e+00	0.000000e+00	0.000000e+00	1.340212e+16	0.000000e+00	0.000000e+00
1.389495e-05	0.000000e+00	0.000000e+00	0.000000e+00	0.000000e+00	5.657688e+16	0.000000e+00	0.000000e+00
1.599859e-05	0.000000e+00	0.000000e+00	0.000000e+00	0.000000e+00	2.478269e+16	0.000000e+00	0.000000e+00
1.842070e-05	0.000000e+00	0.000000e+00	0.000000e+00	0.000000e+00	1.055404e+15	0.000000e+00	0.000000e+00
2.120951e-05	0.000000e+00	0.000000e+00	0.000000e+00	0.000000e+00	5.693123e+11	0.000000e+00	0.000000e+00
2.442053e-05	0.000000e+00	0.000000e+00	0.000000e+00	0.000000e+00	1.696668e+12	0.000000e+00	2.240010e-22
2.811769e-05	0.000000e+00	0.000000e+00	0.000000e+00	1.453684e-22	4.469727e+08	0.000000e+00	4.291806e-22
3.237458e-05	0.000000e+00	0.000000e+00	3.539469e-22	1.215104e-21	2.841583e+08	0.000000e+00	0.000000e+00
3.727594e-05	0.000000e+00	0.000000e+00	2.859885e-21	0.000000e+00	0.000000e+00	0.000000e+00	0.000000e+00
4.291934e-05	5.601991e-34	1.251150e-21	0.000000e+00	0.000000e+00	0.000000e+00	1.298904e-33	0.000000e+00
4.941713e-05	7.855908e-33	9.073299e-21	0.000000e+00	0.000000e+00	0.000000e+00	4.862205e-33	0.000000e+00
5.689866e-05	8.800939e-21	0.000000e+00	0.000000e+00	0.000000e+00	0.000000e+00	7.647537e-33	0.000000e+00
6.551286e-05	0.000000e+00	0.000000e+00	0.000000e+00	0.000000e+00	0.000000e+00	8.323499e-21	0.000000e+00
7.543120e-05	0.000000e+00	0.000000e+00	0.000000e+00	0.000000e+00	0.000000e+00	0.000000e+00	0.000000e+00
8.685114e-05	0.000000e+00	0.000000e+00	0.000000e+00	0.000000e+00	0.000000e+00	0.000000e+00	0.000000e+00
1.000000e-04	0.000000e+00	0.000000e+00	0.000000e+00	0.000000e+00	0.000000e+00	0.000000e+00	0.000000e+00
