# number of size bins = 100
# 0:size [cm], masses (1:Al2O3, 2:Fe, 3:Fe3O4, 4:MgSiO3, 5:Mg2SiO4, 6:AC, 7:SiO2) [g]
1.000000e-07	3.407479e+24	2.325850e-40	7.372572e-38	1.852732e+19	1.139738e+25	1.930725e+21	1.424033e+10
1.052126e-07	1.904148e+24	5.798945e-56	3.644580e-29	3.753065e+19	3.618699e+25	1.408831e+21	3.624989e+08
1.106968e-07	1.433617e+24	6.753855e-56	9.482105e-29	4.689768e+19	3.162445e+25	4.431324e+20	7.238149e+06
1.164670e-07	3.902475e+24	7.866011e-56	1.136360e-28	3.561207e+19	3.850206e+25	2.476067e+21	1.034239e+05
1.225379e-07	2.309717e+24	9.161304e-56	5.933974e-56	1.530104e+18	7.329436e+25	1.451191e+21	1.357480e+03
1.289252e-07	3.901658e+24	1.066989e-55	7.058214e-38	5.332240e+14	8.875410e+24	1.843989e+21	3.246197e+01
1.356455e-07	3.158123e+24	1.242690e-55	1.521514e-37	1.122626e+17	7.996512e+24	1.770233e+17	1.484796e+00
1.427162e-07	3.170958e+24	1.447323e-55	5.527323e-28	5.825935e-56	6.082423e-56	4.628137e+13	5.892214e-08
1.501553e-07	4.674003e+24	1.685654e-55	4.671429e-28	2.016352e+17	1.303713e+24	1.390882e+10	5.970575e-19
1.579823e-07	1.008114e+25	1.963230e-55	1.821609e-28	1.115606e+17	2.171006e+23	8.711909e+20	7.572875e-24
1.662172e-07	3.047718e+24	2.286514e-55	2.596086e-28	2.883911e+17	1.327913e+25	2.451224e+21	3.264984e-29
1.748813e-07	1.636394e+24	2.663034e-55	1.627881e-18	3.241586e+15	1.119148e-55	8.538030e+21	8.932962e-56
1.839971e-07	5.413789e+24	3.101555e-55	1.686908e-18	5.339870e+14	1.303438e-55	2.476482e+21	1.040395e-55
1.935881e-07	5.010121e+24	3.612287e-55	2.271234e-18	1.530006e+17	9.146209e+24	1.025665e+21	1.211716e-55
2.036790e-07	8.684377e+24	4.207121e-55	1.957065e-18	7.418365e+16	1.009503e+25	4.984656e+23	1.411249e-55
2.142959e-07	2.553046e+24	4.899906e-55	1.469322e-27	1.972367e-55	1.474384e+25	3.486835e+21	1.643639e-55
2.254662e-07	3.062804e+23	5.706772e-55	5.939615e-18	7.982482e+16	6.371973e+24	5.481587e+22	1.914297e-55
2.372188e-07	1.224236e+25	6.646505e-55	5.600073e-08	9.491897e+16	1.481488e+25	1.152964e+22	2.229524e-55
2.495839e-07	9.976777e+24	7.740983e-55	1.098753e-17	3.115990e-55	4.096072e+25	2.155717e-55	2.596659e-55
2.625936e-07	1.010120e+25	9.015688e-55	1.257440e-07	5.159263e+16	3.788871e-55	6.504532e+21	3.024250e-55
2.762815e-07	4.227444e+24	1.050030e-54	5.001178e-18	2.147353e+17	2.732451e+25	1.699508e+22	3.522252e-55
2.906828e-07	9.424868e+24	1.222938e-54	6.897757e-08	1.816881e+16	1.349544e+25	3.405650e-55	4.102260e-55
3.058349e-07	4.498441e+24	1.424319e-54	6.719061e-08	2.378454e+16	5.889418e+25	3.966457e-55	4.777778e-55
3.217767e-07	2.662960e+24	1.658861e-54	1.745539e-07	2.206133e+16	8.798955e+25	1.386931e+23	5.564533e-55
3.385495e-07	1.086770e+24	1.932025e-54	1.907626e-07	1.992591e+17	5.609123e+25	7.304779e+22	6.480843e-55
3.561966e-07	4.302276e+24	2.250171e-54	5.719681e+03	4.247400e+16	1.337833e+26	1.728209e+23	7.548041e-55
3.747636e-07	4.084420e+23	2.620706e-54	6.827155e-08	1.019405e+17	1.109978e+26	5.547706e+24	8.790975e-55
3.942983e-07	1.896469e+24	3.052256e-54	5.554950e+03	6.331169e+16	2.022467e+26	2.675275e+23	1.023858e-54
4.148514e-07	7.421089e+23	3.554871e-54	7.658710e+03	8.362455e+16	1.607697e+26	9.514349e+22	1.192457e-54
4.364757e-07	1.022001e+24	4.140250e-54	6.771196e-08	6.582835e+16	2.306748e+26	5.347557e+24	1.388818e-54
4.592273e-07	1.069497e+24	4.822024e-54	2.515397e+03	3.675042e+16	2.364420e+26	1.686505e+23	1.617514e-54
4.831648e-07	7.862926e+23	5.616065e-54	3.637646e-54	5.023048e+16	2.630753e+26	4.533366e+23	1.883870e-54
5.083501e-07	7.050044e+23	6.540860e-54	4.236656e-54	4.360160e+16	3.640961e+26	1.898512e+23	2.194086e-54
5.348481e-07	5.312440e+23	7.617942e-54	4.934305e-54	2.201913e+16	2.866965e+26	6.725823e+23	2.555386e-54
5.627274e-07	3.149722e+23	8.872386e-54	5.746835e-54	1.669484e+16	2.735127e+26	1.910459e+24	2.976180e-54
5.920599e-07	1.441695e+23	1.033340e-53	6.693165e-54	1.304276e+16	2.479040e+26	1.014285e+25	3.466267e-54
6.229214e-07	4.151572e+22	1.203500e-53	7.795326e-54	7.103963e+15	2.213210e+26	1.523887e+25	4.037056e-54
6.553916e-07	8.759016e+21	1.401680e-53	9.078980e-54	2.552574e+15	1.464110e+26	2.607894e+24	4.701836e-54
6.895542e-07	1.695752e+21	1.632494e-53	1.057401e-53	1.070536e+15	8.913184e+25	4.161869e+24	5.476086e-54
7.254977e-07	3.566185e+20	1.901316e-53	1.231523e-53	6.029296e+13	6.285872e+25	4.127418e+25	6.377832e-54
7.633147e-07	2.899980e+19	2.214405e-53	1.434318e-53	6.873173e+13	9.895597e+24	6.697862e+24	7.428067e-54
8.031029e-07	1.250350e-53	2.579050e-53	1.670506e-53	2.394991e+12	1.083854e-53	3.901982e+24	8.651245e-54
8.449651e-07	1.456244e-53	3.003742e-53	1.945588e-53	1.209101e-53	1.262332e-53	4.727072e+25	1.007584e-53
8.890095e-07	1.696044e-53	3.498367e-53	2.265968e-53	1.408203e-53	1.470200e-53	5.249649e+25	1.173503e-53
9.353496e-07	1.975331e-53	4.074442e-53	2.639104e-53	1.640092e-53	1.712297e-53	1.169720e+26	1.366743e-53
9.841053e-07	2.300608e-53	4.745379e-53	3.073684e-53	1.910165e-53	1.994261e-53	5.220378e+25	1.591804e-53
1.035402e-06	2.679448e-53	5.526799e-53	3.579827e-53	2.224711e-53	2.322655e-53	1.658661e+26	1.853926e-53
1.089373e-06	3.120672e-53	6.436895e-53	4.169316e-53	2.591054e-53	2.705126e-53	9.568281e+25	2.159212e-53
1.146158e-06	3.634552e-53	7.496857e-53	4.855875e-53	3.017722e-53	3.150578e-53	1.519356e+26	2.514768e-53
1.205902e-06	4.233053e-53	8.731362e-53	5.655491e-53	3.514649e-53	3.669382e-53	1.598634e+26	2.928874e-53
1.268760e-06	4.930108e-53	1.016915e-52	6.586779e-53	4.093406e-53	4.273618e-53	1.215260e+26	3.411171e-53
1.334895e-06	5.741947e-53	1.184370e-52	7.671421e-53	4.767465e-53	4.977354e-53	2.407420e+26	3.972888e-53
1.404477e-06	6.687472e-53	1.379400e-52	8.934672e-53	5.552522e-53	5.796973e-53	5.893992e+25	4.627102e-53
1.477686e-06	7.788696e-53	1.606546e-52	1.040594e-52	6.466854e-53	6.751559e-53	9.707291e+25	5.389045e-53
1.554712e-06	9.071258e-53	1.871095e-52	1.211948e-52	7.531749e-53	7.863336e-53	7.954962e+25	6.276458e-53
1.635752e-06	1.056502e-52	2.179208e-52	1.411520e-52	8.772000e-53	9.158189e-53	1.839060e+26	7.310000e-53
1.721017e-06	1.230476e-52	2.538057e-52	1.643954e-52	1.021648e-52	1.066626e-52	3.172518e+26	8.513736e-53
1.810726e-06	1.433098e-52	2.955998e-52	1.914664e-52	1.189883e-52	1.242268e-52	2.058375e+26	9.915690e-53
1.905111e-06	1.669086e-52	3.442761e-52	2.229951e-52	1.385820e-52	1.446831e-52	1.940112e+26	1.154850e-52
2.004416e-06	1.943933e-52	4.009680e-52	2.597156e-52	1.614023e-52	1.685081e-52	4.451338e+26	1.345019e-52
2.108897e-06	2.264040e-52	4.669952e-52	3.024829e-52	1.879804e-52	1.962562e-52	2.117960e+26	1.566503e-52
2.218825e-06	2.636859e-52	5.438952e-52	3.522926e-52	2.189350e-52	2.285737e-52	2.899578e+26	1.824459e-52
2.334482e-06	3.071070e-52	6.334582e-52	4.103045e-52	2.549870e-52	2.662128e-52	4.423807e+26	2.124892e-52
2.456169e-06	3.576782e-52	7.377696e-52	4.778693e-52	2.969756e-52	3.100500e-52	1.610665e+26	2.474797e-52
2.584198e-06	4.165769e-52	8.592579e-52	5.565598e-52	3.458785e-52	3.611059e-52	4.607868e+26	2.882321e-52
2.718901e-06	4.851745e-52	1.000752e-51	6.482084e-52	4.028342e-52	4.205690e-52	2.325002e+26	3.356952e-52
2.860625e-06	5.650681e-52	1.165545e-51	7.549486e-52	4.691688e-52	4.898240e-52	2.909162e+26	3.909740e-52
3.009737e-06	6.581176e-52	1.357475e-51	8.792658e-52	5.464267e-52	5.704832e-52	9.535279e+25	4.553555e-52
3.166621e-06	7.664897e-52	1.581010e-51	1.024054e-51	6.364066e-52	6.644245e-52	3.265226e+26	5.303388e-52
3.331683e-06	8.927073e-52	1.841354e-51	1.192685e-51	7.412034e-52	7.738350e-52	1.648584e+26	6.176695e-52
3.505349e-06	1.039709e-51	2.144570e-51	1.389084e-51	8.632572e-52	9.012622e-52	1.128955e+26	7.193810e-52
3.688068e-06	1.210918e-51	2.497715e-51	1.617824e-51	1.005409e-51	1.049673e-51	1.512443e+26	8.378412e-52
3.880311e-06	1.410319e-51	2.909013e-51	1.884230e-51	1.170970e-51	1.222522e-51	3.621429e+25	9.758082e-52
4.082574e-06	1.642556e-51	3.388040e-51	2.194506e-51	1.363793e-51	1.423834e-51	9.233642e+25	1.136494e-51
4.295381e-06	1.913035e-51	3.945947e-51	2.555875e-51	1.588369e-51	1.658297e-51	1.291829e+25	1.323640e-51
4.519280e-06	2.228054e-51	4.595725e-51	2.976750e-51	1.849925e-51	1.931368e-51	4.423692e+25	1.541604e-51
4.754850e-06	2.594947e-51	5.352501e-51	3.466930e-51	2.154551e-51	2.249406e-51	2.610191e+25	1.795459e-51
5.002700e-06	3.022256e-51	6.233896e-51	4.037829e-51	2.509340e-51	2.619815e-51	3.871886e+24	2.091117e-51
5.263469e-06	3.519930e-51	7.260430e-51	4.702737e-51	2.922553e-51	3.051219e-51	7.365718e+24	2.435461e-51
5.537830e-06	4.099556e-51	8.456002e-51	5.477135e-51	3.403809e-51	3.553662e-51	3.616234e+24	2.836507e-51
5.826493e-06	4.774628e-51	9.848450e-51	6.379053e-51	3.964313e-51	4.138842e-51	1.197915e+24	3.303594e-51
6.130202e-06	5.560865e-51	1.147019e-50	7.429489e-51	4.617115e-51	4.820384e-51	1.614211e+23	3.847596e-51
6.449743e-06	6.476570e-51	1.335898e-50	8.652901e-51	5.377414e-51	5.614155e-51	1.718298e+22	4.481178e-51
6.785940e-06	7.543065e-51	1.555880e-50	1.007777e-50	6.262911e-51	6.538636e-51	4.890965e+22	5.219092e-51
7.139661e-06	8.785179e-51	1.812087e-50	1.173727e-50	7.294222e-51	7.615351e-51	1.147679e+22	6.078518e-51
7.511820e-06	1.023183e-50	2.110482e-50	1.367005e-50	8.495359e-51	8.869369e-51	1.462953e+21	7.079466e-51
7.903378e-06	1.191670e-50	2.458015e-50	1.592109e-50	9.894287e-51	1.032988e-50	1.236009e+20	8.245239e-51
8.315346e-06	1.387902e-50	2.862775e-50	1.854281e-50	1.152358e-50	1.203090e-50	2.531413e+19	9.602980e-51
8.748789e-06	1.616448e-50	3.334188e-50	2.159625e-50	1.342116e-50	1.401203e-50	1.558438e+18	1.118430e-50
9.204825e-06	1.882628e-50	3.883227e-50	2.515250e-50	1.563122e-50	1.631939e-50	3.038679e+17	1.302602e-50
9.684632e-06	2.192640e-50	4.522677e-50	2.929435e-50	1.820521e-50	1.900669e-50	9.908603e+15	1.517101e-50
1.018945e-05	2.553701e-50	5.267425e-50	3.411824e-50	2.120305e-50	2.213652e-50	1.700453e+13	1.766921e-50
1.072058e-05	2.974218e-50	6.134810e-50	3.973648e-50	2.469455e-50	2.578173e-50	1.666102e+11	2.057879e-50
1.127940e-05	3.463982e-50	7.145027e-50	4.627988e-50	7.150205e-24	1.489266e-23	4.049248e+08	2.359635e-23
1.186734e-05	4.034394e-50	8.321597e-50	3.993294e-23	2.465071e-23	1.708519e-23	2.317407e-50	2.791422e-50
1.248594e-05	4.698737e-50	2.409484e-23	6.277659e-50	3.901301e-50	4.073056e-50	9.777297e+00	3.251084e-50
1.313677e-05	5.387732e-23	1.128788e-49	7.311400e-50	4.543727e-50	4.743765e-50	3.143459e-50	3.786439e-50
1.382153e-05	6.373627e-50	1.314665e-49	8.515365e-50	5.291941e-50	5.524920e-50	3.661091e-50	4.409951e-50
1.454199e-05	7.423170e-50	1.531150e-49	9.917588e-50	6.163363e-50	6.434706e-50	4.263962e-50	5.136136e-50
1.530000e-05	8.645541e-50	1.783284e-49	1.155071e-49	7.178282e-50	7.494307e-50	4.966107e-50	5.981902e-50
